payment_jakarta_date,property_country_name,property_city_name,orders
2023-02-17,Brunei,Gadong,2
2023-10-23,Oman,A Seeb,1
2023-03-26,Maldives,Malé,1
2023-02-04,Singapore,Singapore,147
2023-06-09,Sweden,Sigtuna,1
2023-02-18,Singapore,Singapore,111
2023-02-27,Singapore,Singapore,94
2023-06-03,Singapore,Singapore,154
2023-07-23,Brazil,São Paulo,1
2023-05-09,Austria,Wien,1
2023-10-20,Brunei,Sengkurong,1
2023-07-11,Sri Lanka,Thimbirigasyaya,1
2023-04-25,Singapore,Singapore,154
2023-09-22,N/A,N/A,3
2023-08-15,Singapore,Singapore,156
2023-04-10,Brunei,Berakas A,1
2023-10-04,Spain,Barcelona,1
2023-03-17,Spain,Barcelona,1
2023-10-18,Norway,Oslo,1
2023-05-30,Portugal,Vila Nova de Gaia,1
2023-08-14,Laos,Chanthabuly,1
2023-03-06,Singapore,Singapore,274
2023-08-17,Greece,Attica,1
2023-09-23,Austria,Liezen,1
2023-04-20,Czech Republic,Praha 1,1
2023-02-06,Spain,Baleares,1
2023-08-10,Maldives,Malé,3
2023-10-28,Austria,Gmunden,1
2023-08-26,Austria,Wien,1
2023-08-26,Maldives,Maafushi Island,1
2023-04-21,Spain,Barcelona,2
2023-07-19,Maldives,Malé,1
2023-01-21,Austria,Wien,1
2023-04-19,Greece,Attica,1
2023-04-19,Uzbekistan,Tashkent City,1
2023-05-26,Spain,Barcelona,1
2023-09-15,Belgium,Bruxelles,1
2023-11-16,Belgium,Antwerpen,1
2023-10-07,Poland,Warsaw,1
2023-05-21,Maldives,Malé,1
2023-10-08,Spain,Barcelona,1
2023-09-25,Iceland,Reykjavík,1
2023-09-14,Austria,Salzburg,1
2023-05-24,Georgia,Tbilisi,6
2023-11-01,Norway,Oslo,1
2023-09-27,Brunei,Kianggeh,1
2023-09-27,Kenya,Dagoretti North,1
2023-10-05,Singapore,Singapore,216
2023-11-12,Tunisia,Sousse Médina,1
2023-08-06,Austria,Innsbruck,1
2023-01-18,Austria,Innsbruck,2
2023-06-11,Hungary,Budapesti,2
2023-05-05,Czech Republic,Praha 6,1
2023-05-19,Belgium,Bruxelles,1
2023-11-09,Sri Lanka,Colombo,1
2023-11-09,Morocco,Marrakech,1
2023-01-16,Bangladesh,Dhaka,1
2023-09-06,Finland,Lapland,1
2023-09-05,Brazil,São Paulo,1
2023-05-03,Singapore,Singapore,207
2023-01-27,Belgium,Bruxelles,1
2023-05-03,Czech Republic,Praha 1,1
2023-08-21,Belgium,Bruxelles,1
2023-02-01,Romania,Municipiul Bucuresti,1
2023-02-05,Brunei,Kianggeh,1
2023-06-08,Laos,Louangphrabang,1
2023-07-26,Austria,Salzburg,1
2023-10-31,Maldives,Malé,2
2023-10-31,Norway,Bergen,1
2023-02-28,Spain,Barcelona,1
2023-08-31,Singapore,Singapore,195
2023-08-01,Austria,Wien,6
2023-03-04,Singapore,Singapore,288
2023-11-10,Slovakia,Bratislava I,1
2023-03-02,Egypt,Heliopolis,2
2023-10-19,Spain,Barcelona,1
2023-04-12,Qatar,N/A,1
2023-10-02,Singapore,Singapore,197
2023-08-10,Singapore,Singapore,228
2023-03-13,Poland,Warsaw,1
2023-07-03,Spain,Barcelona,1
2023-10-14,Singapore,Singapore,217
2023-11-21,Czech Republic,Praha 4,1
2023-10-25,Spain,Barcelona,1
2023-04-22,Singapore,Singapore,168
2023-04-21,Czech Republic,Brno,1
2023-01-20,Hungary,Szeged,1
2023-09-04,Maldives,Maafushi Island,1
2023-11-03,Czech Republic,Praha 2,1
2023-11-03,Iceland,Reykjanesbær,1
2023-05-13,Maldives,Malé,1
2023-09-11,Maldives,Malé,1
2023-09-14,Singapore,Singapore,185
2023-05-24,Finland,Lapland,2
2023-09-27,Maldives,Malé,1
2023-10-05,Brunei,Gadong,1
2023-06-13,Nepal,Bagmati,1
2023-11-12,Qatar,N/A,1
2023-09-13,Spain,A Coruña,1
2023-05-22,Norway,Stavanger,1
2023-05-05,Singapore,Singapore,195
2023-01-18,Laos,Chanthabuly,1
2023-10-30,Austria,Salzburg,1
2023-05-05,Laos,Sikhottabong,1
2023-03-31,Austria,Salzburg,1
2023-06-29,Spain,Barcelona,1
2023-06-28,Oman,A Seeb,1
2023-05-15,Brunei,Berakas A,1
2023-05-04,Singapore,Singapore,203
2023-11-08,Qatar,N/A,1
2023-07-28,Spain,Sevilla,1
2023-02-02,Myanmar,Yangon-E,1
2023-02-04,Brunei,Kianggeh,1
2023-07-29,Singapore,Singapore,125
2023-02-03,Singapore,Singapore,257
2023-06-03,Kuwait,N/A,1
2023-08-30,Spain,Barcelona,1
2023-01-19,Singapore,Singapore,233
2023-01-04,Norway,Oslo,1
2023-01-08,Singapore,Singapore,99
2023-02-28,Hungary,Budapesti,1
2023-09-10,Morocco,Marrakech,1
2023-04-23,Serbia,Novi Beograd,1
2023-11-11,Singapore,Singapore,320
2023-10-01,Spain,Badajoz,1
2023-09-24,Czech Republic,Praha 2,1
2023-10-16,Maldives,Malé,2
2023-10-13,Poland,Środa Śląska,1
2023-04-20,Spain,Barcelona,2
2023-11-20,Denmark,Copenhagen,1
2023-10-14,Austria,Salzburg,1
2023-10-14,Belgium,Antwerpen,1
2023-03-12,Brunei,Gadong,2
2023-10-25,Portugal,Ourém,1
2023-10-26,Brunei,Kianggeh,1
2023-11-04,Spain,Madrid,1
2023-11-19,Tunisia,Hammamet,1
2023-09-16,Czech Republic,Praha 7,1
2023-08-09,Brunei,Berakas A,1
2023-05-10,Austria,Wien,1
2023-09-04,Qatar,N/A,1
2023-11-03,Norway,Hamar,4
2023-01-23,Laos,Chanthabuly,1
2023-11-17,Sweden,Sigtuna,1
2023-11-18,Luxembourg,Esch-sur-Alzette,1
2023-05-21,Spain,Barcelona,1
2023-11-01,Singapore,Singapore,360
2023-10-08,Sri Lanka,Thimbirigasyaya,1
2023-11-15,Belgium,Antwerpen,1
2023-11-15,Singapore,Singapore,286
2023-10-06,Greece,East Macedonia and Thrace,1
2023-11-12,Poland,Bydgoszcz City,1
2023-08-06,Poland,Warsaw,1
2023-02-10,Brunei,Kianggeh,1
2023-03-31,Austria,Innsbruck,1
2023-06-29,Maldives,Malé,1
2023-06-12,Qatar,N/A,4
2023-06-14,Oman,Bausher,1
2023-07-20,Maldives,Maafushi Island,2
2023-05-07,Singapore,Singapore,133
2023-05-07,Jordan,Amman,2
2023-05-07,Austria,Dornbirn,1
2023-01-03,Spain,Valencia,1
2023-01-16,Myanmar,Yangon-W,1
2023-11-07,Iceland,Reykjavík,1
2023-09-08,Spain,Madrid,1
2023-09-07,Bangladesh,Dhaka,1
2023-06-07,Qatar,N/A,1
2023-03-23,Uzbekistan,Oqdaryo,1
2023-10-10,Sri Lanka,Thimbirigasyaya,1
2023-02-18,Spain,Barcelona,1
2023-07-01,Hungary,Budapesti,1
2023-06-08,Oman,A Seeb,1
2023-02-26,Spain,Barcelona,1
2023-01-19,Denmark,Copenhagen,1
2023-06-02,Brunei,Berakas A,3
2023-10-20,Fiji,Ba,1
2023-10-20,Singapore,Singapore,233
2023-06-05,Poland,Warsaw,1
2023-01-07,Singapore,Singapore,123
2023-07-11,Chile,Santiago,1
2023-07-25,Czech Republic,Praha 10,1
2023-08-29,Sri Lanka,Katana,1
2023-08-14,Morocco,Fès,1
2023-03-02,Belgium,Bruxelles,1
2023-10-15,Spain,Barcelona,1
2023-10-15,Sweden,Stockholm,2
2023-10-16,Oman,A Seeb,1
2023-10-16,Singapore,Singapore,235
2023-03-05,Spain,Madrid,1
2023-03-05,Myanmar,Yangon-W,1
2023-11-20,Czech Republic,Praha 7,1
2023-08-10,Brunei,Berakas A,1
2023-10-28,Maldives,Malé,1
2023-11-21,Singapore,Singapore,283
2023-10-25,Austria,Wien,1
2023-10-11,Sri Lanka,Dambulla,1
2023-02-09,Singapore,Singapore,235
2023-08-27,Singapore,Singapore,173
2023-10-26,Iceland,Fjarðabyggð,1
2023-03-01,Brunei,Kianggeh,2
2023-07-05,Oman,A Seeb,1
2023-11-19,Singapore,Singapore,199
2023-11-05,Oman,A Seeb,1
2023-04-07,Portugal,Porto,1
2023-06-20,Singapore,Singapore,751
2023-11-18,Jordan,Wadi Musa,1
2023-09-17,Mexico,Juárez,1
2023-10-07,Pakistan,Lahore,1
2023-10-08,Norway,Oslo,1
2023-05-20,Singapore,Singapore,150
2023-05-20,Brunei,Berakas A,1
2023-04-28,Laos,Chanthabuly,1
2023-08-04,Singapore,Singapore,248
2023-09-28,Qatar,N/A,3
2023-09-28,Oman,A Seeb,1
2023-11-13,Egypt,An-Nuzhah,1
2023-04-17,Singapore,Singapore,175
2023-04-17,Brunei,Kianggeh,1
2023-09-14,Sri Lanka,Colombo,1
2023-05-24,Slovakia,Bratislava II,9
2023-05-24,Maldives,Maafushi Island,1
2023-09-13,Poland,Warsaw,1
2023-02-21,Qatar,N/A,1
2023-06-12,Portugal,Braga,1
2023-02-21,Laos,Chanthabuly,2
2023-06-26,N/A,N/A,1
2023-06-28,Spain,Barcelona,1
2023-07-21,Fiji,Nadroga/Navosa,1
2023-05-03,Hungary,Budapesti,2
2023-09-08,Belgium,Vlaams Brabant,1
2023-02-02,Czech Republic,Praha 1,1
2023-01-09,Sweden,Stockholm,1
2023-08-23,Singapore,Singapore,176
2023-07-02,Brunei,Gadong,1
2023-03-26,Sweden,Stockholm,1
2023-03-11,Spain,Barcelona,1
2023-08-22,Singapore,Singapore,140
2023-08-22,Kenya,Westlands,1
2023-10-22,Singapore,Singapore,170
2023-02-03,Nepal,Bagmati,1
2023-01-06,Chile,Santiago,1
2023-06-19,Austria,Gmunden,1
2023-10-31,Singapore,Singapore,369
2023-01-07,Myanmar,Yangon-E,1
2023-03-03,Czech Republic,Praha 8,1
2023-05-31,Georgia,Tbilisi,1
2023-10-04,Peru,Ica,1
2023-10-18,Sweden,Stockholm,1
2023-05-30,Ireland,N/A,1
2023-10-15,Norway,Oslo,3
2023-09-24,Spain,Barcelona,1
2023-04-12,Austria,Wien,2
2023-04-26,Spain,Barcelona,2
2023-07-04,Singapore,Singapore,217
2023-08-25,Belgium,Namur,1
2023-08-25,Finland,Uusimaa,1
2023-08-10,Sweden,Sigtuna,1
2023-08-12,Laos,Sisattanak,1
2023-02-08,Singapore,Singapore,196
2023-04-18,Denmark,Copenhagen,1
2023-05-10,Singapore,Singapore,250
2023-04-07,Jordan,Wadi Essier,1
2023-05-28,Brazil,São Paulo,1
2023-11-03,Belgium,Bruxelles,1
2023-06-20,Brazil,São Paulo,1
2023-11-18,Mexico,Tijuana,1
2023-09-19,Portugal,Lisboa,1
2023-09-19,Maldives,Maafushi Island,1
2023-09-03,Austria,Wien,1
2023-05-12,Sri Lanka,Colombo,1
2023-11-14,Qatar,N/A,1
2023-11-14,Singapore,Singapore,236
2023-03-08,Qatar,N/A,1
2023-08-19,Uruguay,n.a354,1
2023-04-14,Romania,Municipiul Bucuresti,1
2023-09-25,N/A,N/A,3
2023-05-06,Belgium,Bruxelles,1
2023-05-22,Kuwait,N/A,1
2023-10-30,Maldives,Malé,1
2023-06-29,Oman,Bausher,1
2023-06-12,Spain,Barcelona,1
2023-06-12,Austria,Innsbruck,1
2023-11-09,Singapore,Singapore,313
2023-11-09,Spain,Barcelona,1
2023-05-18,Spain,Barcelona,2
2023-01-12,Spain,Barcelona,2
2023-02-17,Singapore,Singapore,142
2023-10-23,Maldives,Malé,1
2023-08-20,Maldives,Malé,1
2023-08-20,Czech Republic,Praha 1,1
2023-01-09,Brunei,Gadong,1
2023-02-05,Myanmar,Yangon-E,1
2023-07-29,Spain,Barcelona,2
2023-06-08,Sweden,Mölndal,2
2023-02-03,Bangladesh,Dhaka,1
2023-10-20,Spain,Barcelona,2
2023-10-31,Spain,Madrid,1
2023-02-28,Azerbaijan,Bakı,1
2023-08-31,Portugal,Lisboa,1
2023-10-17,Bulgaria,Veliko Tarnovo,1
2023-09-22,Singapore,Singapore,205
2023-10-03,Bangladesh,Dhaka,1
2023-08-29,Romania,Cluj-napoca,1
2023-07-07,Poland,Warsaw,1
2023-03-02,Greece,South Aegean,1
2023-03-02,Pakistan,Lahore,1
2023-09-10,Austria,Salzburg,4
2023-10-29,Austria,Salzburg,1
2023-10-29,Spain,Barcelona,2
2023-10-01,Myanmar,Myingyan,1
2023-09-24,Czech Republic,Praha 1,1
2023-09-23,Myanmar,Yangon-E,1
2023-08-11,Nepal,Bagmati,1
2023-03-27,Qatar,N/A,1
2023-11-21,Tunisia,Hammamet,1
2023-10-25,Portugal,Lisboa,1
2023-09-20,Spain,Barcelona,3
2023-09-30,Fiji,Ba,2
2023-03-15,Hungary,Budapesti,1
2023-04-22,Brazil,São Paulo,1
2023-03-29,Singapore,Singapore,166
2023-10-12,Croatia,Zagreb,1
2023-05-25,Qatar,N/A,1
2023-01-20,Spain,Sevilla,1
2023-09-15,Czech Republic,Praha 6,1
2023-05-10,Nepal,Bagmati,1
2023-05-14,Spain,Madrid,1
2023-09-19,Denmark,Copenhagen,4
2023-05-12,Laos,Chomphet,1
2023-10-08,Spain,Madrid,1
2023-10-08,Brunei,Kianggeh,1
2023-01-31,Norway,Aurland,1
2023-03-07,Czech Republic,Praha 10,1
2023-08-18,Oman,Bausher,3
2023-05-23,Brunei,Berakas A,1
2023-04-02,Spain,Barcelona,1
2023-02-21,Norway,Bergen,2
2023-05-02,Singapore,Singapore,189
2023-07-20,Poland,Kraków City,1
2023-09-09,Nepal,Bagmati,1
2023-01-02,Spain,Granada,1
2023-01-10,Myanmar,Yangon-W,1
2023-01-25,Singapore,Singapore,277
2023-02-24,Brunei,Kianggeh,2
2023-01-28,Czech Republic,Olomouc,1
2023-06-22,Singapore,Singapore,420
2023-06-22,Denmark,Copenhagen,1
2023-11-07,Laos,Louangphrabang,2
2023-09-07,Spain,Barcelona,2
2023-07-30,Czech Republic,Praha 1,1
2023-05-03,Brunei,Berakas A,1
2023-02-17,Laos,Vangvieng,1
2023-03-23,Jordan,Wadi Essier,1
2023-02-05,Spain,Barcelona,1
2023-02-04,Brunei,Berakas A,1
2023-08-22,Czech Republic,Praha 6,1
2023-02-18,Spain,Madrid,1
2023-07-24,Chile,Santiago,2
2023-05-09,Myanmar,Yangon-W,1
2023-10-20,Brunei,Kianggeh,1
2023-07-12,Myanmar,Yangon-W,1
2023-10-31,Czech Republic,Praha 1,3
2023-02-14,Bulgaria,Stolichna,1
2023-06-04,Singapore,Singapore,146
2023-03-20,Oman,Bausher,2
2023-10-17,Nepal,Bagmati,1
2023-10-03,Spain,Barcelona,1
2023-05-31,Singapore,Singapore,175
2023-05-31,Laos,Chanthabuly,3
2023-03-03,Bangladesh,Chittagong,1
2023-09-21,Greece,Attica,1
2023-08-14,Lebanon,Beirut,1
2023-03-02,Slovakia,Bratislava I,1
2023-04-23,Brunei,Kianggeh,1
2023-03-06,Bangladesh,Dhaka,1
2023-10-15,Sri Lanka,Colombo,1
2023-08-03,Laos,Chanthabuly,1
2023-08-02,Maldives,Maafushi Island,2
2023-07-04,Spain,Barcelona,1
2023-08-25,Poland,Warsaw,1
2023-03-12,Norway,Trondheim,1
2023-03-16,Austria,Wien,1
2023-10-25,Czech Republic,Praha 2,1
2023-10-11,Maldives,Malé,1
2023-08-13,Belgium,Antwerpen,1
2023-03-01,Austria,Wien,1
2023-02-08,Hungary,Budapesti,2
2023-04-21,Finland,Uusimaa,1
2023-11-04,Sri Lanka,Colombo,1
2023-11-04,Poland,Katowice City,1
2023-11-19,Brazil,Rio de Janeiro,1
2023-04-19,Egypt,'Abdin,1
2023-09-29,Spain,Tarragona,1
2023-11-05,Kosovo,Priština,1
2023-11-03,Singapore,Singapore,489
2023-11-03,Laos,Chanthabuly,1
2023-09-19,Spain,Murcia,1
2023-04-15,Singapore,Singapore,196
2023-05-21,Oman,A Seeb,2
2023-04-28,Austria,Innsbruck,2
2023-04-28,Spain,Barcelona,1
2023-11-15,Hungary,Budapesti,1
2023-03-07,Singapore,Singapore,312
2023-04-13,Austria,Wien,1
2023-09-28,Maldives,N/A,1
2023-11-13,Sri Lanka,Thimbirigasyaya,1
2023-05-24,Morocco,Fès,1
2023-11-01,Portugal,Cascais,1
2023-03-09,Myanmar,Yangon-E,1
2023-02-22,Brunei,Gadong,2
2023-08-06,Chile,Valparaíso,1
2023-04-16,Myanmar,Yangon-W,1
2023-06-14,Greece,Attica,1
2023-06-28,Austria,Wien,1
2023-04-08,Austria,Wien,2
2023-11-09,Austria,Salzburg,1
2023-01-10,Norway,Oslo,1
2023-09-05,Laos,Chanthabuly,1
2023-05-18,Finland,Lapland,1
2023-11-07,Maldives,Malé,2
2023-07-31,Poland,Warsaw,1
2023-09-07,Maldives,Malé,1
2023-11-08,Norway,Oslo,1
2023-11-08,Czech Republic,Praha 8,1
2023-01-26,Maldives,Malé,1
2023-10-23,Nigeria,Kosofe,1
2023-10-24,Pakistan,Karachi,1
2023-10-24,Denmark,Copenhagen,2
2023-03-26,Austria,Wien,1
2023-06-03,Austria,Salzburg,1
2023-02-25,Israel,N/A,1
2023-10-31,Brunei,Kianggeh,1
2023-10-31,Austria,Innsbruck,1
2023-07-25,Czech Republic,Praha 8,1
2023-02-13,Brunei,Gadong,1
2023-10-03,Brunei,Gadong,1
2023-09-22,Oman,Bausher,1
2023-04-10,Egypt,Ancient Cairo,1
2023-11-10,Singapore,Singapore,313
2023-05-30,Nepal,Gandaki,1
2023-08-14,Singapore,Singapore,142
2023-11-11,Belgium,Bruxelles,1
2023-11-11,Tunisia,Sousse Médina,1
2023-10-15,Austria,Bregenz,1
2023-10-15,Finland,Uusimaa,3
2023-10-16,Denmark,Copenhagen,2
2023-03-05,Qatar,N/A,1
2023-08-25,Belgium,Limburg,1
2023-10-28,Belgium,Bruxelles,1
2023-08-24,Kenya,Westlands,1
2023-02-09,Brazil,São Paulo,1
2023-03-01,Norway,Bergen,2
2023-07-19,Czech Republic,Praha 7,1
2023-08-09,Pakistan,Lahore,1
2023-11-03,Kenya,Dagoretti North,2
2023-09-03,Belgium,Bruxelles,1
2023-10-08,Finland,Uusimaa,1
2023-04-29,Spain,Madrid,1
2023-08-07,Brunei,Sengkurong,1
2023-08-07,Spain,Barcelona,2
2023-08-06,Poland,Lublin City,1
2023-01-18,Belgium,Bruxelles,2
2023-06-11,Latvia,Riga,1
2023-02-10,Spain,Barcelona,1
2023-02-10,Laos,Chanthabuly,1
2023-05-08,Myanmar,Yangon-E,1
2023-06-14,Ghana,Accra,1
2023-04-09,Azerbaijan,Bakı,1
2023-06-23,Singapore,Singapore,311
2023-06-23,Sweden,Uppsala,1
2023-03-30,Singapore,Singapore,163
2023-02-23,Brazil,São Paulo,1
2023-04-08,Brazil,Salvador,2
2023-09-09,Bangladesh,Dhaka,1
2023-09-09,Fiji,Ba,1
2023-01-13,Oman,A Seeb,1
2023-05-18,Poland,Warsaw,1
2023-05-04,Greece,Attica,1
2023-05-04,Qatar,N/A,1
2023-07-30,Maldives,Malé,1
2023-10-23,Belgium,Luxembourg,1
2023-02-02,Spain,Barcelona,1
2023-10-24,Belgium,Bruxelles,1
2023-01-09,Brunei,Kianggeh,1
2023-07-27,Singapore,Singapore,159
2023-08-23,Uzbekistan,Tashkent City,1
2023-06-09,Austria,Wien,1
2023-08-22,Pakistan,Islamabad,1
2023-01-05,Austria,Salzburg,2
2023-05-09,Portugal,Lisboa,1
2023-05-09,Portugal,Ourém,1
2023-07-12,Spain,Sevilla,1
2023-07-26,Brunei,Berakas A,1
2023-02-14,Nepal,Bagmati,1
2023-10-17,Austria,Salzburg,1
2023-08-29,Singapore,Singapore,188
2023-09-21,Maldives,Maafushi Island,1
2023-09-21,Finland,Northern Ostrobothnia,1
2023-08-14,Spain,Barcelona,1
2023-10-29,Singapore,Singapore,263
2023-10-01,Egypt,Nasr City 1,2
2023-08-25,Belgium,Bruxelles,2
2023-10-28,Sri Lanka,Colombo,1
2023-07-17,Oman,A Seeb,1
2023-07-17,Laos,Chomphet,1
2023-10-26,Singapore,Singapore,367
2023-02-08,Greece,Attica,1
2023-10-12,Maldives,Malé,2
2023-09-15,Brunei,Kianggeh,1
2023-04-18,Maldives,Malé,1
2023-11-16,Qatar,N/A,2
2023-11-05,Norway,Evenes,1
2023-04-07,Iceland,Borgarfjarðarsveit,1
2023-11-03,Qatar,N/A,2
2023-09-19,Spain,Barcelona,2
2023-11-14,Bahrain,N/A,2
2023-09-17,Belgium,Vlaams Brabant,1
2023-04-06,Austria,Wien,1
2023-10-07,Greece,Attica,1
2023-04-29,Sweden,Stockholm,1
2023-05-21,Czech Republic,Praha 7,2
2023-08-19,Portugal,Lisboa,3
2023-04-29,Austria,Salzburg,1
2023-03-07,Brunei,Kianggeh,1
2023-08-04,Czech Republic,Praha 5,1
2023-10-06,Mexico,Morelia,1
2023-08-07,Czech Republic,Praha 2,1
2023-02-22,Hungary,Budapesti,1
2023-05-22,Myanmar,Yangon-E,1
2023-05-22,Portugal,Funchal,1
2023-05-08,Qatar,N/A,1
2023-06-26,Belgium,Antwerpen,1
2023-06-28,Singapore,Singapore,217
2023-03-30,Fiji,Ba,1
2023-06-23,Sweden,Malmö,1
2023-01-24,Laos,Louangphrabang,1
2023-05-29,Morocco,Rabat,1
2023-01-25,Azerbaijan,Bakı,1
2023-01-25,Belgium,Bruxelles,1
2023-05-01,Singapore,Singapore,166
2023-09-05,Maldives,Malé,2
2023-06-22,Brunei,Gadong,1
2023-09-08,Bangladesh,Dhaka,1
2023-07-30,Austria,Wien,1
2023-07-28,Austria,Wien,1
2023-02-02,Morocco,Marrakech,2
2023-02-01,Jordan,Wadi Essier,1
2023-06-06,Hungary,Budapesti,1
2023-02-05,Mongolia,Ulan Bator,1
2023-06-09,Sweden,Stockholm,1
2023-07-15,Romania,Municipiul Bucuresti,2
2023-10-22,Ireland,N/A,2
2023-03-24,Singapore,Singapore,191
2023-02-27,Egypt,Ancient Cairo,1
2023-07-23,Spain,Barcelona,1
2023-01-19,Brunei,Gadong,1
2023-02-11,Brunei,Kianggeh,1
2023-02-25,Luxembourg,Esch-sur-Alzette,1
2023-02-14,Laos,Chanthabuly,1
2023-02-28,Singapore,Singapore,93
2023-09-22,South Africa,City of Johannesburg,2
2023-08-29,Hungary,Budapesti,1
2023-03-17,Tanzania,Kinondoni,1
2023-04-23,Singapore,Singapore,112
2023-11-11,Maldives,Malé,2
2023-10-29,Qatar,N/A,2
2023-08-16,Spain,Sevilla,1
2023-03-27,Singapore,Singapore,129
2023-08-10,Belgium,Bruxelles,1
2023-08-10,Kenya,Kibra,1
2023-03-13,Austria,Wien,1
2023-10-14,Spain,Barcelona,1
2023-03-12,Qatar,N/A,1
2023-11-21,Austria,Wien,3
2023-11-21,Austria,Innsbruck,1
2023-10-25,Maldives,Malé,1
2023-08-13,Spain,Barcelona,1
2023-03-01,Finland,Uusimaa,2
2023-11-19,Kenya,Dagoretti North,1
2023-09-15,Spain,Barcelona,5
2023-09-15,Norway,Bergen,1
2023-11-05,Denmark,Tårnby,1
2023-08-08,Belgium,Bruxelles,1
2023-06-20,Jordan,Wadi Essier,1
2023-09-17,Singapore,Singapore,164
2023-05-28,Austria,Wien,1
2023-05-13,Qatar,N/A,1
2023-05-27,Norway,Sør-Varanger,1
2023-11-15,Qatar,N/A,1
2023-09-28,Maldives,Malé,2
2023-11-13,Brunei,Kianggeh,1
2023-10-06,Qatar,N/A,2
2023-05-23,Laos,Louangphrabang,1
2023-06-30,Brunei,Berakas A,1
2023-09-27,Brunei,Berakas A,1
2023-02-22,Myanmar,Yangon-E,1
2023-02-22,Austria,Salzburg,1
2023-08-06,Qatar,N/A,1
2023-05-22,Papua New Guinea,National Capital District,1
2023-02-21,Serbia,Palilula,1
2023-01-15,Brunei,Gadong,1
2023-01-02,Czech Republic,Praha 1,1
2023-05-07,Myanmar,Yangon-W,1
2023-01-03,Iceland,Reykjanesbær,1
2023-11-09,Belgium,Vlaams Brabant,1
2023-01-24,Spain,Sevilla,1
2023-05-15,Brazil,São Paulo,1
2023-09-09,Belgium,Bruxelles,1
2023-09-09,Maldives,Malé,1
2023-01-16,Singapore,Singapore,210
2023-02-24,Denmark,Copenhagen,1
2023-11-07,Qatar,N/A,3
2023-05-04,Brunei,Kianggeh,1
2023-02-15,Laos,Vangvieng,1
2023-10-10,Austria,Salzburg,1
2023-07-02,Spain,Barcelona,2
2023-03-11,Spain,Madrid,1
2023-02-04,Maldives,Malé,1
2023-03-10,Brunei,Gadong,1
2023-06-04,Czech Republic,Praha 5,1
2023-10-17,Czech Republic,Praha 6,1
2023-08-29,Spain,Barcelona,1
2023-11-10,Oman,A Seeb,1
2023-05-30,Georgia,Tbilisi,2
2023-07-07,Austria,Gänserndorf,1
2023-11-11,Brunei,Kianggeh,2
2023-10-29,Oman,Bausher,1
2023-08-17,Maldives,Malé,2
2023-10-01,Brazil,São Paulo,1
2023-08-02,Singapore,Singapore,206
2023-08-16,Spain,Barcelona,1
2023-10-27,Hungary,Budapesti,1
2023-08-10,Laos,Louangphrabang,1
2023-08-24,Maldives,Malé,1
2023-08-13,Maldives,Malé,1
2023-09-02,Belgium,Oost-Vlaanderen,1
2023-05-25,Morocco,Marrakech,1
2023-01-20,Spain,Barcelona,1
2023-11-16,Austria,Wien,1
2023-11-05,Singapore,Singapore,210
2023-11-05,Egypt,'Abdin,1
2023-04-07,Portugal,Nazaré,1
2023-08-08,Lebanon,Beirut,1
2023-09-04,Belgium,Oost-Vlaanderen,1
2023-11-03,Czech Republic,Praha 1,2
2023-09-18,N/A,N/A,7
2023-05-28,Spain,Tarragona,1
2023-09-03,Laos,Chanthabuly,1
2023-01-31,Myanmar,Yangon-E,1
2023-01-31,Austria,Salzburg,1
2023-04-29,Spain,Barcelona,2
2023-04-13,Georgia,Tbilisi,1
2023-09-28,Czech Republic,Praha 2,1
2023-03-09,Spain,Madrid,2
2023-03-09,Maldives,Malé,1
2023-09-13,Laos,Chanthabuly,1
2023-06-11,Poland,Poznań City,1
2023-02-10,Czech Republic,Praha 1,1
2023-02-10,Austria,Salzburg,2
2023-06-14,Oman,Muscat,3
2023-05-02,Egypt,Qasr an-Nil,2
2023-09-05,Spain,Barcelona,1
2023-02-24,Spain,Baleares,1
2023-07-21,Belgium,Bruxelles,1
2023-06-10,Singapore,Singapore,177
2023-01-12,Brunei,Gadong,1
2023-05-17,Poland,Warsaw,1
2023-11-08,Maldives,Malé,2
2023-01-26,Laos,Chanthabuly,1
2023-03-23,Maldives,Malé,1
2023-03-23,Myanmar,Yangon-W,1
2023-10-10,Denmark,Copenhagen,1
2023-03-26,Republic of Congo,Pointe Noire,1
2023-07-16,Poland,Warsaw,1
2023-10-21,Belgium,Vlaams Brabant,1
2023-07-01,Singapore,Singapore,162
2023-07-29,Maldives,Maafushi Island,2
2023-06-08,Singapore,Singapore,170
2023-02-26,Azerbaijan,Bakı,1
2023-08-30,Brunei,Gadong,2
2023-06-16,Singapore,Singapore,233
2023-05-09,Spain,Barcelona,1
2023-07-11,Singapore,Singapore,271
2023-07-25,Singapore,Singapore,220
2023-02-13,Singapore,Singapore,240
2023-09-22,Denmark,Tårnby,1
2023-03-04,Myanmar,Yangon-E,1
2023-03-17,Egypt,Unorganized in Al Jizah,1
2023-08-28,Maldives,Maafushi Island,1
2023-04-27,Singapore,Singapore,206
2023-04-12,Austria,Wien Umgebung,1
2023-08-02,Brunei,Berakas A,2
2023-04-11,Singapore,Singapore,227
2023-07-18,Sri Lanka,Dambulla,1
2023-10-28,Portugal,Lisboa,1
2023-02-09,Maldives,Malé,1
2023-08-26,Singapore,Singapore,182
2023-10-12,Poland,Warsaw,1
2023-11-04,Portugal,Porto,1
2023-11-04,Kenya,Dagoretti North,1
2023-04-04,Singapore,Singapore,264
2023-01-20,Hungary,Budapesti,1
2023-09-15,Singapore,Singapore,177
2023-05-27,Denmark,Tårnby,1
2023-05-27,Belgium,Antwerpen,1
2023-04-15,Nepal,Bagmati,1
2023-04-15,Brazil,São Paulo,1
2023-03-08,Chile,Llanquihue,2
2023-05-12,Czech Republic,Brno,1
2023-09-26,Qatar,N/A,1
2023-09-26,Oman,Sur,1
2023-11-15,Norway,Oslo,1
2023-11-15,Austria,Wien,2
2023-11-15,Spain,Madrid,1
2023-03-07,Hungary,Budapesti,1
2023-03-07,Austria,Wien,2
2023-09-25,Hungary,Budapesti,1
2023-09-14,Spain,Barcelona,1
2023-10-06,Austria,Salzburg,1
2023-05-23,Maldives,Maafushi Island,1
2023-11-12,Brunei,Kianggeh,4
2023-05-22,Myanmar,Yangon-W,1
2023-06-27,Portugal,Portimão,1
2023-03-31,Laos,Chomphet,1
2023-01-17,Spain,Barcelona,1
2023-01-10,Romania,Municipiul Bucuresti,1
2023-01-16,Spain,Barcelona,3
2023-05-29,Georgia,Tbilisi,4
2023-07-21,Hungary,Budapesti,2
2023-07-21,Maldives,Malé,1
2023-01-11,Austria,Salzburg,1
2023-01-13,Austria,Salzburg,1
2023-01-28,Singapore,Singapore,220
2023-09-08,Portugal,Lisboa,1
2023-11-08,Singapore,Singapore,295
2023-11-08,Slovakia,Bratislava I,1
2023-10-23,Singapore,Singapore,285
2023-02-02,Norway,Bergen,1
2023-02-16,Myanmar,Yangon-E,1
2023-03-25,Finland,Uusimaa,1
2023-02-12,Brazil,São Paulo,1
2023-01-05,Singapore,Singapore,142
2023-07-12,Spain,Madrid,2
2023-10-03,Denmark,Copenhagen,1
2023-03-17,Maldives,Maafushi Island,1
2023-07-07,Iceland,Reykjavík,2
2023-08-28,Bahrain,N/A,1
2023-09-10,Sri Lanka,Colombo,1
2023-10-19,Sri Lanka,Colombo,1
2023-08-03,Singapore,Singapore,268
2023-08-16,Kenya,Westlands,1
2023-07-09,Oman,Salalah,1
2023-04-20,Belgium,Bruxelles,2
2023-07-18,Singapore,Singapore,220
2023-08-24,Spain,Barcelona,1
2023-11-21,Spain,Madrid,1
2023-11-21,Romania,Municipiul Bucuresti,1
2023-09-20,Singapore,Singapore,219
2023-10-11,Sri Lanka,Thimbirigasyaya,2
2023-03-01,Hungary,Budapesti,2
2023-03-01,Morocco,Rabat,1
2023-07-05,Czech Republic,Praha 2,1
2023-11-04,Singapore,Singapore,219
2023-04-19,Austria,Wien,1
2023-09-15,Denmark,Copenhagen,1
2023-09-17,Hungary,Budapesti,1
2023-03-08,Belgium,Bruxelles,3
2023-10-08,Denmark,Tårnby,2
2023-11-15,Maldives,Malé,1
2023-03-07,Poland,Warsaw,1
2023-08-18,Denmark,Copenhagen,3
2023-11-13,Singapore,Singapore,251
2023-10-06,Poland,Środa Śląska,1
2023-08-07,Chile,Santiago,1
2023-04-17,Poland,Warsaw,1
2023-05-23,Poland,Warsaw,1
2023-06-13,Sri Lanka,Colombo,1
2023-02-22,Czech Republic,Praha 5,1
2023-02-22,Panama,Panamá,1
2023-05-06,Brunei,Gadong,1
2023-09-13,Portugal,Loures,1
2023-06-01,Oman,Bausher,1
2023-01-29,Belgium,Liège,1
2023-05-19,Georgia,Tbilisi,1
2023-01-14,Brunei,Berakas A,1
2023-06-12,Spain,Huelva,1
2023-05-02,Czech Republic,Praha 6,1
2023-03-30,Poland,Warsaw,1
2023-02-23,Singapore,Singapore,133
2023-01-03,Singapore,Singapore,206
2023-05-16,Brazil,Guarulhos,1
2023-05-04,Ecuador,Quito,1
2023-06-24,Hungary,Budapesti,1
2023-10-23,Brunei,Gadong,1
2023-02-02,Qatar,N/A,1
2023-08-23,Czech Republic,Praha 1,1
2023-08-23,Brunei,Kianggeh,1
2023-07-15,Brunei,Kianggeh,1
2023-10-22,Brunei,Kianggeh,1
2023-06-08,Austria,Wien,1
2023-02-26,Maldives,Malé,1
2023-06-02,Iceland,Reykjavík,1
2023-10-31,South Africa,City of Cape Town,1
2023-03-20,Bosnia and Herzegovina,Herzegovina-Neretva,1
2023-10-03,Andorra,N/A,1
2023-10-04,Maldives,Malé,1
2023-10-18,Denmark,Copenhagen,1
2023-09-10,Greece,Attica,1
2023-04-23,Uzbekistan,Oqdaryo,1
2023-10-29,Finland,Uusimaa,1
2023-10-15,Austria,Innsbruck,1
2023-09-24,Singapore,Singapore,177
2023-08-02,Portugal,Lisboa,1
2023-10-13,Maldives,Malé,1
2023-08-11,Finland,Uusimaa,1
2023-08-25,Singapore,Singapore,200
2023-04-20,Slovakia,Bratislava I,1
2023-03-13,Singapore,Singapore,94
2023-10-28,Czech Republic,Praha 2,1
2023-10-28,Norway,Hamar,3
2023-10-25,Portugal,Porto,1
2023-09-20,Sri Lanka,Colombo,1
2023-08-13,Tunisia,Sousse Médina,1
2023-03-29,Spain,Barcelona,1
2023-07-05,Singapore,Singapore,291
2023-05-26,Singapore,Singapore,214
2023-05-26,Belgium,Bruxelles,2
2023-04-07,Hungary,Budapesti,1
2023-08-08,Singapore,Singapore,228
2023-11-02,Spain,Barcelona,1
2023-09-29,Sri Lanka,Dehiwala-Mount Lavinia,1
2023-09-17,Iceland,Reykjavík,1
2023-05-14,Singapore,Singapore,174
2023-01-31,Norway,Bergen,1
2023-09-25,Austria,Wien,1
2023-09-25,Spain,Barcelona,1
2023-09-28,Pakistan,Lahore,1
2023-08-07,Singapore,Singapore,250
2023-04-16,Greece,South Aegean,1
2023-09-13,Spain,Barcelona,3
2023-01-18,Austria,Gmunden,2
2023-06-01,Laos,Chanthabuly,1
2023-03-31,Finland,Lapland,1
2023-05-07,Oman,Bausher,2
2023-03-30,Finland,Lapland,1
2023-04-08,Maldives,Malé,1
2023-01-10,Chile,Curicó,1
2023-05-18,Brunei,Berakas A,1
2023-05-18,Maldives,Malé,1
2023-01-27,Nigeria,Enugu North,1
2023-01-26,Sweden,Malmö,1
2023-05-17,Austria,Gmunden,1
2023-09-08,Brunei,Kianggeh,1
2023-09-08,Brunei,Gadong,2
2023-09-08,Nepal,Bagmati,1
2023-02-02,Singapore,Singapore,270
2023-02-16,Brazil,São Paulo,1
2023-10-24,Morocco,Casablanca,1
2023-03-26,Austria,Gmunden,1
2023-06-09,Singapore,Singapore,194
2023-10-22,Czech Republic,Praha 1,1
2023-10-22,Hungary,Budapesti,1
2023-01-06,Austria,Wien Umgebung,1
2023-06-03,Spain,Barcelona,1
2023-02-12,Austria,Salzburg,1
2023-06-17,Hungary,Budapesti,1
2023-06-02,Finland,Uusimaa,1
2023-02-28,Myanmar,Yangon-E,1
2023-06-04,Spain,Barcelona,1
2023-07-25,Spain,Barcelona,2
2023-08-31,Slovenia,Ljubljana,1
2023-03-04,Belgium,Maastricht,1
2023-10-03,Sri Lanka,Thimbirigasyaya,1
2023-03-03,Austria,Wien,1
2023-05-31,Qatar,N/A,2
2023-07-08,Belgium,Bruxelles,1
2023-03-02,Austria,Salzburg,1
2023-10-19,Maldives,Maafushi Island,2
2023-03-06,Iceland,Reykjavík,1
2023-10-15,Iceland,Sveitarfélagið Hornafjörður,2
2023-10-16,Portugal,Lisboa,1
2023-11-20,Poland,Warsaw,1
2023-11-20,Spain,Barcelona,2
2023-07-17,Belgium,Bruxelles,1
2023-03-16,Singapore,Singapore,123
2023-03-01,Czech Republic,Praha 1,1
2023-07-19,Brazil,São Paulo,1
2023-07-05,Austria,Linz,1
2023-04-05,Spain,Barcelona,1
2023-11-04,Oman,A Seeb,1
2023-11-04,Croatia,Vukovar,1
2023-08-09,Spain,Barcelona,2
2023-05-10,Mongolia,Ulan Bator,1
2023-04-07,Iceland,Austur-Hérað,1
2023-11-14,Austria,Wien,1
2023-09-17,Austria,Wien,1
2023-04-06,Singapore,Singapore,207
2023-10-07,Kenya,Dagoretti North,1
2023-03-07,Czech Republic,Praha 1,2
2023-08-04,Fiji,Ba,1
2023-10-09,Sri Lanka,Thimbirigasyaya,1
2023-11-13,Egypt,Ar-Raml 1,1
2023-11-01,Austria,Salzburg,2
2023-11-01,Pakistan,Islamabad,1
2023-04-03,Singapore,Singapore,211
2023-10-05,Belgium,Maastricht,1
2023-06-13,Portugal,Ourém,1
2023-05-22,Portugal,Maia,2
2023-04-02,Norway,Oslo,1
2023-02-21,Finland,Uusimaa,2
2023-02-10,Czech Republic,Praha 5,1
2023-01-15,Singapore,Singapore,162
2023-05-02,Brunei,Kianggeh,2
2023-05-07,Laos,Sikhottabong,1
2023-02-23,Brunei,Kianggeh,1
2023-02-23,Czech Republic,Praha 1,1
2023-02-23,Laos,Chanthabuly,2
2023-02-23,Ghana,Accra,1
2023-06-23,Brunei,Berakas A,1
2023-09-09,Spain,Barcelona,2
2023-01-25,Spain,Granada,1
2023-01-11,Belgium,Antwerpen,1
2023-01-13,Spain,Barcelona,1
2023-11-07,Laos,Chanthabuly,2
2023-06-24,Spain,Barcelona,1
2023-07-14,Czech Republic,Brno,1
2023-02-16,Qatar,N/A,1
2023-10-24,Sri Lanka,Colombo,1
2023-02-05,Laos,Chanthabuly,1
2023-07-16,Singapore,Singapore,217
2023-08-22,Austria,Wien,3
2023-03-10,Tanzania,Kinondoni,1
2023-06-08,Tunisia,Sousse Médina,1
2023-02-03,Tanzania,Kinondoni,1
2023-02-27,Brunei,Gadong,1
2023-02-27,Austria,Wien,2
2023-02-11,Singapore,Singapore,203
2023-02-14,Singapore,Singapore,231
2023-03-21,Maldives,N/A,1
2023-10-17,Spain,Madrid,3
2023-10-02,Greece,Central Macedonia,1
2023-02-06,Singapore,Singapore,164
2023-07-17,Sri Lanka,Negombo,1
2023-09-30,Kyrgyzstan,Biškek,1
2023-08-13,Belgium,Bruxelles,2
2023-08-12,Sri Lanka,K.F.G. & G. Korale,1
2023-02-08,Brunei,Kianggeh,2
2023-11-04,Spain,Barcelona,2
2023-11-04,Cook Islands,Rorotonga,1
2023-11-17,Kenya,Dagoretti North,1
2023-09-19,Maldives,Malé,1
2023-09-12,Spain,Madrid,2
2023-09-12,Belgium,Antwerpen,1
2023-09-12,Spain,Barcelona,1
2023-04-17,Spain,Barcelona,2
2023-06-29,Austria,Salzburg,1
2023-01-15,Denmark,Odense,1
2023-01-02,Algeria,Bordj El Kiffan,1
2023-03-30,Spain,Barcelona,2
2023-01-03,Poland,Warsaw,1
2023-09-09,Brunei,Gadong,2
2023-01-11,Brunei,Kianggeh,1
2023-01-28,Nepal,Bagmati,1
2023-05-03,Norway,Oslo,1
2023-07-28,Singapore,Singapore,202
2023-07-27,Austria,Wien,1
2023-02-18,Finland,Lapland,1
2023-02-27,Georgia,Tbilisi,1
2023-07-24,Brunei,Gadong,2
2023-06-03,Brunei,Berakas A,2
2023-05-09,Belgium,Bruxelles,1
2023-01-04,Hungary,Budapesti,1
2023-06-19,Singapore,Singapore,612
2023-03-21,Singapore,Singapore,142
2023-10-31,Spain,Valencia,1
2023-04-25,Uzbekistan,Tashkent City,1
2023-08-29,Laos,Chanthabuly,1
2023-07-08,Spain,Barcelona,1
2023-04-24,Egypt,Giza,1
2023-04-27,Sri Lanka,Negombo,2
2023-07-09,Nepal,Bagmati,1
2023-08-11,Norway,Bergen,1
2023-03-28,Myanmar,Mandalay,1
2023-07-18,Austria,Wien,1
2023-11-20,Laos,Chanthabuly,1
2023-10-28,Hungary,Budapesti,2
2023-02-09,Austria,Wien,1
2023-08-13,Kenya,Westlands,1
2023-08-13,Sweden,Stockholm,1
2023-10-26,Czech Republic,Praha 1,1
2023-07-06,Hungary,Budapesti,1
2023-08-12,Kenya,Westlands,1
2023-08-26,Portugal,Horta,1
2023-04-21,Belgium,Bruxelles,3
2023-05-11,Singapore,Singapore,252
2023-09-01,Belgium,Vlaams Brabant,1
2023-04-04,Portugal,Lisboa,3
2023-04-07,Iceland,Skútustaðahreppur,1
2023-09-29,Poland,Białystok,1
2023-05-27,Myanmar,Yangon-E,1
2023-11-14,Sri Lanka,Colombo,1
2023-04-15,Cyprus,N/A,1
2023-05-12,Spain,Barcelona,1
2023-03-08,Ireland,N/A,1
2023-09-12,Belgium,Bruxelles,2
2023-08-04,Denmark,Copenhagen,1
2023-08-06,Sri Lanka,Thimbirigasyaya,1
2023-07-22,Brunei,Kianggeh,1
2023-06-29,Qatar,N/A,1
2023-05-08,Singapore,Singapore,177
2023-01-17,Bangladesh,Dhaka,1
2023-06-15,Spain,Madrid,1
2023-01-10,Oman,A Seeb,1
2023-02-24,Portugal,Lisboa,1
2023-01-28,Norway,Oslo,1
2023-05-18,Serbia,Palilula,1
2023-01-12,Brunei,Berakas A,1
2023-07-30,Spain,Barcelona,2
2023-07-28,Oman,Muttrah,1
2023-06-06,Maldives,Maafushi Island,1
2023-02-03,Brunei,Kianggeh,3
2023-02-27,Austria,Salzburg,1
2023-06-02,Colombia,Cartagena de Indias,1
2023-06-16,Laos,Chanthabuly,1
2023-02-25,Uzbekistan,Tashkent City,2
2023-01-04,Maldives,Maafushi Island,1
2023-01-04,Oman,A Seeb,1
2023-02-14,Brunei,Kianggeh,1
2023-02-28,Austria,Wien,1
2023-07-10,Poland,Kraków City,1
2023-03-03,Bangladesh,Dhaka,1
2023-09-10,Spain,Zaragoza,1
2023-03-06,Austria,Wien,1
2023-08-17,Kenya,Westlands,1
2023-11-22,South Africa,City of Johannesburg,1
2023-09-23,Spain,Barcelona,2
2023-10-27,Denmark,Tårnby,1
2023-10-13,Austria,Salzburg,1
2023-08-11,Brunei,Gadong,2
2023-08-11,Austria,Linz,3
2023-02-06,Poland,Warsaw,1
2023-07-03,Czech Republic,Praha 5,1
2023-10-14,Algeria,Bordj El Kiffan,1
2023-11-21,Hungary,Budapesti,1
2023-09-20,Denmark,Billund,1
2023-08-13,Spain,Madrid,1
2023-07-06,Qatar,N/A,1
2023-04-05,Maldives,Malé,1
2023-11-04,Croatia,Zagreb,2
2023-09-29,Laos,Chanthabuly,2
2023-11-16,Egypt,Ismailia,1
2023-01-23,Spain,Barcelona,1
2023-11-18,Jordan,Aqaba,1
2023-09-26,Singapore,Singapore,252
2023-05-21,Nepal,Bagmati,1
2023-05-21,Sri Lanka,Katana,1
2023-10-08,Sweden,Stockholm,2
2023-08-18,Kenya,Westlands,1
2023-09-25,Czech Republic,Praha 1,2
2023-10-06,Singapore,Singapore,211
2023-10-06,South Africa,Gert Sibande,1
2023-09-27,Czech Republic,Praha 5,1
2023-02-22,Laos,Chanthabuly,1
2023-02-21,Singapore,Singapore,158
2023-10-30,Austria,Wien,1
2023-05-05,Austria,Wien,2
2023-05-05,Austria,Dornbirn,1
2023-03-31,Slovakia,Bratislava I,1
2023-01-14,Bulgaria,Stolichna,1
2023-06-14,Singapore,Singapore,203
2023-06-14,Qatar,N/A,1
2023-11-09,Slovakia,Bratislava I,1
2023-05-29,Serbia,Novi Beograd,1
2023-02-24,Brazil,São Paulo,1
2023-05-01,Laos,Chanthabuly,1
2023-01-13,Singapore,Singapore,222
2023-01-28,Belgium,Bruxelles,1
2023-05-18,Singapore,Singapore,173
2023-11-08,Belgium,Bruxelles,1
2023-07-27,Maldives,Malé,1
2023-03-11,Poland,Warsaw,1
2023-03-10,Spain,Baleares,1
2023-06-16,Denmark,Tårnby,1
2023-10-31,Austria,Sankt Johann im Pongau,1
2023-03-21,Norway,Bergen,1
2023-03-18,Portugal,Ourém,1
2023-11-10,Spain,Barcelona,1
2023-09-21,Finland,Uusimaa,1
2023-10-04,Denmark,Copenhagen,1
2023-05-30,Singapore,Singapore,240
2023-07-07,Brazil,São Paulo,1
2023-10-01,Chile,Valparaíso,1
2023-10-02,Spain,Cáceres,1
2023-04-26,Brunei,Kianggeh,2
2023-08-11,Kenya,Westlands,1
2023-04-20,Uzbekistan,Tashkent City,1
2023-03-13,Czech Republic,Praha 5,1
2023-07-17,Austria,Gmunden,1
2023-10-26,Belgium,Luxembourg,1
2023-10-12,Oman,Muttrah,1
2023-03-14,Singapore,Singapore,107
2023-04-07,Norway,Ullensaker,1
2023-11-03,Spain,Barcelona,2
2023-09-18,Oman,Bausher,3
2023-09-18,Belgium,Bruxelles,2
2023-01-23,Belgium,Namur,2
2023-05-13,Belgium,Bruxelles,1
2023-05-13,Laos,Chanthabuly,1
2023-04-15,Egypt,An-Nuzhah,1
2023-08-19,Singapore,Singapore,159
2023-10-08,Portugal,Lisboa,2
2023-08-05,Brunei,Berakas A,1
2023-09-11,Denmark,Odense,1
2023-04-28,Singapore,Singapore,201
2023-04-13,Singapore,Singapore,272
2023-09-14,Spain,Madrid,2
2023-04-03,Brazil,São Paulo,1
2023-10-05,Hungary,Budapesti,1
2023-08-06,Kenya,Westlands,1
2023-05-06,Singapore,Singapore,132
2023-09-13,Hungary,Budapesti,1
2023-06-27,Serbia,Palilula,1
2023-03-31,Poland,Warsaw,1
2023-05-07,Nepal,Bagmati,1
2023-11-09,Belgium,Bruxelles,1
2023-09-09,Singapore,Singapore,195
2023-09-06,Singapore,Singapore,238
2023-02-24,Montenegro,N/A,2
2023-02-20,Poland,Warsaw,1
2023-01-12,Czech Republic,Praha 7,1
2023-11-08,Austria,Salzburg,1
2023-06-07,Myanmar,Yangon-W,1
2023-02-19,Sweden,Stockholm,1
2023-07-16,Qatar,N/A,1
2023-03-25,Portugal,Lisboa,1
2023-02-18,Brunei,Kianggeh,2
2023-06-08,Austria,Salzburg,1
2023-06-08,Nepal,Bagmati,1
2023-01-06,Poland,Warsaw,1
2023-08-30,Singapore,Singapore,191
2023-07-25,Brunei,Berakas A,1
2023-08-29,Spain,Madrid,1
2023-05-31,Maldives,Malé,1
2023-11-10,Belgium,Bruxelles,1
2023-11-10,Morocco,Rabat,1
2023-08-28,Singapore,Singapore,184
2023-03-02,Brunei,Berakas A,1
2023-10-29,Brazil,Brasília,1
2023-04-27,Maldives,Maafushi Island,1
2023-03-06,Spain,Barcelona,1
2023-03-06,Kazakhstan,Almaty (Alma-Ata),1
2023-08-03,Qatar,N/A,1
2023-08-16,Czech Republic,Praha 2,1
2023-08-16,Singapore,Singapore,139
2023-08-16,Denmark,Copenhagen,1
2023-08-11,Qatar,N/A,1
2023-03-28,Mexico,Cozumel,1
2023-03-28,Austria,Wien,1
2023-08-10,Chile,Valparaíso,1
2023-07-03,Singapore,Singapore,178
2023-07-17,Hungary,Budapesti,1
2023-10-25,Norway,Oslo,1
2023-08-12,Singapore,Singapore,184
2023-07-19,Georgia,Tbilisi,1
2023-11-04,Hungary,Budapesti,1
2023-04-19,Hungary,Budapesti,1
2023-09-16,Slovenia,Postojna,1
2023-11-02,Brunei,Gadong,1
2023-09-04,Sri Lanka,K.F.G. & G. Korale,1
2023-09-18,Austria,Gmunden,1
2023-09-17,Belgium,Bruxelles,1
2023-10-07,Singapore,Singapore,193
2023-05-21,Poland,Warsaw,1
2023-08-19,Kenya,Westlands,1
2023-10-09,Brunei,Kianggeh,1
2023-04-16,Spain,Barcelona,2
2023-04-01,Singapore,Singapore,166
2023-03-09,Maldives,Maafushi Island,3
2023-02-22,Poland,Kraków City,1
2023-09-13,Spain,Madrid,5
2023-06-27,Brunei,Berakas A,1
2023-01-18,Qatar,N/A,1
2023-06-01,Hungary,Budapesti,1
2023-02-21,Sweden,Stockholm,2
2023-03-30,Spain,Castellón,1
2023-05-29,Morocco,Marrakech,2
2023-09-05,Kenya,Westlands,1
2023-09-07,Laos,Chanthabuly,2
2023-08-21,Denmark,Copenhagen,1
2023-02-01,Laos,Vangvieng,1
2023-03-25,Austria,Wien,1
2023-10-21,Ghana,Accra,1
2023-07-15,Fiji,Nadroga/Navosa,1
2023-02-18,Pakistan,Lahore,1
2023-07-01,Oman,A Seeb,4
2023-02-03,Azerbaijan,Bakı,1
2023-08-30,Chile,Santiago,1
2023-05-09,Singapore,Singapore,213
2023-05-09,Maldives,N/A,1
2023-10-20,Czech Republic,Praha 2,3
2023-07-12,Singapore,Singapore,251
2023-01-04,Sweden,Örebro,1
2023-07-11,Spain,Barcelona,1
2023-06-18,Brunei,Berakas A,1
2023-10-17,Oman,A Seeb,1
2023-08-01,South Africa,City of Johannesburg,1
2023-03-04,Brunei,Kianggeh,1
2023-08-15,Kenya,Westlands,1
2023-03-03,Belgium,Maastricht,1
2023-07-09,Belgium,Bruxelles,1
2023-03-27,Egypt,Unorganized in Al Jizah,1
2023-08-24,Croatia,Rijeka,1
2023-10-26,Hungary,Budapesti,1
2023-04-21,Lebanon,Beirut,1
2023-04-05,Singapore,Singapore,260
2023-09-01,Maldives,Malé,1
2023-01-20,Georgia,Tbilisi,2
2023-04-18,Singapore,Singapore,235
2023-11-05,Ireland,N/A,1
2023-04-07,Svalbard and Jan Mayen,N/A,1
2023-05-28,Singapore,Singapore,162
2023-09-04,Luxembourg,Esch-sur-Alzette,2
2023-05-28,Mauritius,N/A,1
2023-05-27,Nepal,Bagmati,1
2023-09-26,Slovakia,Bratislava III,1
2023-01-31,Singapore,Singapore,249
2023-09-26,Sri Lanka,Colombo,1
2023-11-15,Fiji,Ba,1
2023-08-18,Hungary,Budapesti,1
2023-08-18,Jordan,Wadi Essier,1
2023-04-13,Mexico,Cozumel,1
2023-09-27,Sweden,Solna,1
2023-10-05,Spain,Barcelona,1
2023-01-17,Austria,Wien,1
2023-04-09,Singapore,Singapore,132
2023-07-20,Czech Republic,Praha 2,1
2023-06-23,Kenya,Westlands,1
2023-04-08,Singapore,Singapore,143
2023-05-15,Austria,Wien,1
2023-05-15,Spain,Barcelona,1
2023-05-18,Slovakia,Bratislava I,1
2023-11-07,Sri Lanka,Negombo,2
2023-05-03,Austria,Wien,1
2023-01-27,Laos,Chanthabuly,2
2023-06-25,Singapore,Singapore,292
2023-07-31,Slovenia,Maribor,1
2023-11-08,Kenya,Dagoretti North,1
2023-08-21,Spain,Barcelona,2
2023-03-23,Denmark,Copenhagen,1
2023-03-23,Spain,Barcelona,1
2023-02-04,Austria,Salzburg,1
2023-02-04,Egypt,An-Nuzhah,1
2023-03-25,Singapore,Singapore,146
2023-03-25,Poland,Warsaw,1
2023-07-15,Singapore,Singapore,207
2023-03-10,Qatar,N/A,1
2023-02-03,Austria,Salzburg,1
2023-02-27,Denmark,Copenhagen,1
2023-05-09,Maldives,Malé,1
2023-10-31,Ireland,N/A,1
2023-10-31,Sri Lanka,Colombo,1
2023-07-25,Maldives,Maafushi Island,2
2023-10-17,Laos,Chanthabuly,1
2023-07-08,Singapore,Singapore,319
2023-09-21,Singapore,Singapore,190
2023-09-24,Austria,Innsbruck,2
2023-09-23,Portugal,Lisboa,1
2023-03-13,Spain,Madrid,1
2023-08-24,Singapore,Singapore,205
2023-03-16,Laos,Pakxe,1
2023-10-26,Ireland,N/A,1
2023-03-29,Portugal,Porto,1
2023-04-19,Czech Republic,Praha 1,1
2023-08-09,Maldives,Malé,1
2023-11-02,Czech Republic,Praha 1,2
2023-06-20,Georgia,Tbilisi,1
2023-09-17,Nepal,Bagmati,2
2023-09-17,Maldives,Malé,1
2023-04-14,Singapore,Singapore,259
2023-09-11,Singapore,Singapore,178
2023-05-20,Brunei,Gadong,1
2023-09-12,Norway,Oslo,1
2023-04-17,Belgium,Bruxelles,1
2023-08-06,Singapore,Singapore,192
2023-06-23,Maldives,Maafushi Island,1
2023-05-02,Norway,Oslo,1
2023-05-16,Singapore,Singapore,179
2023-01-11,Qatar,N/A,1
2023-11-07,Czech Republic,Praha 8,1
2023-06-07,Laos,Louangphrabang,1
2023-07-28,Spain,Barcelona,2
2023-08-20,Austria,Wien,1
2023-10-24,Egypt,Sharm el-Sheikh,1
2023-01-09,Singapore,Singapore,146
2023-10-10,Hungary,Budapesti,1
2023-10-22,Qatar,N/A,1
2023-03-10,Singapore,Singapore,337
2023-03-24,Poland,Warsaw,1
2023-06-03,Austria,Wien,1
2023-06-17,Qatar,N/A,1
2023-06-17,Laos,Chanthabuly,1
2023-06-05,Brunei,Berakas A,1
2023-01-04,Brunei,Kianggeh,1
2023-10-31,Austria,Wien,1
2023-06-18,Poland,Płock City,1
2023-06-18,Austria,Wien,1
2023-07-10,Singapore,Singapore,274
2023-07-25,Spain,Madrid,1
2023-10-17,Singapore,Singapore,285
2023-10-17,Austria,Salzburg Umgebung,1
2023-10-03,Singapore,Singapore,201
2023-05-31,Belgium,Bruxelles,1
2023-11-10,Oman,Bausher,1
2023-10-18,Nigeria,Ido,1
2023-10-18,Singapore,Singapore,292
2023-08-17,Brunei,Gadong,2
2023-10-01,Maldives,Malé,3
2023-10-16,Portugal,Porto,1
2023-04-26,Singapore,Singapore,185
2023-08-02,Belgium,Oost-Vlaanderen,1
2023-08-02,Austria,Wien,1
2023-07-09,Spain,Barcelona,1
2023-10-27,Kenya,Dagoretti North,1
2023-07-04,Czech Republic,Praha 7,1
2023-07-04,Brazil,São Paulo,1
2023-03-12,Singapore,Singapore,79
2023-10-25,Norway,Vågan,1
2023-08-13,Singapore,Singapore,144
2023-08-13,Laos,Chanthabuly,1
2023-10-26,Slovakia,Považská Bystrica,1
2023-02-08,Brazil,São Paulo,1
2023-10-12,Belarus,Minsk,3
2023-07-05,Austria,Wien,3
2023-11-04,Brunei,Berakas A,1
2023-05-13,Spain,Barcelona,1
2023-04-06,Mexico,Juárez,1
2023-04-29,Maldives,Malé,1
2023-04-29,Nepal,Bagmati,1
2023-03-08,Laos,Chanthabuly,1
2023-09-12,Czech Republic,Praha 7,1
2023-04-13,Austria,Wien Umgebung,1
2023-04-13,Czech Republic,Praha 1,1
2023-09-25,Myanmar,Yangon-W,1
2023-09-28,Belgium,Vlaams Brabant,1
2023-01-30,Belgium,Bruxelles,1
2023-10-05,Portugal,Lisboa,1
2023-11-12,Czech Republic,Praha 1,1
2023-09-13,Croatia,Zagreb,1
2023-05-22,Mauritius,N/A,1
2023-06-27,Singapore,Singapore,226
2023-05-19,Singapore,Singapore,176
2023-01-14,Singapore,Singapore,185
2023-09-05,Singapore,Singapore,229
2023-07-21,Czech Republic,Praha 7,1
2023-02-20,Moldova,N/A,1
2023-05-04,Belgium,Antwerpen,1
2023-01-12,Austria,Salzburg,1
2023-09-08,Kenya,Dagoretti North,1
2023-08-21,Fiji,Nadroga/Navosa,1
2023-07-14,Fiji,Ba,2
2023-06-07,Austria,Salzburg,3
2023-07-27,Spain,Barcelona,2
2023-02-15,Brunei,Kianggeh,2
2023-02-26,Uzbekistan,Tashkent City,1
2023-02-25,Belgium,Bruxelles,1
2023-06-19,Brunei,Kianggeh,2
2023-10-31,Finland,Uusimaa,2
2023-01-07,Spain,Barcelona,3
2023-07-11,Portugal,Lisboa,1
2023-09-22,Denmark,Billund,1
2023-03-04,Spain,Barcelona,2
2023-03-18,Egypt,Unorganized in Al Jizah,2
2023-09-21,Oman,Bausher,2
2023-10-04,Singapore,Singapore,211
2023-05-30,Belgium,Vlaams Brabant,1
2023-07-07,Colombia,Cartagena de Indias,1
2023-08-28,Poland,Warsaw,1
2023-10-01,Singapore,Singapore,214
2023-11-22,Singapore,Singapore,37
2023-09-24,N/A,N/A,3
2023-10-16,Austria,Salzburg,1
2023-08-02,Czech Republic,Praha 1,1
2023-03-27,Brunei,Gadong,1
2023-03-12,Portugal,Lisboa,1
2023-11-21,Greece,Attica,1
2023-08-26,Portugal,Lisboa,1
2023-10-12,Brunei,Kianggeh,1
2023-10-12,Belgium,Bruxelles,1
2023-04-05,Peru,Cusco,1
2023-04-18,Belgium,Bruxelles,2
2023-04-07,Austria,Salzburg,1
2023-09-18,Mexico,Gustavo A. Madero,1
2023-05-28,Georgia,Tbilisi,2
2023-05-12,Greece,South Aegean,1
2023-11-14,Belgium,Bruxelles,1
2023-10-07,Spain,Madrid,1
2023-08-19,Denmark,Kolding,1
2023-08-05,Spain,Barcelona,1
2023-05-20,Portugal,Lisboa,2
2023-04-28,Czech Republic,Praha 1,1
2023-09-25,Spain,Madrid,3
2023-11-13,Qatar,N/A,3
2023-09-14,Czech Republic,Praha 6,1
2023-04-03,Qatar,N/A,2
2023-10-05,Sri Lanka,Kalutara,1
2023-03-09,Singapore,Singapore,321
2023-05-22,Singapore,Singapore,225
2023-04-16,Brunei,Kianggeh,1
2023-09-13,Belgium,Vlaams Brabant,1
2023-03-31,Sweden,Stockholm,1
2023-04-09,Greece,South Aegean,2
2023-03-30,Brunei,Berakas A,1
2023-01-03,Spain,Barcelona,1
2023-11-09,Maldives,Maafushi Island,1
2023-09-09,Finland,Lapland,1
2023-01-10,Singapore,Singapore,165
2023-05-04,Austria,Wien,1
2023-11-06,Singapore,Singapore,325
2023-05-03,Maldives,Maafushi Island,1
2023-05-03,Czech Republic,Praha 6,1
2023-08-21,Laos,Chanthabuly,1
2023-02-16,Brunei,Sengkurong,1
2023-07-13,Singapore,Singapore,234
2023-02-19,Austria,Wien,1
2023-06-08,Belgium,Antwerpen,1
2023-07-24,Slovakia,Bratislava II,1
2023-06-16,Czech Republic,Praha 6,1
2023-05-09,Maldives,Maafushi Island,1
2023-05-09,Laos,Chanthabuly,1
2023-07-12,Ecuador,Quito,1
2023-06-19,Austria,Salzburg,1
2023-02-14,Brunei,Berakas A,1
2023-02-28,Belgium,Luxembourg,1
2023-03-20,Singapore,Singapore,131
2023-08-15,Sri Lanka,Thimbirigasyaya,1
2023-09-10,Qatar,N/A,1
2023-10-19,Singapore,Singapore,239
2023-11-11,Estonia,Tallinn,1
2023-10-29,Egypt,Bulaq,3
2023-10-15,Greece,Central Macedonia,1
2023-04-11,Brunei,Kianggeh,1
2023-10-25,Austria,Salzburg,1
2023-02-09,Brunei,Berakas A,1
2023-02-09,Myanmar,Yangon-E,1
2023-09-16,Belgium,Maastricht,1
2023-08-09,Austria,Wien,2
2023-03-14,Tanzania,Kinondoni,1
2023-05-25,Singapore,Singapore,238
2023-09-29,Singapore,Singapore,223
2023-11-02,Kyrgyzstan,Biškek,1
2023-11-02,Qatar,N/A,1
2023-08-19,Austria,Wien,1
2023-09-25,Maldives,Malé,1
2023-09-14,Spain,Granada,1
2023-10-06,Belgium,Vlaams Brabant,1
2023-05-23,Norway,Oslo,1
2023-01-30,Kenya,Mvita,1
2023-01-01,Belgium,Bruxelles,1
2023-02-22,Spain,Madrid,2
2023-05-06,Fiji,Ra,1
2023-05-05,Belgium,Antwerpen,1
2023-05-19,Laos,Louangphrabang,1
2023-06-29,Singapore,Singapore,192
2023-05-19,Denmark,Copenhagen,1
2023-06-23,Brunei,Kianggeh,1
2023-04-08,Spain,Barcelona,1
2023-01-24,Mexico,Benito Juárez,1
2023-09-05,Portugal,Lisboa,1
2023-09-05,Qatar,N/A,1
2023-07-21,Portugal,Porto,1
2023-06-22,Denmark,Odense,1
2023-02-20,Singapore,Singapore,132
2023-11-06,Qatar,N/A,2
2023-01-26,Denmark,Copenhagen,1
2023-09-07,Singapore,Singapore,217
2023-09-07,Belgium,Bruxelles,1
2023-07-14,Spain,Barcelona,1
2023-10-23,Austria,Wien,1
2023-07-28,Qatar,N/A,1
2023-08-20,Singapore,Singapore,142
2023-10-10,Kazakhstan,Almaty (Alma-Ata),1
2023-02-19,Portugal,Lisboa,1
2023-08-22,Belgium,Antwerpen,1
2023-10-31,Czech Republic,Praha 6,1
2023-11-10,Maldives,Malé,2
2023-11-10,Spain,Madrid,1
2023-11-10,Czech Republic,Praha 1,1
2023-07-07,Iceland,Skaftárhreppur,1
2023-10-19,Pakistan,Lahore,1
2023-03-05,Iceland,Reykjavík,1
2023-03-19,Spain,Barcelona,3
2023-10-27,Jordan,Ardhah,1
2023-10-27,Spain,Barcelona,2
2023-10-13,Bangladesh,Dhaka,3
2023-11-20,Czech Republic,Praha 6,1
2023-07-18,Belgium,Bruxelles,1
2023-10-25,Singapore,Singapore,500
2023-10-11,Qatar,N/A,1
2023-03-15,Czech Republic,Praha 5,1
2023-04-22,Slovenia,Maribor,3
2023-02-08,Brunei,Berakas A,2
2023-02-08,Laos,Louangphrabang,1
2023-04-21,Brunei,Kianggeh,2
2023-07-05,Ghana,Accra,1
2023-04-05,Austria,Wien,1
2023-04-04,Austria,Wien,1
2023-11-05,Guam,N/A,1
2023-08-08,Spain,Madrid,1
2023-11-16,Brunei,Sengkurong,1
2023-06-20,Brunei,Gadong,1
2023-06-20,Belgium,Bruxelles,1
2023-11-18,Denmark,Copenhagen,2
2023-09-17,Slovenia,Postojna,1
2023-09-03,Singapore,Singapore,183
2023-11-14,Chile,Valparaíso,1
2023-05-21,Georgia,Tbilisi,1
2023-09-12,Austria,Salzburg,1
2023-11-15,Sri Lanka,Thimbirigasyaya,1
2023-09-14,South Africa,City of Johannesburg,1
2023-10-06,Mexico,Toluca,1
2023-05-24,Singapore,Singapore,196
2023-09-27,Sweden,Kiruna,1
2023-09-27,Oman,Muscat,1
2023-09-27,Sweden,Göteborg,1
2023-09-27,Sweden,Stockholm,1
2023-11-12,Hungary,Budapesti,1
2023-01-01,Poland,Warsaw,1
2023-03-31,Singapore,Singapore,233
2023-06-14,Brazil,São Paulo,1
2023-06-26,Hungary,Budapesti,1
2023-05-15,Singapore,Singapore,128
2023-05-15,Oman,A Seeb,1
2023-09-05,Nepal,Bagmati,1
2023-02-20,Brunei,Kianggeh,1
2023-07-31,Singapore,Singapore,201
2023-07-30,Poland,Warsaw,1
2023-10-24,Laos,Chanthabuly,1
2023-06-06,Belgium,Oost-Vlaanderen,1
2023-02-19,Laos,Chanthabuly,1
2023-06-05,Singapore,Singapore,151
2023-07-26,Singapore,Singapore,204
2023-06-19,Austria,Wien,1
2023-03-21,Sweden,Stockholm,1
2023-06-18,Brunei,Gadong,2
2023-04-25,Maldives,Malé,1
2023-08-15,Hungary,Budapesti,2
2023-08-29,Ireland,N/A,1
2023-09-10,Singapore,Singapore,171
2023-10-29,Austria,Wien,1
2023-03-06,Jordan,Amman,1
2023-10-15,Singapore,Singapore,228
2023-08-17,Belgium,Bruxelles,1
2023-11-22,Czech Republic,Praha 6,1
2023-10-16,Kenya,Dagoretti North,1
2023-08-02,Maldives,Malé,1
2023-07-09,Singapore,Singapore,279
2023-04-11,Qatar,N/A,1
2023-10-13,Sri Lanka,Colombo,1
2023-10-13,Belgium,Bruxelles,3
2023-07-18,Poland,Warsaw,1
2023-02-09,Mexico,Benito Juárez,1
2023-07-06,Singapore,Singapore,248
2023-03-29,Estonia,Tallinn,1
2023-03-14,Poland,Toruń City,1
2023-05-25,Austria,Wien,1
2023-09-01,Bangladesh,Dhaka,1
2023-11-02,Slovenia,Ljubljana,2
2023-11-03,Laos,Louangphrabang,1
2023-09-19,Austria,Salzburg,1
2023-09-19,Chile,Última Esperanza,1
2023-10-07,South Africa,Gert Sibande,1
2023-05-21,Singapore,Singapore,175
2023-05-21,Belgium,Antwerpen,1
2023-09-26,Maldives,Malé,1
2023-09-26,Brunei,Kianggeh,1
2023-01-31,Nigeria,Egbeda,1
2023-04-29,Austria,Linz,1
2023-09-12,Egypt,New Cairo 1,1
2023-06-30,Singapore,Singapore,159
2023-10-05,Sri Lanka,Colombo,3
2023-11-13,Denmark,Copenhagen,1
2023-02-22,Singapore,Singapore,124
2023-09-13,Singapore,Singapore,178
2023-09-13,Qatar,N/A,3
2023-09-13,Austria,Salzburg,1
2023-06-11,Austria,Wien,1
2023-11-09,Maldives,Malé,1
2023-11-09,Belgium,Antwerpen,1
2023-01-24,Singapore,Singapore,216
2023-01-24,Spain,Barcelona,1
2023-09-09,Myanmar,Yangon-W,1
2023-09-09,Poland,Lublin City,1
2023-01-16,Egypt,Al-'Ajuzah,1
2023-09-06,Brunei,Gadong,1
2023-05-04,Maldives,Malé,1
2023-05-17,Portugal,Lisboa,1
2023-09-07,Austria,Salzburg,1
2023-08-21,Singapore,Singapore,172
2023-02-16,Austria,Wien,1
2023-10-24,Czech Republic,Praha 2,1
2023-03-22,Singapore,Singapore,148
2023-02-19,Czech Republic,Praha 1,2
2023-07-16,Laos,Chanthabuly,1
2023-03-10,Austria,Wien,2
2023-01-19,Laos,Chanthabuly,2
2023-06-02,Portugal,Vila Nova de Gaia,1
2023-05-09,Czech Republic,Praha 6,1
2023-10-20,Qatar,N/A,1
2023-03-21,Maldives,Malé,1
2023-06-04,Poland,Kraków City,1
2023-03-04,Czech Republic,Praha 1,1
2023-10-19,Algeria,Bordj El Kiffan,2
2023-04-23,Spain,Barcelona,1
2023-04-27,Austria,Innsbruck,1
2023-04-27,Spain,Barcelona,1
2023-04-12,Maldives,Malé,1
2023-04-12,Poland,Warsaw,1
2023-04-26,Brunei,Gadong,1
2023-09-23,Belgium,Bruxelles,1
2023-02-07,Jordan,Amman,1
2023-02-07,Qatar,N/A,1
2023-11-20,Qatar,N/A,1
2023-07-17,Singapore,Singapore,211
2023-10-25,Czech Republic,Praha 1,1
2023-09-30,Singapore,Singapore,222
2023-08-26,Spain,Barcelona,1
2023-07-19,Oman,A Seeb,2
2023-11-16,Laos,Chanthabuly,1
2023-11-03,Fiji,Ba,1
2023-11-18,Singapore,Singapore,228
2023-09-17,Chile,Última Esperanza,1
2023-05-28,Spain,Barcelona,1
2023-09-19,Qatar,N/A,1
2023-09-03,Maldives,Maafushi Island,1
2023-05-12,Singapore,Singapore,200
2023-10-08,Greece,Central Macedonia,1
2023-09-11,Denmark,Tårnby,1
2023-05-20,Brazil,São Paulo,1
2023-09-25,Singapore,Singapore,235
2023-10-06,Spain,Barcelona,3
2023-03-09,Czech Republic,Praha 1,1
2023-06-27,Papua New Guinea,Ialibu-Pangia,5
2023-01-18,Singapore,Singapore,209
2023-06-01,Singapore,Singapore,190
2023-01-29,Singapore,Singapore,181
2023-07-22,Czech Republic,Praha 10,1
2023-04-09,Spain,Sevilla,1
2023-01-10,Hungary,Budapesti,1
2023-09-06,Laos,Chanthabuly,1
2023-05-18,Czech Republic,Praha 7,1
2023-11-07,Kenya,Dagoretti North,1
2023-06-21,Sweden,Sigtuna,1
2023-06-24,Qatar,N/A,1
2023-01-26,Singapore,Singapore,246
2023-09-08,South Africa,City of Cape Town,1
2023-08-21,Kenya,Westlands,1
2023-07-14,Singapore,Singapore,230
2023-06-07,Singapore,Singapore,198
2023-02-15,Singapore,Singapore,194
2023-10-10,Singapore,Singapore,305
2023-08-23,Greece,Attica,1
2023-08-23,Kenya,Westlands,1
2023-03-26,Singapore,Singapore,134
2023-03-10,Spain,Sevilla,1
2023-01-06,Spain,Madrid,1
2023-02-27,Slovenia,Ljubljana,1
2023-07-23,Singapore,Singapore,161
2023-02-25,Brazil,Ribeirao Preto,1
2023-03-20,Brunei,Kianggeh,1
2023-10-04,Austria,Wien,2
2023-10-04,Laos,Louangphrabang,1
2023-07-07,Singapore,Singapore,403
2023-08-14,Portugal,Lisboa,1
2023-09-10,Sweden,Strömsund,1
2023-04-27,Denmark,Copenhagen,3
2023-03-06,Myanmar,Yangon-W,1
2023-09-24,Maldives,Malé,2
2023-04-26,Czech Republic,Praha 10,1
2023-08-11,Singapore,Singapore,185
2023-11-20,Singapore,Singapore,258
2023-11-20,Kenya,Dagoretti North,1
2023-10-28,Singapore,Singapore,280
2023-03-16,Oman,Bausher,1
2023-04-21,Sweden,Stockholm,1
2023-07-05,Maldives,Malé,1
2023-11-04,Portugal,Lisboa,2
2023-09-02,Singapore,Singapore,170
2023-11-19,Qatar,N/A,1
2023-01-21,Oman,A Seeb,1
2023-04-19,Singapore,Singapore,267
2023-04-18,Austria,Wien,1
2023-11-02,Singapore,Singapore,410
2023-11-02,Hungary,Budapesti,2
2023-11-03,Belgium,Vlaams Brabant,2
2023-11-17,Singapore,Singapore,264
2023-05-12,Sri Lanka,Kelaniya,1
2023-03-07,Ireland,N/A,1
2023-08-04,Laos,Chanthabuly,2
2023-10-09,Norway,Oslo,1
2023-10-09,Denmark,Copenhagen,1
2023-11-01,Austria,Wien,1
2023-04-03,Spain,Barcelona,2
2023-11-12,Belgium,Bruxelles,1
2023-02-22,Spain,Barcelona,1
2023-06-27,Brazil,São Paulo,2
2023-07-22,Czech Republic,Praha 1,1
2023-01-02,Singapore,Singapore,209
2023-01-02,Belgium,Bruxelles,1
2023-06-12,Poland,Poznań City,1
2023-06-12,Spain,Málaga,1
2023-02-23,Qatar,N/A,1
2023-09-06,Maldives,Malé,1
2023-07-21,Maldives,Maafushi Island,1
2023-09-08,Singapore,Singapore,166
2023-11-07,Slovakia,Bratislava I,1
2023-05-04,Maldives,Maafushi Island,1
2023-06-10,Belgium,Antwerpen,1
2023-05-03,Greece,South Aegean,1
2023-05-03,Qatar,N/A,2
2023-11-08,Greece,Central Macedonia,1
2023-10-24,Spain,Barcelona,1
2023-02-05,Belgium,Maastricht,1
2023-08-23,Oman,A Seeb,1
2023-06-09,Myanmar,Yangon-W,1
2023-06-17,Singapore,Singapore,200
2023-08-30,Oman,A Seeb,1
2023-01-19,Brunei,Berakas A,1
2023-02-11,Spain,Barcelona,1
2023-06-05,Austria,Wien,3
2023-10-31,Spain,Barcelona,2
2023-08-01,Oman,Bausher,1
2023-08-15,Lebanon,Beirut,1
2023-04-10,Spain,Barcelona,1
2023-03-17,Belgium,Bruxelles,1
2023-05-30,Laos,Chanthabuly,1
2023-07-07,Myanmar,Yangon-W,1
2023-08-14,Austria,Wien,1
2023-09-10,Greece,Central Macedonia,4
2023-03-06,Brunei,Kianggeh,1
2023-10-15,Iceland,Skaftárhreppur,1
2023-10-16,Belgium,Bruxelles,1
2023-03-05,Singapore,Singapore,230
2023-09-23,Brunei,Gadong,1
2023-08-11,Spain,Madrid,1
2023-04-20,Singapore,Singapore,242
2023-03-28,Singapore,Singapore,188
2023-07-18,Portugal,Lisboa,1
2023-10-28,Austria,Salzburg,3
2023-10-28,Kazakhstan,Almaty (Alma-Ata),1
2023-08-13,Brunei,Gadong,2
2023-10-26,Denmark,Tårnby,1
2023-10-26,Czech Republic,Praha 6,1
2023-07-06,Brunei,Gadong,1
2023-07-19,Singapore,Singapore,248
2023-09-16,Singapore,Singapore,154
2023-09-18,Austria,Wien,1
2023-09-18,Singapore,Singapore,169
2023-09-18,Luxembourg,Esch-sur-Alzette,1
2023-11-17,Romania,Timisoara,1
2023-09-19,Spain,Madrid,1
2023-11-14,Maldives,Malé,2
2023-09-11,Hungary,Budapesti,1
2023-10-09,Spain,Barcelona,1
2023-11-13,Oman,A Seeb,1
2023-01-15,Kazakhstan,Almaty (Alma-Ata),1
2023-07-20,Singapore,Singapore,189
2023-05-07,Argentina,Distrito Federal,1
2023-01-24,Maldives,Maafushi Island,1
2023-07-21,Singapore,Singapore,191
2023-11-07,Singapore,Singapore,285
2023-06-24,Romania,Municipiul Bucuresti,1
2023-07-31,Czech Republic,Praha 2,1
2023-02-17,Maldives,Malé,1
2023-08-21,Oman,Bausher,1
2023-03-23,Myanmar,Yangon-E,1
2023-02-16,Brunei,Kianggeh,2
2023-02-15,Sweden,Stockholm,1
2023-02-15,Austria,Wien,1
2023-10-10,Spain,Barcelona,2
2023-10-10,Belgium,Bruxelles,3
2023-03-11,Singapore,Singapore,86
2023-02-28,Brunei,Kianggeh,1
2023-06-18,Qatar,N/A,1
2023-04-10,Singapore,Singapore,184
2023-04-10,Iceland,Skútustaðahreppur,1
2023-08-14,Spain,Madrid,1
2023-10-19,Brunei,Kianggeh,1
2023-08-03,Uzbekistan,Tashkent City,1
2023-03-19,Belgium,Bruxelles,1
2023-10-27,Singapore,Singapore,346
2023-10-13,Kenya,Westlands,1
2023-02-07,Singapore,Singapore,222
2023-02-07,Czech Republic,Praha 2,1
2023-10-28,Austria,Wien,2
2023-10-11,Spain,Sevilla,1
2023-10-11,Oman,Salalah,2
2023-03-01,Denmark,Copenhagen,2
2023-10-26,Maldives,Malé,1
2023-03-29,Myanmar,Yangon-E,1
2023-03-29,Dominican Republic,Boca Chica,1
2023-03-01,Brunei,Gadong,1
2023-08-26,Brunei,Kianggeh,1
2023-03-14,Spain,Sevilla,1
2023-09-02,Maldives,Malé,1
2023-09-16,Greece,Attica,1
2023-03-14,Spain,Barcelona,2
2023-09-15,Czech Republic,Praha 2,1
2023-09-15,Norway,Tromsø,1
2023-11-16,Singapore,Singapore,248
2023-11-05,Portugal,Lisboa,1
2023-04-07,Singapore,Singapore,202
2023-11-16,Austria,Salzburg,1
2023-09-04,Kenya,Westlands,1
2023-01-23,Ireland,N/A,1
2023-05-13,Austria,Wien,1
2023-09-03,Hungary,Budapesti,1
2023-05-12,Tunisia,Bab Souika,1
2023-03-08,Spain,Granada,1
2023-11-15,Austria,Salzburg,1
2023-11-15,Belgium,Bruxelles,2
2023-10-09,Sri Lanka,Katana,1
2023-09-14,Oman,Nizwa,1
2023-11-01,Qatar,N/A,1
2023-11-01,Kazakhstan,Almaty (Alma-Ata),1
2023-05-23,Morocco,Casablanca,1
2023-09-27,Singapore,Singapore,224
2023-02-22,Austria,Wien,2
2023-08-06,Brunei,Berakas A,1
2023-05-06,Denmark,Tårnby,1
2023-05-06,Norway,Bergen,1
2023-04-02,Singapore,Singapore,170
2023-10-30,Spain,Barcelona,2
2023-03-30,Austria,Salzburg,1
2023-11-09,Oman,Bausher,1
2023-01-24,Laos,Sisattanak,1
2023-05-29,Singapore,Singapore,210
2023-05-01,Sweden,Stockholm,2
2023-01-13,Laos,Chomphet,2
2023-01-28,Austria,Villach,1
2023-05-18,Norway,Oslo,1
2023-06-22,Poland,Warsaw,1
2023-11-07,Maldives,N/A,1
2023-06-21,Belgium,Bruxelles,1
2023-06-10,Sweden,Stockholm,1
2023-06-25,Kenya,Westlands,1
2023-05-17,Slovakia,Bratislava I,1
2023-09-08,Spain,Sevilla,1
2023-08-21,Spain,Madrid,2
2023-04-30,Singapore,Singapore,151
2023-10-24,Singapore,Singapore,255
2023-10-24,Czech Republic,Praha 1,1
2023-07-13,Czech Republic,Brno,1
2023-07-13,Myanmar,Yangon-W,2
2023-07-02,Maldives,Malé,1
2023-08-30,Belgium,Bruxelles,1
2023-02-25,Singapore,Singapore,131
2023-01-04,Austria,Wien,1
2023-06-18,Oman,A Seeb,1
2023-08-31,Qatar,N/A,1
2023-10-17,Kenya,Westlands,1
2023-08-01,Singapore,Singapore,202
2023-03-18,Singapore,Singapore,129
2023-08-15,Spain,Madrid,1
2023-11-10,Sri Lanka,Colombo,1
2023-10-04,Qatar,N/A,2
2023-10-29,Belgium,Bruxelles,1
2023-10-29,Hungary,Budapesti,2
2023-09-10,Croatia,Split,4
2023-10-01,Austria,Innsbruck,1
2023-10-01,Laos,Chanthabuly,1
2023-03-19,Singapore,Singapore,91
2023-04-11,Spain,Barcelona,3
2023-11-20,Oman,A Seeb,1
2023-02-06,Spain,Barcelona,2
2023-07-03,Oman,Bausher,1
2023-03-16,Myanmar,Mandalay,1
2023-09-20,Portugal,Lisboa,1
2023-07-06,Estonia,Tallinn,1
2023-11-04,Czech Republic,Praha 1,1
2023-01-20,Nigeria,Egbeda,1
2023-04-18,Mexico,Cozumel,1
2023-04-07,Iceland,Reykjavík,2
2023-08-08,Belgium,Oost-Vlaanderen,1
2023-10-07,Austria,Wien,1
2023-08-19,Brunei,Kianggeh,1
2023-08-19,Oman,A Seeb,1
2023-08-19,Qatar,N/A,5
2023-08-05,Singapore,Singapore,133
2023-11-15,Spain,Barcelona,4
2023-04-13,Myanmar,Yangon-E,1
2023-09-28,Austria,Wien,1
2023-11-13,Spain,Barcelona,2
2023-09-14,Maldives,Malé,1
2023-01-30,Singapore,Singapore,227
2023-06-01,Belgium,Bruxelles,1
2023-05-19,Nepal,Bagmati,1
2023-05-16,Spain,Barcelona,2
2023-06-21,Brunei,Sengkurong,2
2023-01-12,Singapore,Singapore,181
2023-01-12,Belgium,Bruxelles,1
2023-05-17,Greece,Attica,1
2023-05-03,Laos,Sikhottabong,1
2023-08-21,South Africa,Cape Winelands,1
2023-06-07,Brunei,Berakas A,1
2023-02-16,Singapore,Singapore,168
2023-02-15,Qatar,N/A,1
2023-02-05,Morocco,Marrakech,1
2023-08-23,Slovakia,Bratislava I,1
2023-03-11,Qatar,N/A,3
2023-02-04,Spain,Valencia,1
2023-06-08,Serbia,Palilula,1
2023-02-03,Spain,Madrid,1
2023-01-05,Jordan,Wadi Essier,1
2023-06-05,Belgium,Bruxelles,1
2023-01-04,Singapore,Singapore,115
2023-07-26,Serbia,Stari Grad,1
2023-02-28,Croatia,Zagreb,1
2023-08-15,Spain,Barcelona,2
2023-05-31,Czech Republic,Praha 1,1
2023-11-10,Qatar,N/A,2
2023-10-29,Belgium,Antwerpen,1
2023-08-17,Singapore,Singapore,178
2023-10-16,Sri Lanka,Thimbirigasyaya,1
2023-03-05,Belgium,West-Vlaanderen,1
2023-10-27,Egypt,Bulaq,1
2023-07-04,Brazil,Rio de Janeiro,1
2023-08-10,Pakistan,Lahore,1
2023-10-28,Greece,Attica,1
2023-07-03,Slovakia,Košice I,1
2023-11-21,Spain,Barcelona,1
2023-09-20,Iceland,Reykjavík,1
2023-03-01,Singapore,Singapore,332
2023-10-26,Morocco,Marrakech,1
2023-04-21,Singapore,Singapore,189
2023-11-04,Maldives,Malé,2
2023-09-16,Estonia,Tallinn,1
2023-09-16,Austria,Wien,2
2023-05-11,Portugal,Lisboa,1
2023-01-20,Iceland,Reykjavík,1
2023-11-05,Kenya,Dagoretti North,1
2023-04-07,Iceland,Rangárvallahreppur,1
2023-09-19,Singapore,Singapore,198
2023-05-27,Singapore,Singapore,176
2023-05-20,Austria,Wien,1
2023-08-18,Brunei,Gadong,1
2023-09-28,Denmark,Copenhagen,1
2023-09-27,Czech Republic,Praha 2,2
2023-05-22,Georgia,Tbilisi,1
2023-06-11,Singapore,Singapore,172
2023-10-30,Singapore,Singapore,368
2023-03-31,Brunei,Kianggeh,1
2023-05-08,Jordan,Shooneh Janoobiyyeh,1
2023-01-17,Poland,Warsaw,1
2023-05-16,Brunei,Gadong,1
2023-05-29,Laos,Chanthabuly,2
2023-01-26,Spain,Barcelona,1
2023-04-30,Maldives,Maafushi Island,1
2023-03-23,Singapore,Singapore,138
2023-10-24,South Africa,City of Cape Town,1
2023-08-22,Hungary,Budapesti,1
2023-06-16,Spain,Barcelona,1
2023-02-25,Brazil,São Paulo,2
2023-02-13,Qatar,N/A,2
2023-09-22,Norway,Ullensaker,1
2023-11-10,Poland,Środa Śląska,1
2023-10-04,Czech Republic,Praha 1,1
2023-10-04,Finland,Uusimaa,1
2023-11-22,Maldives,Malé,1
2023-04-12,Greece,South Aegean,1
2023-09-23,Maldives,Malé,1
2023-04-20,Qatar,N/A,1
2023-04-20,Brunei,Kianggeh,1
2023-07-03,Poland,Kraków City,1
2023-11-21,Sri Lanka,Colombo,1
2023-09-20,Belgium,Bruxelles,1
2023-03-01,Morocco,Casablanca,1
2023-08-09,Singapore,Singapore,211
2023-09-01,Spain,Barcelona,1
2023-04-18,Spain,Barcelona,1
2023-04-07,Luxembourg,Esch-sur-Alzette,1
2023-11-17,Nepal,Bagmati,1
2023-05-21,Czech Republic,Praha 10,1
2023-11-15,Greece,Attica,1
2023-10-09,Singapore,Singapore,231
2023-04-16,Belgium,Bruxelles,1
2023-05-23,Singapore,Singapore,219
2023-01-30,Brazil,São Paulo,1
2023-04-03,Chile,Santiago,1
2023-01-18,Maldives,Maafushi Island,1
2023-02-21,Spain,Barcelona,1
2023-02-21,Spain,Baleares,1
2023-02-10,Hungary,Budapesti,2
2023-10-30,Belgium,Vlaams Brabant,2
2023-01-11,Singapore,Singapore,173
2023-09-09,Estonia,Tallinn,1
2023-11-07,Austria,Wien,1
2023-06-21,Brunei,Gadong,2
2023-05-17,Singapore,Singapore,219
2023-07-30,Austria,Salzburg,1
2023-05-03,Finland,Uusimaa,1
2023-07-02,Maldives,Maafushi Island,1
2023-03-25,Spain,Barcelona,1
2023-03-25,Oman,A Seeb,1
2023-07-29,Brazil,São Paulo,1
2023-03-10,Finland,Uusimaa,1
2023-03-10,Portugal,Lisboa,2
2023-07-23,Oman,A Seeb,1
2023-07-12,Laos,Chanthabuly,1
2023-07-11,Kenya,Dagoretti North,1
2023-04-25,Brunei,Berakas A,2
2023-09-22,Spain,Barcelona,1
2023-03-03,Spain,Barcelona,2
2023-07-08,Brunei,Kianggeh,2
2023-10-18,Ireland,N/A,1
2023-10-29,Czech Republic,Praha 1,2
2023-08-17,Oman,A Seeb,1
2023-03-05,Mexico,Cozumel,1
2023-09-23,Singapore,Singapore,200
2023-10-13,Romania,Craiova,1
2023-10-28,Austria,Innsbruck,1
2023-11-21,Kenya,Dagoretti North,1
2023-02-09,South Africa,City of Cape Town,2
2023-03-01,Spain,Barcelona,2
2023-03-15,Singapore,Singapore,109
2023-03-01,Sweden,Stockholm,2
2023-09-02,Spain,Barcelona,1
2023-04-19,Czech Republic,Český Krumlov,2
2023-04-19,Qatar,N/A,1
2023-09-16,Austria,Innsbruck,1
2023-09-01,Qatar,N/A,1
2023-01-20,Singapore,Singapore,227
2023-04-07,Austria,Wien,2
2023-11-16,Spain,Barcelona,1
2023-09-04,Denmark,Copenhagen,1
2023-09-19,Austria,Wien,1
2023-03-08,Singapore,Singapore,294
2023-03-08,Denmark,Copenhagen,1
2023-08-18,Singapore,Singapore,176
2023-09-14,Egypt,New Cairo 1,1
2023-03-09,Oman,A Seeb,1
2023-11-12,Portugal,Ourém,1
2023-06-01,Czech Republic,Praha 1,1
2023-10-30,Czech Republic,Praha 1,1
2023-06-15,Spain,Barcelona,2
2023-01-10,Spain,Barcelona,1
2023-01-16,Spain,Baleares,1
2023-01-16,Finland,Uusimaa,1
2023-01-25,Nepal,Bagmati,1
2023-02-24,Czech Republic,Praha 1,1
2023-01-11,Spain,Barcelona,1
2023-09-05,Myanmar,Yangon-W,1
2023-01-28,Myanmar,Yangon-E,1
2023-05-18,Austria,Wien,1
2023-02-20,Poland,Kraków City,1
2023-06-24,Austria,Wien,1
2023-07-31,Maldives,Malé,1
2023-07-30,Singapore,Singapore,145
2023-10-24,Hungary,Budapesti,1
2023-02-01,Singapore,Singapore,254
2023-08-23,Maldives,Maafushi Island,1
2023-07-02,Singapore,Singapore,186
2023-10-22,Romania,Slatina,1
2023-07-24,Spain,Barcelona,2
2023-07-26,Maldives,Malé,1
2023-06-18,Singapore,Singapore,187
2023-10-17,Czech Republic,Praha 2,1
2023-08-01,Spain,Barcelona,3
2023-10-03,Maldives,Malé,2
2023-08-15,Denmark,Frederiksberg,1
2023-08-29,Brunei,Gadong,2
2023-09-21,Norway,Oslo,1
2023-03-17,Singapore,Singapore,126
2023-05-30,Denmark,Tårnby,1
2023-03-02,Sweden,Stockholm,1
2023-10-27,Mexico,León,1
2023-08-25,Maldives,Malé,1
2023-08-10,Hungary,Budapesti,1
2023-11-21,Qatar,N/A,2
2023-11-21,Belgium,Bruxelles,1
2023-03-16,Spain,Barcelona,1
2023-10-25,Iceland,Reykjavík,1
2023-10-11,Singapore,Singapore,279
2023-08-13,Qatar,N/A,1
2023-08-12,Laos,Chanthabuly,2
2023-10-12,Ireland,N/A,1
2023-03-14,Denmark,Odense,1
2023-09-01,Singapore,Singapore,182
2023-09-01,Spain,Madrid,1
2023-11-16,Kenya,Dagoretti North,1
2023-01-22,Singapore,Singapore,144
2023-05-12,Belgium,Bruxelles,1
2023-11-14,Spain,Barcelona,1
2023-10-07,Belgium,Bruxelles,2
2023-04-29,Singapore,Singapore,170
2023-09-26,Belgium,Bruxelles,1
2023-09-28,Brunei,Gadong,2
2023-09-28,Singapore,Singapore,264
2023-04-16,Singapore,Singapore,205
2023-11-01,Spain,Barcelona,1
2023-10-05,Maldives,Maafushi Island,1
2023-03-09,Belgium,Bruxelles,1
2023-06-27,Denmark,Copenhagen,1
2023-01-18,Myanmar,Yangon-E,1
2023-06-28,Laos,Chanthabuly,1
2023-06-23,Brunei,Sengkurong,1
2023-11-09,Austria,Wien,1
2023-02-24,Singapore,Singapore,111
2023-10-24,Spain,Madrid,2
2023-01-09,Spain,Barcelona,1
2023-02-19,Singapore,Singapore,122
2023-02-19,Spain,Barcelona,2
2023-03-11,Brunei,Kianggeh,1
2023-02-27,Brazil,São Paulo,1
2023-06-03,Myanmar,Yangon-E,1
2023-02-12,Singapore,Singapore,196
2023-05-09,Laos,Sikhottabong,1
2023-07-12,Hungary,Budapesti,1
2023-07-25,Belgium,Antwerpen,1
2023-07-25,San Marino,N/A,1
2023-09-22,Spain,Sevilla,1
2023-10-03,Belgium,Bruxelles,1
2023-03-18,Myanmar,Yangon-W,1
2023-09-10,Sweden,Vilhelmina,1
2023-10-19,Norway,Oslo,1
2023-10-29,Maldives,Malé,1
2023-03-05,Brunei,Berakas A,1
2023-04-26,Belgium,Bruxelles,1
2023-04-26,Belgium,Oost-Vlaanderen,1
2023-10-13,Spain,Madrid,1
2023-08-25,Myanmar,Yangon-W,1
2023-11-21,Spain,Valencia,1
2023-08-13,Denmark,Copenhagen,1
2023-10-26,Austria,Wien,2
2023-04-22,Spain,Barcelona,2
2023-04-05,Qatar,N/A,1
2023-11-19,Poland,Kraków City,1
2023-01-21,Denmark,Copenhagen,1
2023-04-19,Czech Republic,Praha 3,1
2023-11-16,Uzbekistan,Oltinko'l,1
2023-05-10,Brazil,São Paulo,1
2023-08-08,Andorra,N/A,2
2023-09-18,Spain,Barcelona,1
2023-01-22,Slovenia,Maribor,2
2023-11-18,Czech Republic,Praha 2,1
2023-11-18,Egypt,Nasr City 1,2
2023-05-12,Laos,Vangvieng,1
2023-04-14,Myanmar,Yangon-W,1
2023-04-29,Myanmar,Yangon-E,1
2023-05-20,Portugal,Porto,1
2023-09-12,Croatia,Zagreb,1
2023-10-09,South Africa,City of Cape Town,1
2023-04-17,Poland,Gdańsk City,1
2023-10-05,Austria,Wien,1
2023-03-09,Spain,Barcelona,1
2023-01-01,Singapore,Singapore,144
2023-05-06,Myanmar,Yangon-W,1
2023-06-26,Singapore,Singapore,276
2023-06-29,Brunei,Kianggeh,1
2023-05-08,Brunei,Sengkurong,1
2023-06-24,Brunei,Berakas A,1
2023-08-21,Hungary,Budapesti,1
2023-10-23,Czech Republic,Praha 10,1
2023-02-16,Belgium,Bruxelles,1
2023-06-06,Singapore,Singapore,169
2023-10-22,Brunei,Berakas A,1
2023-03-10,Brunei,Berakas A,2
2023-07-24,Singapore,Singapore,207
2023-02-11,Brunei,Berakas A,2
2023-06-19,Oman,Bausher,2
2023-08-29,Belgium,Bruxelles,1
2023-03-03,Iceland,Sveitarfélagið Hornafjörður,1
2023-04-10,Svalbard and Jan Mayen,N/A,1
2023-04-24,Oman,A Seeb,1
2023-09-21,N/A,N/A,8
2023-05-30,Oman,A Seeb,1
2023-04-12,Mexico,Azcapotzalco,1
2023-04-11,Belgium,Bruxelles,1
2023-08-11,Norway,Oslo,1
2023-08-24,Brazil,São Paulo,3
2023-10-25,Laos,Chanthabuly,1
2023-03-15,Belgium,Bruxelles,1
2023-07-19,Sri Lanka,Thimbirigasyaya,1
2023-08-09,Oman,Taqah,1
2023-05-26,Morocco,Marrakech,2
2023-11-02,Spain,Madrid,1
2023-11-03,Norway,Tromsø,1
2023-11-18,Czech Republic,Praha 7,1
2023-08-19,Spain,Barcelona,3
2023-05-20,Myanmar,Yangon-W,1
2023-09-14,Spain,A Coruña,1
2023-09-28,Maldives,Maafushi Island,1
2023-06-30,Slovakia,Bratislava I,1
2023-11-12,Czech Republic,Praha 6,1
2023-04-01,Poland,Łódź,1
2023-10-30,Qatar,N/A,1
2023-10-30,Laos,Chanthabuly,1
2023-01-15,Georgia,Tbilisi,1
2023-01-02,Spain,Barcelona,1
2023-05-16,Myanmar,Yangon-W,1
2023-09-05,Belgium,Bruxelles,1
2023-01-25,Spain,Barcelona,1
2023-02-24,Qatar,N/A,1
2023-06-22,Laos,Louangphrabang,1
2023-06-25,Czech Republic,Praha 7,1
2023-02-17,Qatar,N/A,1
2023-07-16,Poland,Kraków City,1
2023-02-18,Qatar,N/A,1
2023-01-06,Singapore,Singapore,117
2023-02-26,Singapore,Singapore,88
2023-02-11,Mexico,Benito Juárez,1
2023-07-12,Spain,Barcelona,1
2023-02-13,Austria,Salzburg,1
2023-08-31,Hungary,Budapesti,1
2023-08-31,Morocco,Marrakech,2
2023-11-11,Qatar,N/A,2
2023-11-11,Spain,Barcelona,2
2023-03-06,Spain,Sevilla,1
2023-10-02,Sri Lanka,Dehiwala-Mount Lavinia,1
2023-09-23,Fiji,Ra,1
2023-08-16,Belgium,Bruxelles,1
2023-07-18,Czech Republic,Praha 1,1
2023-03-27,Spain,Barcelona,1
2023-10-12,Singapore,Singapore,272
2023-10-12,Spain,Granada,1
2023-07-19,Austria,Gmunden,1
2023-08-09,Denmark,Århus,1
2023-08-09,Spain,Madrid,1
2023-05-25,Iceland,Reykjavík,1
2023-09-29,Hungary,Budapesti,1
2023-11-05,Brunei,Berakas A,2
2023-11-05,Qatar,N/A,1
2023-11-02,Maldives,Malé,1
2023-09-04,Singapore,Singapore,209
2023-05-13,Singapore,Singapore,190
2023-08-19,Belgium,Bruxelles,1
2023-10-08,Singapore,Singapore,185
2023-09-11,South Africa,City of Cape Town,2
2023-09-12,Singapore,Singapore,173
2023-10-09,Austria,Salzburg,1
2023-05-24,Czech Republic,Praha 6,1
2023-09-27,Qatar,N/A,1
2023-10-05,Sri Lanka,Thimbirigasyaya,1
2023-04-01,Qatar,N/A,1
2023-02-22,Slovakia,Košice I,1
2023-04-02,Hungary,Budapesti,1
2023-05-05,Qatar,N/A,2
2023-06-11,Spain,Huelva,1
2023-01-14,Qatar,N/A,1
2023-03-30,Serbia,Palilula,1
2023-06-21,Denmark,Copenhagen,1
2023-05-03,Czech Republic,Praha 5,1
2023-02-19,Slovakia,Bratislava I,2
2023-08-22,Spain,Barcelona,3
2023-08-22,Suriname,Rainville,1
2023-07-24,Oman,Bausher,1
2023-07-12,Laos,Louangphrabang,1
2023-07-12,Iceland,Húnaþing vestra,1
2023-01-08,Spain,Barcelona,1
2023-07-26,Bangladesh,Dhaka,1
2023-06-04,Kuwait,N/A,1
2023-01-07,Hungary,Budapesti,2
2023-10-03,Czech Republic,Praha 5,1
2023-03-18,Portugal,Lisboa,2
2023-03-18,Oman,A Seeb,1
2023-10-19,Poland,Warsaw,1
2023-04-27,Nepal,Bagmati,1
2023-10-16,Belgium,Antwerpen,1
2023-02-07,Brazil,João Pessoa,1
2023-03-28,Egypt,Unorganized in Al Jizah,2
2023-07-18,Qatar,N/A,1
2023-11-20,Brunei,Gadong,2
2023-03-13,Spain,Valencia,2
2023-03-16,Portugal,Lisboa,1
2023-09-20,Qatar,N/A,1
2023-09-30,Belgium,Bruxelles,1
2023-03-01,Qatar,N/A,1
2023-03-01,Laos,Sisattanak,1
2023-08-26,Papua New Guinea,National Capital District,1
2023-01-21,Singapore,Singapore,181
2023-04-19,Luxembourg,Esch-sur-Alzette,1
2023-04-19,Czech Republic,Karlovy Vary,1
2023-05-26,Georgia,Tbilisi,1
2023-05-25,Hungary,Budapesti,1
2023-09-15,Brunei,Gadong,1
2023-09-15,Qatar,N/A,1
2023-11-05,Maldives,Malé,2
2023-04-07,Spain,Barcelona,1
2023-04-07,Iceland,Mýrdalshreppur,1
2023-01-23,Myanmar,Yangon-E,1
2023-11-14,Maldives,Maafushi Island,2
2023-05-21,Austria,Wien,2
2023-09-26,Oman,Muscat,1
2023-09-11,Denmark,Copenhagen,1
2023-03-07,Spain,Barcelona,3
2023-08-04,Kenya,Westlands,3
2023-09-14,Qatar,N/A,1
2023-06-13,Spain,Barcelona,1
2023-11-12,Singapore,Singapore,281
2023-06-01,Portugal,Vila Nova de Gaia,6
2023-05-19,Spain,Barcelona,2
2023-01-14,Romania,Municipiul Bucuresti,1
2023-01-17,Singapore,Singapore,217
2023-06-15,Singapore,Singapore,199
2023-05-02,Austria,Salzburg,1
2023-09-09,Bahrain,N/A,1
2023-01-10,Denmark,Copenhagen,1
2023-11-07,Belgium,Bruxelles,1
2023-06-24,Fiji,Ba,1
2023-09-07,Sri Lanka,Colombo,1
2023-07-14,Maldives,Malé,1
2023-06-07,Spain,Barcelona,1
2023-10-10,Maldives,Maafushi Island,1
2023-02-05,Singapore,Singapore,161
2023-02-05,Laos,Louangphrabang,1
2023-07-16,Uzbekistan,Tashkent City,1
2023-10-21,Singapore,Singapore,225
2023-06-02,Singapore,Singapore,184
2023-05-09,Egypt,Ancient Cairo,1
2023-06-05,Portugal,Vila Nova de Gaia,3
2023-01-04,Sweden,Stockholm,2
2023-01-07,Brunei,Berakas A,1
2023-07-25,Belgium,Bruxelles,1
2023-02-13,Spain,Barcelona,4
2023-02-13,Liechtenstein,N/A,1
2023-03-04,Oman,A Seeb,1
2023-03-18,Sri Lanka,Colombo,1
2023-04-24,Singapore,Singapore,206
2023-09-21,Spain,Barcelona,1
2023-10-04,Norway,Bergen,2
2023-10-04,Slovenia,Ljubljana,1
2023-03-17,Chile,Curicó,1
2023-08-28,Maldives,Malé,1
2023-03-02,Singapore,Singapore,281
2023-09-10,Spain,Barcelona,2
2023-08-17,Slovenia,Ljubljana,1
2023-04-20,Austria,Wien,1
2023-07-03,Denmark,Copenhagen,1
2023-10-14,Sri Lanka,Dambulla,2
2023-07-17,Fiji,Ba,1
2023-09-30,Finland,Uusimaa,2
2023-07-05,Czech Republic,Praha 1,5
2023-11-19,Uzbekistan,Tashkent City,1
2023-11-19,Guyana,City of Georgetown,1
2023-04-19,Austria,Wien Umgebung,1
2023-04-18,Fiji,Ba,2
2023-09-18,Czech Republic,Praha 1,1
2023-06-20,Lebanon,Baabda,1
2023-05-27,Oman,Bausher,1
2023-10-07,Egypt,Nasr City 1,1
2023-03-07,Qatar,N/A,1
2023-09-27,Fiji,Ba,1
2023-10-05,Serbia,Palilula,1
2023-06-13,Spain,Huelva,1
2023-05-22,Brunei,Berakas A,2
2023-02-21,Denmark,Copenhagen,2
2023-06-11,Oman,A Seeb,1
2023-02-10,Singapore,Singapore,232
2023-01-10,Moldova,N/A,1
2023-02-24,Slovenia,Ljubljana,1
2023-09-08,Croatia,Dubrovnik,1
2023-05-18,Maldives,Maafushi Island,1
2023-11-07,Belgium,Antwerpen,1
2023-05-04,Laos,Sikhottabong,1
2023-06-21,Singapore,Singapore,625
2023-01-27,Singapore,Singapore,222
2023-11-08,Spain,Barcelona,1
2023-03-23,Norway,Bergen,1
2023-02-18,Maldives,Malé,1
2023-07-24,Sweden,Stockholm,1
2023-02-26,Spain,Madrid,1
2023-01-19,Serbia,Palilula,1
2023-02-11,Greece,Attica,2
2023-06-05,Maldives,Malé,2
2023-01-04,Spain,Madrid,1
2023-10-31,Qatar,N/A,3
2023-08-31,Laos,Chanthabuly,1
2023-10-17,Kenya,Dagoretti North,1
2023-09-22,Northern Mariana Islands,N/A,1
2023-09-22,Laos,Chanthabuly,1
2023-03-18,Spain,Barcelona,3
2023-03-18,Spain,Madrid,2
2023-03-18,Myanmar,Yangon-E,1
2023-08-15,Kenya,Kibra,1
2023-03-03,Singapore,Singapore,310
2023-10-29,Croatia,Zagreb,1
2023-10-16,Czech Republic,Praha 1,1
2023-04-12,Singapore,Singapore,210
2023-08-02,Laos,Chanthabuly,1
2023-04-26,Brunei,Berakas A,1
2023-10-13,Singapore,Singapore,264
2023-07-18,Spain,Barcelona,1
2023-02-06,Oman,Bausher,1
2023-11-21,Sweden,Stockholm,1
2023-09-02,Austria,Wien,1
2023-05-26,Laos,Chanthabuly,1
2023-09-15,Maldives,Maafushi Island,1
2023-01-23,Singapore,Singapore,184
2023-11-17,Brunei,Gadong,2
2023-11-17,Belgium,Antwerpen,1
2023-06-20,Qatar,N/A,2
2023-05-13,Nepal,Gandaki,1
2023-04-06,Hungary,Budapesti,1
2023-01-31,Spain,Barcelona,1
2023-04-28,Qatar,N/A,1
2023-08-04,Brunei,Berakas A,1
2023-06-13,Singapore,Singapore,181
2023-09-27,Spain,Barcelona,2
2023-11-12,Kenya,Dagoretti North,1
2023-05-06,Slovakia,Bratislava II,1
2023-05-06,Czech Republic,Praha 1,1
2023-06-26,Spain,Barcelona,1
2023-05-05,Belgium,Bruxelles,1
2023-10-30,Bangladesh,Dhaka,1
2023-07-22,Singapore,Singapore,176
2023-05-19,Poland,Warsaw,1
2023-01-14,Cyprus,N/A,1
2023-06-12,Singapore,Singapore,215
2023-05-07,Ecuador,Quito,1
2023-03-30,Slovakia,Bratislava I,1
2023-06-23,Czech Republic,Praha 1,1
2023-01-10,Sweden,Stockholm,1
2023-09-05,Finland,Uusimaa,1
2023-06-22,Maldives,Malé,1
2023-05-04,Slovakia,Bratislava II,1
2023-11-06,Kenya,Dagoretti North,1
2023-06-24,Singapore,Singapore,254
2023-06-10,Spain,Madrid,1
2023-06-08,China,Suzhou,1
2023-07-24,China,Shanghai,3
2023-10-20,China,Haikou,1
2023-02-28,China,Fuzhou,1
2023-06-18,China,Guangzhou,1
2023-10-03,China,Shanghai,3
2023-08-03,China,Shenzhen,1
2023-09-23,China,Quanzhou,1
2023-10-13,China,Shenzhen,6
2023-11-20,China,Xiamen,1
2023-10-26,China,Beijing,2
2023-07-05,China,Shenyang,1
2023-05-26,China,Shenzhen,1
2023-09-29,China,Guangzhou,4
2023-05-10,China,Fuzhou,1
2023-09-19,China,Shenzhen,1
2023-09-19,China,Guangzhou,7
2023-04-06,China,Xiamen,1
2023-09-12,China,Chengdu,1
2023-08-18,China,Xiamen,1
2023-06-30,China,Beijing,4
2023-09-14,China,Dongguan,2
2023-04-16,China,Guangzhou,1
2023-05-15,China,Shanghai,2
2023-05-29,China,Suzhou,1
2023-08-20,China,Hangzhou,4
2023-01-06,China,Xishuangbanna Dai,1
2023-06-03,China,Hangzhou,1
2023-08-30,China,Beijing,1
2023-06-02,China,Shanghai,2
2023-05-09,China,Taizhou,1
2023-07-10,China,Shenzhen,2
2023-10-17,China,Hangzhou,3
2023-10-18,China,Wuxi,1
2023-09-10,China,Shenzhen,1
2023-10-19,China,Wuxi,1
2023-11-11,China,Shenzhen,1
2023-08-02,China,Nanjing,1
2023-02-07,China,Shanghai,1
2023-07-04,China,Shenzhen,1
2023-08-25,China,Jinhua,2
2023-04-05,China,Nantong,1
2023-11-05,China,Jinhua,1
2023-04-06,China,Guangzhou,2
2023-11-01,China,Tangshan,2
2023-09-25,China,Guangzhou,3
2023-10-09,China,Shanghai,3
2023-11-13,China,Beijing,3
2023-10-30,China,Beijing,3
2023-03-31,China,Zhengzhou,1
2023-09-08,China,Ningbo,1
2023-07-30,China,Hangzhou,2
2023-10-23,China,Guangzhou,5
2023-06-09,China,Shenzhen,2
2023-07-15,China,Nanning,1
2023-07-23,China,Xiamen,1
2023-06-19,China,Shanghai,5
2023-09-21,China,Guangzhou,3
2023-10-18,China,Wenzhou,1
2023-05-30,China,Suzhou,1
2023-10-15,China,Shenzhen,1
2023-10-14,China,Tianjin,1
2023-10-14,China,Xingtai,1
2023-08-24,China,Beijing,1
2023-07-17,China,Xiamen,1
2023-10-26,China,Fuzhou,1
2023-03-01,China,Guangzhou,1
2023-09-01,China,Ningbo,2
2023-04-07,China,Guangzhou,1
2023-11-17,China,Shenzhen,2
2023-05-27,China,Shanghai,1
2023-09-03,China,Shijiazhuang,1
2023-10-07,China,Beijing,1
2023-09-26,China,Shanghai,3
2023-04-29,China,Beijing,1
2023-06-30,China,Guangzhou,2
2023-05-24,China,Guangzhou,2
2023-05-24,China,Xiamen,1
2023-10-06,China,Suzhou,1
2023-06-11,China,Shijiazhuang,2
2023-06-21,China,Shanghai,1
2023-08-21,China,Shanghai,3
2023-07-13,China,Shenzhen,1
2023-06-06,China,Shanghai,2
2023-08-30,China,Jieyang,1
2023-06-19,China,Changchun,1
2023-06-18,China,Shenzhen,1
2023-10-03,China,Shenzhen,1
2023-08-14,China,Guangzhou,3
2023-08-16,China,Foshan,1
2023-10-28,China,Guangzhou,6
2023-11-21,China,Xi'an,1
2023-09-20,China,Foshan,1
2023-08-27,China,Guangzhou,1
2023-07-19,China,Shenzhen,1
2023-09-02,China,Shenzhen,2
2023-09-16,China,Chongqing,1
2023-04-07,China,Shenzhen,2
2023-09-26,China,Tianjin,1
2023-04-14,China,Haikou,1
2023-09-12,China,Hangzhou,1
2023-08-18,China,Guangzhou,3
2023-05-24,China,Jinhua,1
2023-09-27,China,Zhoushan,1
2023-08-06,China,Beijing,2
2023-02-23,China,Hangzhou,1
2023-09-05,China,Shanghai,8
2023-09-05,China,Foshan,1
2023-06-22,China,Beijing,3
2023-11-07,China,Xi'an,1
2023-05-04,China,Dongguan,1
2023-06-25,China,Nanjing,2
2023-08-20,China,Shanghai,2
2023-02-26,China,Xiamen,1
2023-06-16,China,Huangshan,1
2023-07-12,China,Chongqing,1
2023-07-11,China,Xiamen,1
2023-03-20,China,Guangzhou,2
2023-08-29,China,Qingdao,1
2023-05-31,China,Shanghai,8
2023-03-03,China,Dongguan,1
2023-10-04,China,Xiamen,2
2023-11-11,China,Zhuhai,1
2023-10-01,China,Hangzhou,1
2023-07-04,China,Guangzhou,3
2023-10-26,China,Shanghai,5
2023-10-12,China,Guangzhou,2
2023-07-19,China,Shanghai,7
2023-11-19,China,Guangzhou,2
2023-08-09,China,Hangzhou,3
2023-05-11,China,Shenzhen,2
2023-08-08,China,Shanghai,5
2023-11-02,China,Shenzhen,1
2023-04-29,China,Guangzhou,1
2023-04-14,China,Xiamen,1
2023-09-12,China,Nanning,1
2023-11-15,China,Suzhou,1
2023-04-13,China,Jiangmen,1
2023-11-13,China,Shanghai,3
2023-05-16,China,Ningbo,2
2023-09-08,China,Beijing,2
2023-07-14,China,Guangzhou,1
2023-07-27,China,Beijing,1
2023-06-08,China,Guangzhou,3
2023-06-17,China,Guangzhou,4
2023-10-31,China,Beijing,4
2023-08-01,China,Hangzhou,1
2023-10-03,China,Changsha,1
2023-08-15,China,Nanning,1
2023-10-18,China,Shenzhen,1
2023-07-07,China,Fuzhou,1
2023-10-29,China,Xi'an,2
2023-03-06,China,Huzhou,1
2023-10-16,China,Chongqing,1
2023-09-23,China,Jinhua,1
2023-08-16,China,Shanghai,4
2023-07-17,China,Xi'an,1
2023-03-16,China,Guangzhou,2
2023-03-14,China,Guangzhou,1
2023-08-09,China,Shanghai,5
2023-08-09,China,Hefei,1
2023-09-29,China,Beijing,1
2023-09-04,China,Shenzhen,1
2023-09-03,China,Xiamen,1
2023-10-08,China,Xiamen,1
2023-10-08,China,Beijing,1
2023-11-13,China,Guangzhou,3
2023-09-27,China,Shenzhen,1
2023-06-01,China,Chongqing,2
2023-05-08,China,Changsha,1
2023-11-09,China,Xiamen,1
2023-05-16,China,Shanghai,2
2023-06-22,China,Shenzhen,1
2023-05-17,China,Shenzhen,1
2023-05-03,China,Guangzhou,3
2023-07-14,China,Shanghai,2
2023-07-14,China,Hangzhou,1
2023-10-23,China,Shanghai,1
2023-07-28,China,Fuzhou,1
2023-10-21,China,Chongqing,1
2023-08-22,China,Shenzhen,1
2023-06-16,China,Shenzhen,1
2023-10-31,China,Xiamen,1
2023-08-31,China,Chengdu,1
2023-11-10,China,Guangzhou,2
2023-07-18,China,Guangzhou,3
2023-03-27,China,Shanghai,3
2023-09-30,China,Guangzhou,4
2023-09-30,China,Fushun,1
2023-03-15,China,Guangzhou,1
2023-10-12,China,Beijing,1
2023-11-04,China,Xiamen,1
2023-09-16,China,Guangzhou,4
2023-04-04,China,Ningbo,1
2023-09-15,China,Shenzhen,1
2023-11-05,China,Shanghai,1
2023-05-13,China,Suzhou,1
2023-09-19,China,Xianyang,1
2023-05-12,China,Yantai,1
2023-08-05,China,Guangzhou,2
2023-09-25,China,Shanghai,1
2023-10-06,China,Yantai,1
2023-10-05,China,Xiamen,1
2023-07-20,China,Shanghai,2
2023-09-06,China,Shanghai,8
2023-09-06,China,Guangzhou,3
2023-07-15,China,Fuzhou,1
2023-08-30,China,Xi'an,1
2023-06-16,China,Suzhou,1
2023-07-12,China,Tianjin,1
2023-10-31,China,Zhangzhou,1
2023-08-28,China,Shenzhen,4
2023-10-01,China,Guangzhou,4
2023-10-16,China,Quanzhou,1
2023-08-25,China,Guangzhou,2
2023-10-28,China,Shanghai,1
2023-10-14,China,Beijing,3
2023-10-25,China,Jiangmen,1
2023-07-05,China,Beijing,6
2023-04-04,China,Xiamen,1
2023-09-17,China,Chengdu,1
2023-03-08,China,Huzhou,1
2023-04-14,China,Shanghai,3
2023-08-04,China,Guangzhou,1
2023-09-13,China,Shenzhen,1
2023-06-11,China,Chengdu,1
2023-07-22,China,Wuhan,3
2023-06-12,China,Shanghai,8
2023-07-20,China,Beijing,1
2023-06-25,China,Shanghai,1
2023-07-31,China,Guangzhou,1
2023-10-10,China,Foshan,2
2023-07-29,China,Shenzhen,2
2023-03-21,China,Guangzhou,1
2023-07-10,China,Haikou,1
2023-04-10,China,Guangzhou,3
2023-09-24,China,Xiamen,3
2023-08-02,China,Guangzhou,1
2023-09-23,China,Beijing,3
2023-04-20,China,Beijing,2
2023-10-11,China,Shenzhen,2
2023-10-11,China,Hangzhou,1
2023-07-05,China,Xiamen,2
2023-04-05,China,Shanghai,2
2023-05-26,China,Guangzhou,1
2023-05-26,China,Beijing,3
2023-03-14,China,Xiamen,1
2023-11-16,China,Zhengzhou,1
2023-04-28,China,Leshan,1
2023-10-09,China,Guangzhou,1
2023-06-13,China,Shanghai,1
2023-09-13,China,Xi'an,2
2023-06-01,China,Shanghai,2
2023-06-15,China,Shenzhen,2
2023-06-28,China,Shenzhen,1
2023-05-02,China,Guangzhou,1
2023-02-24,China,Guangzhou,2
2023-07-21,China,Suzhou,1
2023-11-07,China,Shanghai,8
2023-10-23,China,Zhoushan,1
2023-07-13,China,Foshan,3
2023-02-15,China,Shenzhen,1
2023-03-26,China,Shanghai,1
2023-08-30,China,Baotou,1
2023-06-04,China,Shenzhen,1
2023-09-22,China,Shanghai,2
2023-05-31,China,Shenzhen,2
2023-07-08,China,Guangzhou,1
2023-10-16,China,Shenzhen,2
2023-07-09,China,Shanghai,1
2023-10-13,China,Guangzhou,3
2023-04-20,China,Shanghai,1
2023-08-13,China,Sanya,2
2023-08-26,China,Guangzhou,1
2023-10-12,China,Xingtai,2
2023-09-02,China,Suzhou,1
2023-04-19,China,Guangzhou,2
2023-04-19,China,Shanghai,1
2023-05-28,China,Beijing,1
2023-09-18,China,Quanzhou,1
2023-05-27,China,Shenzhen,1
2023-04-29,China,Quanzhou,1
2023-04-13,China,Guangzhou,5
2023-07-30,China,Shenzhen,3
2023-07-28,China,Guangzhou,1
2023-10-17,China,Foshan,2
2023-08-15,China,Shanghai,4
2023-10-11,China,Rizhao,1
2023-07-19,China,Guangzhou,2
2023-09-02,China,Hangzhou,1
2023-09-01,China,Shenzhen,1
2023-04-18,China,Shanghai,4
2023-09-29,China,Fuzhou,1
2023-11-17,China,Guangzhou,2
2023-09-19,China,Hangzhou,3
2023-04-15,China,Xiamen,2
2023-05-21,China,Guangzhou,1
2023-11-01,China,Shanghai,14
2023-08-06,China,Shenzhen,1
2023-04-02,China,Shanghai,1
2023-02-10,China,Guangzhou,1
2023-03-30,China,Guangzhou,2
2023-11-07,China,Guangzhou,4
2023-05-04,China,Shanghai,1
2023-11-06,China,Xiamen,1
2023-10-24,China,Beijing,5
2023-06-05,China,Shenzhen,1
2023-01-04,China,Xishuangbanna Dai,2
2023-10-17,China,Changsha,1
2023-08-15,China,Shenzhen,1
2023-08-14,China,Kunming,1
2023-07-18,China,Shenzhen,4
2023-10-28,China,Beijing,1
2023-03-29,China,Guangzhou,5
2023-02-08,China,Guangzhou,1
2023-03-14,China,Shenzhen,1
2023-05-10,China,Chongqing,1
2023-11-02,China,Beijing,2
2023-05-14,China,Beijing,1
2023-04-14,China,Guangzhou,3
2023-04-13,China,Shanghai,1
2023-11-13,China,Jinan,1
2023-05-23,China,Beijing,1
2023-11-12,China,Guangzhou,3
2023-01-29,China,Guangzhou,1
2023-05-05,China,Shenzhen,2
2023-06-15,China,Fuzhou,1
2023-04-09,China,Guangzhou,3
2023-09-08,China,Guangzhou,4
2023-05-17,China,Jinhua,1
2023-07-13,China,Fuzhou,2
2023-03-10,China,Jinan,1
2023-06-08,China,Qingdao,3
2023-04-25,China,Beijing,1
2023-10-03,China,Xiamen,1
2023-10-29,China,Beijing,2
2023-08-03,China,Taizhou,1
2023-10-27,China,Jinhua,1
2023-10-27,China,Shanghai,3
2023-08-27,China,Xiamen,2
2023-07-06,China,Shenyang,1
2023-08-26,China,Chengdu,3
2023-05-25,China,Nanning,1
2023-09-01,China,Xiamen,1
2023-04-29,China,Xiamen,1
2023-04-14,China,Hangzhou,2
2023-04-13,China,Beijing,2
2023-10-06,China,Quanzhou,1
2023-08-07,China,Guangzhou,3
2023-04-17,China,Shenzhen,1
2023-04-17,China,Changsha,1
2023-06-27,China,Shanghai,3
2023-06-29,China,Shenzhen,1
2023-01-14,China,Nanjing,2
2023-11-06,China,Quzhou,1
2023-02-17,China,Xiamen,2
2023-02-15,China,Beijing,1
2023-07-24,China,Beijing,1
2023-06-17,China,Wuhan,1
2023-08-31,China,Shenzhen,1
2023-10-17,China,Shenzhen,1
2023-10-03,China,Guangzhou,4
2023-03-03,China,Tianjin,1
2023-10-19,China,Beijing,1
2023-10-29,China,Shanghai,4
2023-08-03,China,Shanghai,5
2023-09-24,China,Shanghai,1
2023-07-03,China,Beijing,2
2023-08-24,China,Shanghai,5
2023-10-26,China,Hangzhou,2
2023-04-22,China,Shanghai,2
2023-04-21,China,Shanghai,4
2023-05-26,China,Shanghai,4
2023-11-02,China,Suzhou,1
2023-09-19,China,Chongqing,1
2023-09-11,China,Jinhua,2
2023-04-28,China,Beijing,1
2023-09-12,China,Guangzhou,1
2023-08-18,China,Huangshan,1
2023-08-18,China,Beijing,1
2023-09-25,China,Hangzhou,1
2023-09-28,China,Xiamen,2
2023-09-28,China,Beijing,1
2023-10-06,China,Nanjing,1
2023-06-30,China,Shanghai,6
2023-06-30,China,Wuhan,1
2023-09-13,China,Chengdu,1
2023-05-05,China,Guangzhou,2
2023-06-12,China,Guangzhou,1
2023-05-15,China,Guangzhou,1
2023-05-04,China,Jinhua,1
2023-06-25,China,Shenzhen,2
2023-05-17,China,Xiangxi Tujia and Miao,1
2023-02-17,China,Fuzhou,1
2023-04-30,China,Shanghai,1
2023-10-24,China,Guangzhou,1
2023-07-16,China,Beijing,1
2023-07-12,China,Huai'an,1
2023-03-17,China,Shanghai,3
2023-07-07,China,Wenzhou,2
2023-11-20,China,Guangzhou,2
2023-05-10,China,Shanghai,1
2023-11-03,China,Meizhou,2
2023-10-06,China,Shanghai,1
2023-08-07,China,Shenzhen,1
2023-06-13,China,Lhasa,7
2023-09-13,China,Xiamen,1
2023-10-30,China,Shanghai,11
2023-06-23,China,Shanghai,1
2023-09-07,China,Fuzhou,1
2023-09-07,China,Shanghai,5
2023-07-14,China,Fuzhou,1
2023-02-01,China,Huzhou,1
2023-08-23,China,Shanghai,2
2023-07-02,China,Jinhua,1
2023-06-09,China,Suzhou,2
2023-03-10,China,Shenzhen,1
2023-11-11,China,Beijing,1
2023-10-16,China,Fuzhou,2
2023-10-16,China,Guangzhou,7
2023-11-20,China,Longyan,1
2023-02-06,China,Shenzhen,1
2023-11-21,China,Beijing,1
2023-03-29,China,Shanghai,1
2023-10-12,China,Xiamen,1
2023-09-02,China,Xiamen,3
2023-05-12,China,Qingdao,1
2023-04-28,China,Chengdu,2
2023-11-15,China,Ningbo,1
2023-11-15,China,Guangzhou,1
2023-08-04,China,Shanghai,5
2023-09-14,China,Fuzhou,1
2023-03-09,China,Guangzhou,2
2023-05-07,China,Shenzhen,1
2023-11-09,China,Suzhou,1
2023-09-08,China,Hangzhou,2
2023-07-31,China,Beijing,2
2023-06-02,China,Guangzhou,2
2023-10-20,China,Qingdao,2
2023-07-26,China,Shanghai,3
2023-07-11,China,Shanghai,6
2023-04-24,China,Xiamen,2
2023-08-28,China,Nanjing,1
2023-04-23,China,Guangzhou,1
2023-03-28,China,Shanghai,3
2023-10-28,China,Shenzhen,2
2023-07-17,China,Shenzhen,1
2023-11-02,China,Guangzhou,9
2023-09-04,China,Guangzhou,2
2023-11-18,China,Shenzhen,3
2023-08-19,China,Shanghai,1
2023-09-11,China,Hangzhou,1
2023-05-24,China,Nanning,1
2023-09-27,China,Fuzhou,2
2023-05-06,China,Shanghai,1
2023-09-13,China,Guangzhou,6
2023-04-01,China,Guangzhou,1
2023-05-05,China,Xi'an,1
2023-07-22,China,Jinhua,1
2023-06-29,China,Beijing,1
2023-06-12,China,Beijing,1
2023-11-09,China,Jinhua,1
2023-06-21,China,Jinhua,1
2023-11-06,China,Beijing,2
2023-11-06,China,Qingdao,1
2023-06-24,China,Shanghai,1
2023-09-07,China,Guangzhou,7
2023-08-21,China,Suzhou,1
2023-07-24,China,Suzhou,1
2023-06-02,China,Fuzhou,1
2023-10-20,China,Beijing,1
2023-06-18,China,Xi'an,1
2023-08-29,China,Tianjin,1
2023-08-14,China,Shanghai,3
2023-09-10,China,Beijing,1
2023-11-11,China,Wuxi,1
2023-10-15,China,Shanghai,5
2023-10-15,China,Guangzhou,1
2023-08-03,China,Hangzhou,2
2023-03-19,China,Guangzhou,1
2023-10-27,China,Shenzhen,2
2023-10-13,China,Tianjin,1
2023-10-14,China,Wuhan,1
2023-03-12,China,Guangzhou,2
2023-09-15,China,Shanghai,9
2023-09-18,China,Suzhou,1
2023-08-04,China,Shenzhen,2
2023-10-09,China,Beijing,1
2023-08-07,China,Beijing,1
2023-09-27,China,Xiamen,1
2023-05-05,China,Shanghai,3
2023-05-08,China,Shenzhen,1
2023-07-21,China,Nanning,1
2023-06-10,China,Putian,1
2023-10-24,China,Shanghai,4
2023-10-22,China,Guangzhou,7
2023-03-10,China,Beijing,3
2023-06-08,China,Hangzhou,1
2023-07-25,China,Shanghai,2
2023-08-29,China,Guangzhou,6
2023-11-11,China,Guangzhou,2
2023-08-03,China,Anqing,1
2023-10-16,China,Shanghai,2
2023-08-11,China,Qingdao,1
2023-08-25,China,Shenzhen,2
2023-04-20,China,Foshan,1
2023-03-28,China,Shenzhen,1
2023-10-11,China,Xiamen,1
2023-08-12,China,Wuhan,1
2023-11-19,China,Shanghai,3
2023-09-01,China,Shantou,1
2023-09-17,China,Guangzhou,1
2023-10-07,China,Guangzhou,2
2023-01-31,China,Shanghai,1
2023-10-06,China,Zhoushan,1
2023-05-23,China,Zhuhai,1
2023-05-06,China,Chengdu,1
2023-05-08,China,Guangzhou,2
2023-06-12,China,Shenzhen,1
2023-05-07,China,Guangzhou,2
2023-09-09,China,Guangzhou,3
2023-01-11,China,Huzhou,1
2023-09-05,China,Shenzhen,1
2023-05-18,China,Shanghai,5
2023-05-17,China,Shanghai,2
2023-07-30,China,Shanghai,1
2023-08-15,China,Guangzhou,4
2023-09-10,China,Chengdu,1
2023-11-11,China,Shanghai,1
2023-08-25,China,Beijing,1
2023-04-20,China,Guangzhou,3
2023-07-18,China,Shanghai,1
2023-09-20,China,Nanjing,1
2023-09-20,China,Guangzhou,5
2023-10-11,China,Shanghai,4
2023-09-18,China,Guangzhou,7
2023-11-17,China,Shanghai,2
2023-11-18,China,Foshan,1
2023-06-29,China,Wuhan,1
2023-11-06,China,Shanghai,1
2023-10-10,China,Shenzhen,2
2023-07-16,China,Guangzhou,3
2023-06-09,China,Shanghai,1
2023-07-25,China,Changzhou,1
2023-10-17,China,Shenyang,1
2023-08-01,China,Shanghai,6
2023-09-22,China,Jinhua,1
2023-04-24,China,Guangzhou,3
2023-07-07,China,Guangzhou,3
2023-08-03,China,Changzhou,1
2023-10-16,China,Hangzhou,1
2023-10-27,China,Nanjing,1
2023-03-28,China,Xiamen,1
2023-11-21,China,Chongqing,2
2023-08-13,China,Zhoushan,1
2023-08-26,China,Fuzhou,1
2023-11-03,China,Shenzhen,1
2023-05-12,China,Shanghai,3
2023-09-11,China,Guangzhou,5
2023-09-11,China,Chongqing,2
2023-09-12,China,Shanghai,7
2023-08-18,China,Foshan,1
2023-05-22,China,Suzhou,1
2023-04-02,China,Jiaxing,1
2023-10-30,China,Guangzhou,2
2023-06-26,China,Guangzhou,1
2023-11-09,China,Shanghai,6
2023-05-16,China,Hangzhou,1
2023-09-05,China,Quanzhou,1
2023-05-01,China,Xiamen,2
2023-11-06,China,Nanjing,1
2023-06-10,China,Zhengzhou,1
2023-11-08,China,Nanyang,1
2023-10-10,China,Shanghai,3
2023-07-02,China,Beijing,1
2023-10-21,China,Chengdu,2
2023-03-10,China,Rizhao,1
2023-06-03,China,Shanghai,3
2023-07-10,China,Shanghai,2
2023-08-15,China,Ningbo,1
2023-08-14,China,Hangzhou,1
2023-04-12,China,Hangzhou,1
2023-10-02,China,Beijing,3
2023-08-10,China,Shenzhen,2
2023-09-20,China,Shanghai,2
2023-04-04,China,Shenzhen,1
2023-05-12,China,Xiamen,1
2023-11-14,China,Foshan,1
2023-10-08,China,Wuhan,1
2023-11-15,China,Beijing,2
2023-10-09,China,Shenzhen,1
2023-04-17,China,Guangzhou,1
2023-04-16,China,Shenzhen,2
2023-06-13,China,Suzhou,1
2023-04-09,China,Shenzhen,2
2023-11-09,China,Guangzhou,2
2023-09-09,China,Beijing,1
2023-11-07,China,Shenzhen,3
2023-06-10,China,Fuzhou,1
2023-07-30,China,Guangzhou,1
2023-03-26,China,Quanzhou,1
2023-07-15,China,Shanghai,2
2023-10-20,China,Jinhua,1
2023-10-17,China,Wuhan,1
2023-08-29,China,Shenzhen,6
2023-07-08,China,Shanghai,1
2023-10-04,China,Shenzhen,5
2023-07-07,China,Beijing,1
2023-04-11,China,Shanghai,2
2023-04-11,China,Shenzhen,1
2023-04-11,China,Hangzhou,1
2023-03-13,China,Nanjing,1
2023-07-17,China,Guangzhou,1
2023-10-11,China,Guangzhou,2
2023-07-05,China,Ningbo,2
2023-11-05,China,Xiamen,4
2023-09-18,China,Ziyang,3
2023-09-26,China,Beijing,1
2023-06-26,China,Jinhua,1
2023-07-22,China,Xi'an,1
2023-05-19,China,Shanghai,2
2023-06-23,China,Yantai,1
2023-05-04,China,Shenyang,1
2023-05-17,China,Changsha,2
2023-09-08,China,Tianjin,1
2023-07-31,China,Shanghai,3
2023-07-28,China,Nantong,1
2023-07-29,China,Shanghai,1
2023-07-29,China,Hangzhou,1
2023-06-08,China,Shanghai,1
2023-02-03,China,Guangzhou,1
2023-07-23,China,Fuzhou,1
2023-03-04,China,Fuzhou,1
2023-10-18,China,Shanghai,4
2023-03-02,China,Changsha,1
2023-10-29,China,Foshan,1
2023-09-24,China,Shenzhen,1
2023-03-28,China,Beijing,2
2023-07-18,China,Xianyang,1
2023-10-11,China,Tianjin,1
2023-08-12,China,Nanning,2
2023-04-05,China,Guangzhou,1
2023-11-03,China,Beijing,2
2023-11-18,China,Beijing,4
2023-09-19,China,Beijing,1
2023-09-19,China,Shanghai,5
2023-05-27,China,Changsha,1
2023-09-03,China,Shenzhen,1
2023-09-11,China,Shanghai,10
2023-08-07,China,Shanghai,2
2023-05-19,China,Qingdao,1
2023-06-14,China,Guangzhou,2
2023-06-14,China,Lhasa,2
2023-09-06,China,Hangzhou,1
2023-09-07,China,Hangzhou,1
2023-08-23,China,Guangzhou,2
2023-08-30,China,Nanning,1
2023-06-16,China,Jinhua,2
2023-07-25,China,Xiamen,2
2023-08-01,China,Jiaxing,1
2023-05-30,China,Shanghai,3
2023-10-14,China,Guangzhou,6
2023-03-16,China,Shanghai,1
2023-09-20,China,Zhongshan,1
2023-07-05,China,Jinhua,1
2023-05-26,China,Xiamen,1
2023-04-29,China,Shanghai,1
2023-11-01,China,Beijing,4
2023-08-05,China,Hangzhou,2
2023-09-11,China,Shenzhen,1
2023-08-04,China,Hangzhou,1
2023-11-01,China,Hangzhou,1
2023-01-17,China,Shanghai,1
2023-06-14,China,Shanghai,6
2023-06-15,China,Guangzhou,1
2023-09-06,China,Chengdu,1
2023-11-06,China,Shenzhen,1
2023-07-28,China,Beijing,1
2023-07-01,China,Shanghai,4
2023-07-24,China,Foshan,1
2023-08-30,China,Shanghai,2
2023-06-16,China,Nanjing,1
2023-10-31,China,Shenzhen,3
2023-07-25,China,Guangzhou,3
2023-10-03,China,Beijing,2
2023-03-18,China,Xishuangbanna Dai,2
2023-08-15,China,Wuhan,1
2023-07-08,China,Beijing,1
2023-10-18,China,Guangzhou,7
2023-08-28,China,Jinan,1
2023-04-27,China,Leshan,1
2023-08-03,China,Jinhua,1
2023-03-05,China,Huzhou,2
2023-11-20,China,Shanghai,4
2023-09-20,China,Fuzhou,2
2023-02-08,China,Tianjin,2
2023-10-12,China,Yantai,1
2023-05-11,China,Shanghai,2
2023-10-08,China,Guangzhou,4
2023-08-04,China,Jinhua,2
2023-08-18,China,Shanghai,2
2023-06-01,China,Guangzhou,2
2023-06-11,China,Shanghai,3
2023-06-11,China,Guangzhou,3
2023-06-29,China,Chengdu,2
2023-06-15,China,Qinhuangdao,2
2023-01-25,China,Shenzhen,1
2023-11-07,China,Beijing,1
2023-05-03,China,Shanghai,1
2023-07-14,China,Beijing,3
2023-10-24,China,Bengbu,2
2023-07-13,China,Shanghai,3
2023-08-22,China,Shanghai,2
2023-10-20,China,Suzhou,2
2023-08-31,China,Guangzhou,5
2023-10-04,China,Shanghai,1
2023-08-28,China,Shanghai,4
2023-10-19,China,Jiangmen,1
2023-08-27,China,Beijing,1
2023-10-26,China,Shenzhen,2
2023-10-12,China,Tianjin,1
2023-07-05,China,Linyi,2
2023-04-18,China,Guangzhou,4
2023-11-16,China,Guangzhou,6
2023-06-20,China,Beijing,1
2023-09-19,China,Jinhua,1
2023-09-26,China,Nanjing,1
2023-09-11,China,Jiaxing,1
2023-11-13,China,Chaozhou,1
2023-05-05,China,Beijing,1
2023-05-05,China,Wuhan,1
2023-06-29,China,Jinhua,1
2023-06-15,China,Shanghai,5
2023-07-21,China,Guangzhou,3
2023-07-31,China,Kunming,1
2023-09-07,China,Zhangjiakou,1
2023-07-27,China,Xiamen,1
2023-10-21,China,Shanghai,1
2023-03-25,China,Shanghai,1
2023-10-20,China,Foshan,2
2023-08-31,China,Xiamen,1
2023-03-04,China,Huzhou,1
2023-09-21,China,Hangzhou,2
2023-04-26,China,Shenzhen,1
2023-09-23,China,Xiamen,1
2023-07-04,China,Qingdao,1
2023-10-28,China,Guilin,1
2023-08-12,China,Beijing,2
2023-07-05,China,Haikou,1
2023-04-05,China,Nanjing,1
2023-09-02,China,Guangzhou,1
2023-11-19,China,Changzhou,1
2023-09-15,China,Chengdu,2
2023-11-16,China,Jinan,1
2023-06-20,China,Nanjing,1
2023-03-08,China,Shenzhen,3
2023-09-12,China,Jinhua,1
2023-11-15,China,Xiamen,1
2023-08-18,China,Shenzhen,4
2023-09-28,China,Fuzhou,1
2023-10-06,China,Guangzhou,2
2023-11-01,China,Guangzhou,6
2023-09-27,China,Quanzhou,1
2023-10-05,China,Guangzhou,4
2023-11-12,China,Shanghai,3
2023-05-02,China,Shenzhen,1
2023-08-21,China,Guangzhou,1
2023-02-02,China,Shenzhen,1
2023-07-27,China,Qingdao,1
2023-07-02,China,Shanghai,1
2023-08-22,China,Ningbo,1
2023-07-23,China,Shanghai,2
2023-10-20,China,Guangzhou,6
2023-06-05,China,Shanghai,3
2023-06-19,China,Tianjin,1
2023-10-29,China,Jinhua,1
2023-03-05,China,Shanghai,1
2023-10-02,China,Shanghai,2
2023-03-28,China,Guangzhou,1
2023-11-21,China,Shanghai,2
2023-10-26,China,Jinhua,1
2023-07-06,China,Shanghai,6
2023-11-04,China,Hangzhou,1
2023-05-26,China,Chengdu,1
2023-04-04,China,Beijing,1
2023-09-17,China,Shenzhen,1
2023-09-19,China,Xiangxi Tujia and Miao,1
2023-04-15,China,Guangzhou,2
2023-04-29,China,Suzhou,1
2023-09-28,China,Guangzhou,1
2023-06-26,China,Shanghai,6
2023-05-08,China,Shenyang,1
2023-07-20,China,Guangzhou,1
2023-07-20,China,Anshun,1
2023-11-09,China,Beijing,1
2023-05-29,China,Guangzhou,6
2023-09-08,China,Shenzhen,1
2023-10-10,China,Hangzhou,1
2023-03-25,China,Shenzhen,1
2023-07-29,China,Wuhan,1
2023-06-03,China,Guangzhou,1
2023-08-31,China,Suzhou,3
2023-10-17,China,Guangzhou,3
2023-08-01,China,Shenzhen,1
2023-10-03,China,Zhuhai,1
2023-08-15,China,Nantong,1
2023-04-24,China,Shanghai,1
2023-11-10,China,Fuzhou,1
2023-10-29,China,Guangzhou,12
2023-10-02,China,Shenzhen,2
2023-04-26,China,Jinhua,1
2023-08-16,China,Guangzhou,2
2023-10-14,China,Shanghai,1
2023-11-21,China,Hefei,1
2023-10-25,China,Shanghai,5
2023-10-26,China,Xiamen,1
2023-10-26,China,Guangzhou,4
2023-07-06,China,Fuzhou,1
2023-07-06,China,Beijing,2
2023-04-22,China,Guangzhou,3
2023-11-04,China,Shanghai,2
2023-11-03,China,Shanghai,3
2023-09-18,China,Chengdu,1
2023-11-17,China,Jinan,1
2023-09-26,China,Shenzhen,4
2023-09-26,China,Guangzhou,3
2023-09-11,China,Xiamen,1
2023-10-09,China,Kunming,1
2023-11-13,China,Shenzhen,2
2023-10-06,China,Zhenjiang,1
2023-10-06,China,Jinhua,1
2023-09-27,China,Jinhua,1
2023-10-05,China,Qingdao,1
2023-08-06,China,Guangzhou,5
2023-01-09,China,Xiamen,1
2023-10-22,China,Xishuangbanna Dai,2
2023-06-03,China,Beijing,2
2023-07-07,China,Shanghai,1
2023-08-28,China,Nanning,1
2023-10-01,China,Shanghai,1
2023-10-16,China,Qingdao,2
2023-08-02,China,Shanghai,4
2023-07-09,China,Taizhou,1
2023-08-13,China,Shenzhen,1
2023-08-12,China,Shanghai,3
2023-07-05,China,Guangzhou,3
2023-11-04,China,Beijing,1
2023-09-16,China,Shanghai,3
2023-09-01,China,Guangzhou,3
2023-11-02,China,Guilin,3
2023-09-25,China,Dalian,1
2023-04-03,China,Jiaxing,1
2023-06-13,China,Qingdao,2
2023-02-22,China,Shenzhen,1
2023-08-06,China,Shanghai,1
2023-09-09,China,Shanghai,4
2023-08-21,China,Beijing,1
2023-07-14,China,Chongqing,1
2023-04-30,China,Jinhua,1
2023-07-13,China,Guangzhou,3
2023-07-11,China,Chongqing,1
2023-08-31,China,Shanghai,2
2023-09-21,China,Foshan,1
2023-07-07,China,Shenyang,1
2023-08-14,China,Anshun,1
2023-08-11,China,Shanghai,7
2023-07-04,China,Shanghai,2
2023-03-27,China,Guangzhou,2
2023-08-27,China,Shanghai,2
2023-10-26,China,Zhoushan,1
2023-05-11,China,Guangzhou,2
2023-11-03,China,Suzhou,1
2023-06-20,China,Shanghai,2
2023-09-14,China,Nanning,2
2023-05-23,China,Shanghai,5
2023-06-27,China,Tianjin,1
2023-07-20,China,Ningbo,1
2023-09-09,China,Jiaxing,1
2023-09-06,China,Guiyang,1
2023-09-05,China,Chengdu,2
2023-05-03,China,Dongguan,1
2023-02-17,China,Guangzhou,1
2023-06-08,China,Nanjing,1
2023-08-30,China,Shenzhen,2
2023-10-31,China,Nanjing,2
2023-07-07,China,Xiamen,1
2023-03-06,China,Guangzhou,5
2023-10-15,China,Beijing,1
2023-09-23,China,Shanghai,1
2023-07-03,China,Shanghai,4
2023-11-21,China,Guangzhou,4
2023-10-12,China,Shanghai,5
2023-11-05,China,Guangzhou,3
2023-09-18,China,Fushun,1
2023-11-14,China,Hangzhou,1
2023-10-09,China,Shantou,1
2023-11-01,China,Jinan,1
2023-09-27,China,Guangzhou,1
2023-09-13,China,Shanghai,5
2023-10-30,China,Foshan,1
2023-05-01,China,Beijing,1
2023-07-31,China,Shenzhen,2
2023-07-31,China,Jinhua,2
2023-07-14,China,Qingdao,1
2023-04-30,China,Shenzhen,1
2023-10-23,China,Tianjin,1
2023-08-20,China,Guangzhou,2
2023-10-24,China,Hangzhou,1
2023-07-16,China,Jinhua,1
2023-10-20,China,Shanghai,5
2023-07-12,China,Kunming,1
2023-08-01,China,Guangzhou,2
2023-09-21,China,Zhengzhou,1
2023-08-28,China,Guangzhou,5
2023-04-27,China,Shanghai,2
2023-08-17,China,Xiamen,1
2023-09-24,China,Jinhua,1
2023-09-20,China,Sanya,1
2023-10-11,China,Beijing,1
2023-08-12,China,Hangzhou,2
2023-11-03,China,Guangzhou,3
2023-11-14,China,Guangzhou,4
2023-04-15,China,Beijing,2
2023-11-15,China,Shanghai,9
2023-09-28,China,Shenzhen,1
2023-10-05,China,Shanghai,3
2023-09-05,China,Nanjing,1
2023-06-22,China,Shanghai,4
2023-09-08,China,Jinhua,1
2023-09-08,China,Shanghai,4
2023-08-20,China,Wuhan,1
2023-10-24,China,Shenzhen,4
2023-07-15,China,Huanggang,2
2023-06-16,China,Shanghai,2
2023-07-11,China,Guangzhou,1
2023-10-17,China,Shanghai,3
2023-11-10,China,Beijing,1
2023-10-04,China,Qingdao,1
2023-09-10,China,Shanghai,1
2023-10-27,China,Guangzhou,4
2023-08-25,China,Shanghai,2
2023-09-02,China,Shanghai,3
2023-04-04,China,Jiaxing,1
2023-04-04,China,Shanghai,2
2023-04-18,China,Beijing,2
2023-11-18,China,Shanghai,3
2023-09-03,China,Guangzhou,2
2023-05-21,China,Shanghai,1
2023-09-14,China,Shanghai,3
2023-04-03,China,Beijing,1
2023-10-05,China,Foshan,3
2023-07-22,China,Guangzhou,2
2023-07-22,China,Shanghai,2
2023-03-31,China,Shenzhen,1
2023-03-31,China,Shanghai,1
2023-05-08,China,Shanghai,1
2023-11-09,China,Zhuhai,1
2023-11-09,China,Hangzhou,1
2023-09-09,China,Suzhou,1
2023-05-04,China,Suzhou,1
2023-05-17,China,Zhangjiajie,2
2023-07-24,China,Guangzhou,1
2023-10-20,China,Jinan,2
2023-07-25,China,Beijing,4
2023-08-29,China,Shanghai,3
2023-04-24,China,Tianjin,1
2023-09-21,China,Shanghai,4
2023-10-19,China,Wenzhou,1
2023-04-12,China,Shanghai,2
2023-10-02,China,Guangzhou,4
2023-08-16,China,Wuhan,1
2023-10-13,China,Shanghai,1
2023-11-20,China,Beijing,1
2023-11-20,China,Qinhuangdao,1
2023-07-18,China,Putian,1
2023-07-17,China,Shanghai,2
2023-07-17,China,Qingdao,1
2023-08-27,China,Jinan,2
2023-02-08,China,Beijing,1
2023-04-21,China,Jinhua,1
2023-08-09,China,Ningbo,1
2023-11-05,China,Tianjin,2
2023-08-08,China,Qingdao,1
2023-11-03,China,Jinan,2
2023-09-18,China,Shanghai,3
2023-05-14,China,Shanghai,2
2023-05-27,China,Guangzhou,1
2023-04-28,China,Xiamen,1
2023-08-04,China,Taizhou,2
2023-05-22,China,Chengdu,1
2023-03-30,China,Beijing,1
2023-05-16,China,Xiamen,2
2023-07-21,China,Shanghai,5
2023-11-07,China,Tianjin,1
2023-11-06,China,Nanyang,3
2023-11-08,China,Shenzhen,1
2023-08-20,China,Jinan,1
2023-10-24,China,Xishuangbanna Dai,2
2023-03-26,China,Xiamen,1
2023-08-22,China,Wuhan,1
2023-07-23,China,Beijing,1
2023-10-20,China,Dongying,2
2023-07-10,China,Fuzhou,1
2023-08-29,China,Fuzhou,1
2023-05-31,China,Wuhan,1
2023-10-19,China,Guangzhou,4
2023-04-23,China,Shanghai,1
2023-04-27,China,Guangzhou,1
2023-08-17,China,Shanghai,7
2023-08-10,China,Shanghai,4
2023-10-28,China,Nanjing,4
2023-08-24,China,Wuhan,1
2023-03-15,China,Xiamen,1
2023-04-22,China,Tianjin,2
2023-07-05,China,Shanghai,1
2023-09-29,China,Shanghai,3
2023-08-08,China,Guangzhou,1
2023-11-02,China,Shanghai,8
2023-09-04,China,Changsha,1
2023-05-27,China,Beijing,1
2023-05-12,China,Shenyang,1
2023-04-06,China,Shenzhen,1
2023-04-03,China,Shanghai,1
2023-05-15,China,Xiamen,1
2023-02-24,China,Shanghai,1
2023-01-11,China,Guangzhou,1
2023-05-18,China,Tai'an,1
2023-11-07,China,Hefei,1
2023-11-06,China,Guangzhou,1
2023-07-13,China,Huai'an,1
2023-03-22,China,Beijing,2
2023-07-27,China,Shanghai,5
2023-10-21,China,Guangzhou,2
2023-06-02,China,Jinhua,1
2023-07-12,China,Shanghai,4
2023-07-10,China,Zhengzhou,1
2023-08-01,China,Dalian,1
2023-11-10,China,Shanghai,5
2023-10-04,China,Guangzhou,6
2023-09-10,China,Guangzhou,1
2023-04-12,China,Guangzhou,2
2023-08-02,China,Quanzhou,1
2023-08-24,China,Shenzhen,1
2023-09-16,China,Xi'an,1
2023-08-09,China,Xiamen,2
2023-11-03,China,Qingdao,1
2023-09-18,China,Hangzhou,1
2023-08-19,China,Shenzhen,2
2023-08-04,China,Xishuangbanna Dai,1
2023-05-23,China,Shenzhen,1
2023-04-03,China,Guangzhou,7
2023-11-12,China,Suzhou,1
2023-06-27,China,Shenzhen,4
2023-06-26,China,Zhongshan,1
2023-06-11,China,Wuhan,1
2023-06-28,China,Shanghai,6
2023-04-08,China,Guangzhou,1
2023-05-16,China,Wenzhou,1
2023-05-29,China,Shanghai,6
2023-05-01,China,Shanghai,1
2023-06-21,China,Guangzhou,4
2023-08-21,China,Changde,1
2023-10-23,China,Xiamen,2
2023-07-16,China,Fuzhou,1
2023-03-24,China,Guangzhou,4
2023-10-31,China,Zhuhai,1
2023-10-31,China,Shanghai,8
2023-05-30,China,Guangzhou,3
2023-07-07,China,Taizhou,1
2023-10-19,China,Shanghai,4
2023-09-23,China,Zhengzhou,1
2023-08-24,China,Suzhou,2
2023-10-25,China,Shenzhen,3
2023-08-13,China,Beijing,2
2023-11-05,China,Beijing,2
2023-05-10,China,Beijing,2
2023-11-17,China,Qingdao,1
2023-05-28,China,Shanghai,1
2023-04-06,China,Shanghai,1
2023-09-11,China,Beijing,1
2023-11-13,China,Shantou,1
2023-06-30,China,Nanjing,2
2023-09-27,China,Hangzhou,1
2023-10-30,China,Shenzhen,1
2023-06-29,China,Shanghai,5
2023-05-15,China,Shenzhen,1
2023-09-05,China,Guangzhou,1
2023-06-22,China,Zhangjiajie,1
2023-11-08,China,Nanjing,1
2023-10-24,China,Haikou,1
2023-10-10,China,Guangzhou,5
2023-06-17,China,Shanghai,1
2023-08-30,China,Jinhua,1
2023-07-23,China,Qingdao,1
2023-03-18,China,Shanghai,1
2023-05-31,China,Guangzhou,1
2023-03-17,China,Nanjing,1
2023-10-29,China,Tianjin,1
2023-04-12,China,Wuxi,1
2023-09-23,China,Guangzhou,1
2023-08-11,China,Shenzhen,5
2023-08-24,China,Ningbo,1
2023-08-13,China,Guangzhou,2
2023-05-25,China,Beijing,4
2023-09-01,China,Shanghai,4
2023-04-04,China,Guangzhou,3
2023-09-15,China,Nanning,2
2023-04-18,China,Jinhua,1
2023-08-08,China,Shenzhen,1
2023-09-04,China,Shanghai,3
2023-06-20,China,Shenzhen,1
2023-05-13,China,Shanghai,4
2023-11-14,China,Shanghai,2
2023-09-12,China,Quanzhou,2
2023-09-25,China,Beijing,1
2023-05-22,China,Guangzhou,1
2023-03-31,China,Jiaxing,1
2023-05-08,China,Quanzhou,1
2023-05-29,China,Jinhua,2
2023-11-06,China,Zhengzhou,1
2023-09-07,China,Shenzhen,1
2023-11-08,China,Shanghai,3
2023-10-23,China,Beijing,2
2023-06-06,China,Chongqing,2
2023-10-22,China,Jinhua,1
2023-03-24,China,Beijing,1
2023-08-30,China,Guangzhou,3
2023-06-02,China,Hangzhou,1
2023-02-25,China,Harbin,1
2023-07-10,China,Guangzhou,1
2023-08-31,China,Shenyang,1
2023-09-21,China,Shenzhen,1
2023-08-14,China,Beijing,1
2023-04-11,China,Putian,1
2023-08-11,China,Guangzhou,4
2023-08-11,China,Tianjin,1
2023-03-16,China,Nanjing,2
2023-10-25,China,Guangzhou,2
2023-03-15,China,Xishuangbanna Dai,1
2023-09-15,China,Guangzhou,3
2023-11-03,China,Xiamen,1
2023-04-15,China,Haikou,1
2023-11-01,China,Chengdu,2
2023-09-26,China,Hangzhou,1
2023-05-20,China,Chongqing,1
2023-11-01,China,Zhoushan,2
2023-05-23,China,Xiamen,1
2023-04-09,China,Shanghai,1
2023-02-20,China,Guangzhou,1
2023-11-08,China,Jinhua,1
2023-11-08,China,Guangzhou,3
2023-07-28,China,Shanghai,3
2023-07-13,China,Hangzhou,1
2023-07-16,China,Shanghai,1
2023-10-31,China,Guangzhou,6
2023-07-11,China,Tianjin,1
2023-08-01,China,Beijing,1
2023-08-11,China,Hangzhou,1
2023-07-04,China,Hangzhou,1
2023-08-10,China,Changzhou,2
2023-11-21,China,Changzhou,1
2023-08-12,China,Guangzhou,5
2023-08-26,China,Hangzhou,1
2023-11-04,China,Meizhou,2
2023-09-02,China,Nanjing,2
2023-11-16,China,Tianjin,2
2023-11-03,China,Hangzhou,1
2023-11-18,China,Guangzhou,3
2023-11-14,China,Shenzhen,1
2023-08-19,China,Tianjin,2
2023-09-14,China,Guangzhou,3
2023-05-24,China,Shenzhen,1
2023-06-13,China,Wuhan,1
2023-06-29,China,Hangzhou,1
2023-05-19,China,Hangzhou,1
2023-07-20,China,Kunming,1
2023-07-20,China,Xi'an,1
2023-06-25,China,Tianjin,1
2023-08-29,India,Amritsar,2
2023-08-14,India,West,1
2023-10-01,India,Agra,1
2023-02-06,India,Bangalore,1
2023-09-30,India,Hyderabad,1
2023-02-09,India,West,1
2023-11-14,India,Chennai,1
2023-09-13,India,Jaipur,1
2023-01-02,India,Ernakulam,1
2023-01-11,India,Jaipur,1
2023-01-27,India,Varanasi,1
2023-06-25,India,West,2
2023-01-06,India,Nashik,1
2023-10-12,India,Panchkula,2
2023-01-22,India,Tiruppur,1
2023-09-13,India,Visakhapatnam,1
2023-05-02,India,Agra,6
2023-06-07,India,Thane,1
2023-10-22,India,Amritsar,2
2023-04-25,India,Jaipur,2
2023-08-02,India,West,1
2023-05-26,India,Bangalore,2
2023-09-14,India,Chennai,1
2023-06-11,India,West,1
2023-09-09,India,Amritsar,1
2023-09-08,India,Amritsar,1
2023-07-28,India,West,1
2023-07-16,India,West,2
2023-07-26,India,Bangalore,1
2023-11-10,India,Amritsar,1
2023-03-02,India,Gurgaon,1
2023-03-05,India,North 24 Parganas,1
2023-08-25,India,West,1
2023-08-10,India,West,1
2023-09-01,India,Ranga Reddy,2
2023-11-03,India,Varanasi,1
2023-03-30,India,Gautam Buddha Nagar,3
2023-03-24,India,Jaipur,2
2023-01-07,India,Mumbai Suburban,1
2023-10-03,India,Amritsar,4
2023-08-15,India,Amritsar,1
2023-02-08,India,West,1
2023-08-26,India,Bangalore,1
2023-10-12,India,West,1
2023-05-12,India,Jaipur,1
2023-06-16,India,Hyderabad,1
2023-03-20,India,West,1
2023-06-18,India,Mumbai City,1
2023-10-03,India,Bangalore,1
2023-10-15,India,Amritsar,1
2023-10-16,India,Mumbai City,1
2023-07-09,India,Ranga Reddy,2
2023-10-26,India,Amritsar,1
2023-08-09,India,Ernakulam,1
2023-09-13,India,Mumbai Suburban,1
2023-06-27,India,Mumbai City,1
2023-05-05,India,Bangalore,1
2023-05-08,India,Bangalore,1
2023-06-28,India,Varanasi,1
2023-01-10,India,Jaipur,2
2023-11-07,India,Raipur,1
2023-02-16,India,Ranga Reddy,2
2023-03-10,India,Sahibzada Ajit Singh Nagar,1
2023-09-22,India,Ernakulam,1
2023-08-12,India,Mumbai City,1
2023-09-15,India,Bangalore,1
2023-11-01,India,West,1
2023-11-12,India,Chennai,1
2023-06-26,India,Bangalore,1
2023-06-15,India,West,2
2023-04-23,India,Mumbai Suburban,1
2023-04-12,India,Vadodara,1
2023-08-02,India,Gurgaon,3
2023-09-16,India,Bangalore,3
2023-09-04,India,Sahibzada Ajit Singh Nagar,1
2023-01-06,India,Ernakulam,1
2023-02-27,India,Ranga Reddy,2
2023-06-17,India,Thane,1
2023-01-04,India,Bangalore,1
2023-09-23,India,West,2
2023-08-08,India,Bangalore,1
2023-06-15,India,Gwalior,1
2023-09-09,India,West,1
2023-11-07,India,Mumbai City,1
2023-09-08,India,North 24 Parganas,5
2023-03-11,India,Chennai,1
2023-10-21,India,Amritsar,1
2023-10-02,India,West,2
2023-10-02,India,Hyderabad,1
2023-10-02,India,Ranga Reddy,1
2023-02-07,India,Bangalore,1
2023-11-03,India,Chennai,1
2023-09-12,India,Kolkata,1
2023-08-18,India,Agra,1
2023-09-28,India,Amritsar,1
2023-06-27,India,Sahibzada Ajit Singh Nagar,1
2023-05-15,India,Amritsar,1
2023-10-10,India,Chennai,1
2023-08-22,India,Bangalore,1
2023-07-24,India,West,2
2023-01-05,India,Sahibzada Ajit Singh Nagar,1
2023-10-03,India,North 24 Parganas,2
2023-10-04,India,West,1
2023-10-04,India,Jaipur,1
2023-03-19,India,Agra,1
2023-08-16,India,Bangalore,1
2023-03-15,India,Amritsar,1
2023-05-25,India,Bangalore,2
2023-11-05,India,Mumbai City,1
2023-09-17,India,Amritsar,1
2023-03-09,India,Jaipur,1
2023-06-12,India,West,1
2023-07-20,India,Coimbatore,1
2023-06-07,India,Bangalore,2
2023-07-02,India,West,1
2023-02-13,India,Mumbai Suburban,2
2023-10-29,India,West,1
2023-08-02,India,Amritsar,2
2023-05-27,India,Varanasi,1
2023-01-01,India,Chennai,1
2023-06-27,India,Bangalore,2
2023-10-30,India,Amritsar,1
2023-11-07,India,Agra,1
2023-01-09,India,West,1
2023-10-10,India,West,1
2023-02-18,India,Jaipur,1
2023-03-10,India,West,1
2023-06-17,India,Udaipur,1
2023-10-01,India,Visakhapatnam,1
2023-08-11,India,West,1
2023-10-14,India,Mumbai City,1
2023-10-26,India,Bangalore Rural,1
2023-11-18,India,Agra,1
2023-05-13,India,Amritsar,1
2023-11-09,India,Amritsar,1
2023-08-21,India,Jaipur,3
2023-04-30,India,Jaipur,1
2023-07-15,India,West,1
2023-06-02,India,Gurgaon,1
2023-01-07,India,Nashik,1
2023-08-31,India,Mumbai City,1
2023-08-02,India,Thane,2
2023-03-13,India,Thane,1
2023-07-03,India,Bangalore Rural,1
2023-09-20,India,Ernakulam,1
2023-01-21,India,Amritsar,1
2023-11-14,India,Agra,1
2023-10-31,India,Bangalore Rural,1
2023-08-01,India,Mumbai Suburban,1
2023-03-27,India,Jaipur,1
2023-03-12,India,Amritsar,1
2023-11-05,India,West,1
2023-10-09,India,Amritsar,1
2023-06-27,India,Hyderabad,1
2023-06-29,India,Varanasi,1
2023-06-24,India,West,4
2023-02-27,India,West,1
2023-10-31,India,Mumbai City,1
2023-04-20,India,West,1
2023-09-16,India,Thane,2
2023-06-30,India,West,1
2023-06-13,India,North 24 Parganas,1
2023-07-27,India,West,2
2023-06-09,India,Mumbai Suburban,2
2023-06-18,India,West,1
2023-07-18,India,West,1
2023-01-21,India,West,2
2023-11-15,India,West,1
2023-01-14,India,West,2
2023-01-24,India,Bangalore,1
2023-02-01,India,Bangalore,1
2023-02-15,India,Thane,1
2023-10-04,India,North 24 Parganas,1
2023-06-30,India,Amritsar,1
2023-06-13,India,West,1
2023-01-18,India,West,1
2023-08-25,India,Mumbai Suburban,1
2023-09-02,India,Jaipur,1
2023-09-15,India,Mumbai Suburban,1
2023-10-06,India,Hyderabad,1
2023-01-25,India,Bangalore,1
2023-01-26,India,Jaipur,1
2023-07-14,India,Chennai,1
2023-02-14,India,Thane,3
2023-03-28,India,West,2
2023-09-20,India,Bangalore,2
2023-03-01,India,West,1
2023-09-19,India,Bangalore,1
2023-06-26,India,West,4
2023-06-22,India,West,1
2023-01-06,India,Mumbai Suburban,1
2023-01-06,India,Guntur,1
2023-01-05,India,West,1
2023-02-14,India,Amritsar,1
2023-03-03,India,Chennai,1
2023-03-17,India,Leh (Ladakh),1
2023-11-13,India,Agra,1
2023-01-30,India,Amritsar,1
2023-02-10,India,Jaipur,1
2023-02-23,India,West,1
2023-05-03,India,West,2
2023-11-08,India,Mumbai City,2
2023-02-16,India,West,1
2023-01-09,India,Jaipur,2
2023-02-18,India,Amritsar,1
2023-07-29,India,West,2
2023-02-26,India,Amritsar,1
2023-01-19,India,Mumbai Suburban,1
2023-03-29,India,West,1
2023-04-28,India,West,1
2023-01-12,India,Kolkata,3
2023-08-30,India,Amritsar,1
2023-01-19,India,West,1
2023-09-22,India,West,2
2023-08-27,India,Amritsar,1
2023-02-08,India,Mumbai Suburban,1
2023-11-18,India,Mumbai Suburban,1
2023-08-05,India,Varanasi,1
2023-05-23,India,Amritsar,1
2023-06-07,India,Agra,1
2023-07-23,India,West,1
2023-08-31,India,Ernakulam,1
2023-04-27,India,Sahibzada Ajit Singh Nagar,1
2023-10-01,India,Amritsar,1
2023-10-11,India,Amritsar,3
2023-10-07,India,Amritsar,1
2023-06-30,India,Hyderabad,1
2023-09-27,India,Agra,1
2023-10-05,India,North 24 Parganas,1
2023-02-23,India,Agra,1
2023-10-23,India,Kancheepuram,1
2023-08-15,India,West,1
2023-03-03,India,Bangalore,2
2023-07-07,India,West,1
2023-10-19,India,Mumbai City,1
2023-04-21,India,Mumbai Suburban,1
2023-04-06,India,West,1
2023-09-12,India,Bangalore,1
2023-06-10,India,Amritsar,1
2023-02-17,India,Mumbai Suburban,1
2023-10-18,India,Thiruvananthapuram,1
2023-08-10,India,Sahibzada Ajit Singh Nagar,1
2023-05-12,India,Bangalore Rural,1
2023-04-14,India,Bangalore,2
2023-03-09,India,Ahmadabad,1
2023-06-27,India,West,2
2023-08-20,India,West,1
2023-06-06,India,South 24 Parganas,2
2023-07-15,India,Hyderabad,1
2023-10-20,India,Amritsar,1
2023-11-10,India,West,1
2023-03-02,India,Ranga Reddy,1
2023-07-06,India,Mumbai City,2
2023-06-10,India,Aligarh,1
2023-03-25,India,Amritsar,2
2023-08-01,India,Shravasti,1
2023-10-15,India,Mumbai City,1
2023-09-24,India,Raipur,2
2023-09-04,India,West,1
2023-09-14,India,West,2
2023-10-05,India,Jaipur,1
2023-01-17,India,West,1
2023-02-23,India,Pune,2
2023-07-21,India,West,1
2023-06-16,India,West,1
2023-01-07,India,Ernakulam,1
2023-08-15,India,Bangalore,1
2023-09-21,India,Bangalore,1
2023-10-02,India,Amritsar,1
2023-07-03,India,West,1
2023-09-26,India,Mumbai Suburban,1
2023-10-05,India,Ahmadabad,1
2023-03-09,India,Gurgaon,1
2023-06-11,India,Amritsar,1
2023-09-05,India,Jaipur,1
2023-07-13,India,West,1
2023-02-03,India,West,2
2023-08-02,India,Chennai,1
2023-08-24,India,Sahibzada Ajit Singh Nagar,1
2023-11-04,India,Mumbai City,1
2023-05-20,India,Bangalore Rural,1
2023-04-28,India,Varanasi,1
2023-04-09,India,West,1
2023-09-13,India,Bangalore,3
2023-05-19,India,Bangalore,1
2023-01-14,India,Jaipur,1
2023-01-27,India,Pune,1
2023-07-02,India,Bangalore,1
2023-07-01,India,West,1
2023-02-25,India,Amritsar,1
2023-02-14,India,Pune,1
2023-03-03,India,Shimla,1
2023-07-07,India,Mumbai Suburban,2
2023-07-17,India,Ranga Reddy,1
2023-11-04,India,Amritsar,1
2023-04-14,India,Mumbai Suburban,1
2023-09-12,India,Pune,1
2023-02-22,India,Amritsar,1
2023-05-01,India,Jaipur,1
2023-10-19,India,Bangalore,2
2023-03-15,India,Bangalore,1
2023-09-12,India,Krishna,1
2023-06-08,India,Gurgaon,1
2023-08-01,India,Amritsar,1
2023-08-16,India,West,1
2023-05-14,India,Amritsar,1
2023-05-27,India,West,1
2023-04-13,India,Jaipur,2
2023-10-06,India,Amritsar,1
2023-06-30,India,Sahibzada Ajit Singh Nagar,1
2023-10-30,India,West,1
2023-06-12,India,Thane,1
2023-01-24,India,West,1
2023-06-25,India,Sahibzada Ajit Singh Nagar,1
2023-07-14,India,West,1
2023-02-14,India,Bangalore,1
2023-09-24,India,Agra,1
2023-09-20,India,Amritsar,1
2023-02-08,India,North 24 Parganas,2
2023-03-14,India,West,1
2023-06-20,India,Amritsar,1
2023-04-15,India,Bangalore,1
2023-06-28,India,West,2
2023-11-09,India,Mumbai City,2
2023-01-16,India,Bangalore,1
2023-09-08,India,Bangalore,1
2023-05-18,India,Mumbai Suburban,1
2023-11-07,India,Ranga Reddy,1
2023-10-10,India,Sahibzada Ajit Singh Nagar,1
2023-11-02,India,Mumbai City,2
2023-05-13,India,West,2
2023-04-16,India,Bangalore,1
2023-10-05,India,Amritsar,1
2023-02-01,India,Gautam Buddha Nagar,3
2023-08-22,India,Amritsar,1
2023-06-16,India,Guntur,1
2023-02-25,India,Jaipur,1
2023-10-04,India,Amritsar,1
2023-08-17,India,West,2
2023-09-20,India,West,1
2023-09-30,India,West,2
2023-05-02,India,West,1
2023-01-27,India,Kolkata,1
2023-06-30,India,Mumbai City,1
2023-05-16,India,Amritsar,1
2023-06-24,India,Sahibzada Ajit Singh Nagar,1
2023-01-09,India,Gautam Buddha Nagar,1
2023-03-11,India,Amritsar,1
2023-07-24,India,Sahibzada Ajit Singh Nagar,1
2023-01-07,India,Guntur,1
2023-03-20,India,North 24 Parganas,1
2023-07-25,India,Bangalore,3
2023-10-19,India,Sahibzada Ajit Singh Nagar,1
2023-07-06,India,West,2
2023-08-26,India,West,1
2023-03-14,India,Bangalore,1
2023-09-16,India,Mumbai Suburban,1
2023-09-18,India,West,2
2023-09-25,India,Amritsar,1
2023-10-06,India,Ranga Reddy,1
2023-09-05,India,Bangalore,3
2023-07-12,India,Mumbai City,1
2023-07-04,India,Mumbai Suburban,1
2023-09-30,India,Amritsar,1
2023-10-12,India,Amritsar,2
2023-01-22,India,West,1
2023-10-07,India,West,1
2023-10-30,India,Chennai,1
2023-05-04,India,North 24 Parganas,1
2023-10-24,India,Amritsar,1
2023-01-04,India,Jaipur,1
2023-01-04,India,Bangalore Rural,1
2023-08-03,India,Chennai,1
2023-08-03,India,Mumbai Suburban,1
2023-09-23,India,Raipur,2
2023-07-04,India,Mumbai City,1
2023-10-28,India,West,1
2023-10-26,India,Mumbai City,2
2023-07-19,India,Mumbai City,1
2023-09-15,India,Chennai,1
2023-11-03,India,Mumbai City,1
2023-09-26,India,Dakshina Kannada,1
2023-05-20,India,West,1
2023-01-26,India,Varanasi,1
2023-10-31,India,Amritsar,2
2023-08-29,India,Mumbai Suburban,1
2023-10-04,India,Gurgaon,2
2023-09-30,India,Mumbai Suburban,1
2023-05-21,India,Amritsar,1
2023-08-07,India,West,1
2023-06-12,India,Mumbai Suburban,2
2023-11-07,India,West,2
2023-11-06,India,West,1
2023-09-07,India,Dakshina Kannada,1
2023-03-10,Italy,Florence,1
2023-05-30,Italy,Venezia,1
2023-08-17,Italy,Modena,1
2023-03-05,Italy,Rome,2
2023-08-16,Italy,Milano,2
2023-04-11,Italy,Como,4
2023-02-09,Italy,Milano,3
2023-04-04,Italy,Florence,1
2023-09-19,Italy,Venezia,1
2023-09-11,Italy,Rome,1
2023-09-13,Italy,Pisa,1
2023-03-10,Italy,Venezia,1
2023-01-07,Italy,Genova,2
2023-11-16,Italy,Napoli,1
2023-04-28,Italy,Reggio Di Calabria,1
2023-08-04,Italy,Milano,2
2023-04-16,Italy,Milano,1
2023-03-09,Italy,Milano,2
2023-02-22,Italy,Rome,1
2023-01-11,Italy,Milano,1
2023-09-23,Italy,Varese,1
2023-08-10,Italy,Venezia,1
2023-10-25,Italy,Venezia,1
2023-03-01,Italy,Rome,1
2023-08-26,Italy,Milano,1
2023-01-20,Italy,Varese,5
2023-04-28,Italy,Napoli,1
2023-05-23,Italy,Milano,1
2023-02-02,Italy,Milano,4
2023-02-16,Italy,Rome,1
2023-08-22,Italy,Rome,1
2023-05-09,Italy,Rome,1
2023-08-31,Italy,Napoli,1
2023-10-28,Italy,Venezia,1
2023-10-25,Italy,Milano,4
2023-09-01,Italy,Bolzano,1
2023-05-16,Italy,Pisa,1
2023-01-16,Italy,Florence,1
2023-07-30,Italy,Rome,1
2023-03-24,Italy,Milano,1
2023-02-27,Italy,Vicenza,1
2023-10-31,Italy,Bolzano,1
2023-09-03,Italy,Pisa,3
2023-08-19,Italy,Milano,1
2023-09-27,Italy,Milano,4
2023-09-27,Italy,Venezia,1
2023-07-20,Italy,Milano,1
2023-10-23,Italy,Milano,1
2023-08-20,Italy,Bologna,1
2023-10-31,Italy,Trento,1
2023-10-17,Italy,Milano,1
2023-08-01,Italy,Milano,1
2023-03-18,Italy,Milano,1
2023-03-18,Italy,Rome,1
2023-03-13,Italy,Milano,2
2023-04-07,Italy,Milano,2
2023-03-08,Italy,Bolzano,1
2023-10-30,Italy,Venezia,2
2023-08-23,Italy,Rome,1
2023-07-24,Italy,Milano,2
2023-02-28,Italy,Milano,2
2023-04-20,Italy,Pisa,1
2023-08-12,Italy,Venezia,1
2023-09-15,Italy,Rome,2
2023-09-26,Italy,Milano,1
2023-01-31,Italy,Milano,2
2023-08-22,Italy,Milano,1
2023-08-30,Italy,Bologna,1
2023-05-31,Italy,Milano,1
2023-11-22,Italy,Florence,1
2023-03-05,Italy,Vicenza,1
2023-10-26,Italy,Milano,4
2023-04-07,Italy,Rome,6
2023-01-22,Italy,Como,1
2023-09-25,Italy,Rome,1
2023-03-09,Italy,Rome,1
2023-11-12,Italy,Rome,1
2023-01-16,Italy,Milano,2
2023-05-29,Italy,Milano,1
2023-09-06,Italy,Florence,1
2023-10-24,Italy,Rome,1
2023-03-24,Italy,Rome,3
2023-09-21,Italy,Venezia,1
2023-10-15,Italy,Rome,3
2023-08-02,Italy,Milano,1
2023-04-29,Italy,Milano,1
2023-05-21,Italy,Varese,1
2023-01-17,Italy,Rome,2
2023-04-30,Italy,Milano,2
2023-06-07,Italy,Milano,5
2023-01-09,Italy,Milano,1
2023-10-10,Italy,Varese,1
2023-03-26,Italy,Salerno,1
2023-05-09,Italy,Napoli,1
2023-06-18,Italy,Milano,1
2023-10-17,Italy,Pisa,1
2023-08-15,Italy,Rome,1
2023-07-07,Italy,Milano,1
2023-10-15,Italy,Varese,1
2023-05-14,Italy,Milano,1
2023-05-05,Italy,Varese,1
2023-01-17,Italy,Venezia,1
2023-11-09,Italy,Trieste,1
2023-11-07,Italy,Verona,1
2023-07-30,Italy,Venezia,1
2023-02-27,Italy,Florence,1
2023-03-21,Italy,Rome,1
2023-10-19,Italy,Varese,1
2023-10-15,Italy,Venezia,1
2023-10-13,Italy,Verona,1
2023-02-08,Italy,Bergamo,1
2023-01-20,Italy,Milano,1
2023-05-10,Italy,Rome,1
2023-03-07,Italy,Como,1
2023-11-12,Italy,Venezia,1
2023-06-23,Italy,Rome,2
2023-07-31,Italy,Florence,1
2023-06-08,Italy,Florence,3
2023-06-18,Italy,Rome,1
2023-08-14,Italy,Rome,2
2023-04-26,Italy,Rome,1
2023-04-20,Italy,Rome,1
2023-10-28,Italy,Milano,1
2023-09-19,Italy,Varese,1
2023-08-07,Italy,Milano,1
2023-09-08,Italy,Milano,2
2023-06-03,Italy,Rome,1
2023-10-31,Italy,Rome,1
2023-04-25,Italy,Rome,1
2023-09-24,Italy,Florence,1
2023-11-05,Italy,Rome,1
2023-04-28,Italy,Florence,1
2023-11-15,Italy,Rome,3
2023-05-05,Italy,Milano,1
2023-05-02,Italy,La Spezia,1
2023-04-08,Italy,Florence,1
2023-11-07,Italy,Rome,1
2023-03-22,Italy,Belluno,1
2023-03-10,Italy,Brescia,1
2023-08-14,Italy,Varese,4
2023-04-20,Italy,Milano,2
2023-09-20,Italy,Milano,4
2023-04-04,Italy,Bologna,1
2023-11-14,Italy,Milano,2
2023-11-01,Italy,Milano,1
2023-04-28,Italy,Milano,1
2023-05-06,Italy,Milano,2
2023-01-18,Italy,Florence,1
2023-06-15,Italy,Brescia,1
2023-01-10,Italy,Florence,1
2023-11-06,Italy,Rome,2
2023-05-17,Italy,Milano,1
2023-07-27,Italy,Venezia,2
2023-08-15,Italy,Varese,1
2023-10-11,Italy,Milano,1
2023-04-19,Italy,Varese,1
2023-09-26,Italy,Varese,1
2023-04-14,Italy,Milano,1
2023-04-14,Italy,Cagliari,1
2023-09-14,Italy,Rome,1
2023-01-01,Italy,Venezia,1
2023-06-11,Italy,Milano,1
2023-11-06,Italy,Milano,3
2023-01-12,Italy,Rome,1
2023-09-07,Italy,Milano,2
2023-01-06,Italy,Varese,1
2023-03-03,Italy,Vicenza,1
2023-11-11,Italy,Milano,6
2023-09-12,Italy,Verona,1
2023-04-01,Italy,Milano,1
2023-03-30,Italy,Verona,1
2023-11-07,Italy,Venezia,1
2023-10-24,Italy,Milano,1
2023-07-12,Italy,Napoli,1
2023-04-27,Italy,Rome,1
2023-09-30,Italy,Florence,1
2023-02-08,Italy,Milano,1
2023-04-04,Italy,Bolzano,1
2023-01-31,Italy,Rome,2
2023-01-31,Italy,Florence,1
2023-10-06,Italy,Milano,3
2023-10-30,Italy,Novara,2
2023-11-09,Italy,Milano,1
2023-06-03,Italy,Salerno,1
2023-08-30,Italy,Milano,1
2023-06-02,Italy,Varese,1
2023-01-07,Italy,Rome,2
2023-03-04,Italy,Vicenza,1
2023-09-21,Italy,Milano,3
2023-10-04,Italy,Rome,3
2023-08-17,Italy,Venezia,1
2023-08-16,Italy,Como,1
2023-05-12,Italy,Milano,2
2023-06-11,Italy,Verona,1
2023-01-29,Italy,Venezia,2
2023-08-20,Italy,Padua,1
2023-07-26,Italy,Venezia,2
2023-03-03,Italy,Milano,1
2023-04-10,Italy,Rome,2
2023-10-15,Italy,Milano,2
2023-07-09,Italy,Milano,3
2023-03-29,Italy,Milano,2
2023-03-29,Italy,Rimini,1
2023-11-02,Italy,Florence,1
2023-09-18,Italy,Rome,1
2023-10-07,Italy,Venezia,1
2023-08-18,Italy,Rome,1
2023-10-09,Italy,Venezia,1
2023-11-01,Italy,Rome,1
2023-01-29,Italy,Milano,1
2023-01-28,Italy,Varese,1
2023-10-21,Italy,Rome,1
2023-01-05,Italy,Napoli,1
2023-10-20,Italy,Milano,2
2023-03-02,Italy,Vicenza,1
2023-10-29,Italy,Milano,2
2023-11-19,Italy,Milano,2
2023-08-08,Italy,Milano,4
2023-10-05,Italy,Venezia,1
2023-05-08,Italy,Milano,1
2023-01-14,Italy,Rome,6
2023-01-02,Italy,Varese,2
2023-06-23,Italy,Venezia,1
2023-07-31,Italy,Venezia,1
2023-02-03,Italy,Bologna,1
2023-08-15,Italy,Milano,2
2023-03-05,Italy,Varese,2
2023-04-12,Italy,Como,1
2023-10-13,Italy,Perugia,1
2023-11-21,Italy,Milano,4
2023-03-01,Italy,Venezia,1
2023-09-14,Italy,Milano,2
2023-06-13,Italy,Milano,1
2023-09-13,Italy,Bologna,1
2023-05-02,Italy,Rome,1
2023-11-09,Italy,Rome,1
2023-01-10,Italy,Milano,2
2023-05-29,Italy,Pordenone,1
2023-07-31,Italy,Rome,2
2023-10-22,Italy,Milano,2
2023-06-17,Italy,Florence,1
2023-01-04,Italy,Rome,1
2023-09-20,Italy,Belluno,1
2023-09-16,Italy,Rome,1
2023-09-29,Italy,Rome,1
2023-11-17,Italy,Rome,3
2023-04-30,Italy,Florence,1
2023-03-26,Italy,Rome,1
2023-08-31,Italy,Rome,1
2023-04-24,Italy,Florence,1
2023-04-23,Italy,Brescia,1
2023-08-17,Italy,Florence,1
2023-03-15,Italy,Venezia,1
2023-10-12,Italy,Milano,1
2023-11-04,Italy,Milano,3
2023-08-08,Italy,Florence,1
2023-01-31,Italy,Varese,4
2023-09-25,Italy,Milano,2
2023-11-13,Italy,Padua,1
2023-04-09,Italy,Milano,2
2023-07-21,Italy,Milano,2
2023-10-24,Italy,Varese,1
2023-02-12,Italy,Milano,1
2023-05-30,Italy,Varese,1
2023-03-05,Italy,Napoli,1
2023-09-30,Italy,Milano,1
2023-10-09,Italy,Milano,3
2023-05-05,Italy,Savona,1
2023-01-25,Italy,Rome,1
2023-08-20,Italy,Milano,2
2023-01-09,Italy,Rome,1
2023-07-27,Italy,Varese,1
2023-08-14,Italy,Milano,2
2023-04-27,Italy,Milano,1
2023-10-13,Italy,Bologna,1
2023-05-12,Italy,Rome,1
2023-01-02,Italy,Milano,1
2023-05-07,Italy,Milano,1
2023-05-18,Italy,Milano,1
2023-01-26,Italy,Rome,1
2023-07-14,Italy,Rome,2
2023-02-02,Italy,Venezia,1
2023-02-16,Italy,Milano,1
2023-02-15,Italy,Rome,1
2023-07-29,Italy,Milano,1
2023-06-08,Italy,Milano,3
2023-07-23,Italy,Venezia,1
2023-07-23,Italy,Florence,1
2023-09-10,Italy,Rome,1
2023-03-05,Italy,Florence,2
2023-04-07,Italy,Varese,1
2023-11-14,Italy,Rome,2
2023-03-07,Italy,Syracuse,1
2023-04-17,Italy,Varese,1
2023-08-06,Italy,Milano,2
2023-01-18,Italy,Rome,1
2023-01-14,Italy,Milano,1
2023-01-17,Italy,Milano,3
2023-06-23,Italy,Milano,1
2023-01-25,Italy,Milano,1
2023-07-21,Italy,Vicenza,1
2023-10-27,Italy,Rome,1
2023-03-27,Italy,Florence,3
2023-09-01,Italy,Venezia,1
2023-09-01,Italy,Milano,6
2023-11-15,Italy,Florence,1
2023-01-15,Italy,Milano,1
2023-09-08,Italy,Varese,1
2023-03-22,Italy,Milano,1
2023-01-19,Italy,Milano,1
2023-03-14,Italy,Milano,3
2023-08-08,Italy,Venezia,1
2023-10-09,Italy,Rome,1
2023-06-12,Italy,Varese,1
2023-11-09,Italy,Lecco,1
2023-04-25,Italy,Milano,1
2023-10-27,Italy,Brescia,1
2023-08-10,Italy,Rome,1
2023-01-21,Italy,Milano,2
2023-05-22,Italy,Milano,2
2023-01-17,Italy,Napoli,2
2023-02-20,Italy,Milano,2
2023-01-26,Italy,Milano,4
2023-10-24,Italy,Venezia,2
2023-07-13,Italy,Rome,1
2023-10-18,Italy,Milano,1
2023-09-23,Italy,Rome,1
2023-01-20,Italy,Florence,2
2023-08-19,Italy,Novara,1
2023-03-07,Italy,Milano,5
2023-08-04,Italy,Venezia,1
2023-03-17,Italy,Venezia,1
2023-08-17,Italy,Milano,3
2023-09-24,Italy,Milano,2
2023-10-02,Italy,La Spezia,1
2023-03-13,Italy,Rome,1
2023-10-28,Italy,Rome,1
2023-01-21,Italy,Rome,4
2023-08-18,Italy,Milano,2
2023-03-02,Italy,Milano,2
2023-02-06,Italy,Milano,1
2023-11-16,Italy,Milano,1
2023-11-17,Italy,Milano,2
2023-06-20,Italy,Milano,2
2023-09-17,Italy,Milano,1
2023-09-17,Italy,Florence,1
2023-04-17,Italy,Rome,1
2023-03-09,Italy,Venezia,2
2023-03-30,Italy,Milano,2
2023-02-24,Italy,Vicenza,1
2023-10-10,Italy,Milano,2
2023-03-04,Italy,Milano,3
2023-05-20,Italy,Rome,1
2023-01-30,Italy,Milano,2
2023-02-10,Italy,Milano,1
2023-01-08,Italy,Milano,1
2023-06-04,Italy,Venezia,1
2023-10-02,Italy,Milano,1
2023-04-19,Italy,Milano,1
2023-09-29,Italy,Milano,3
2023-09-18,Italy,Milano,2
2023-05-21,Italy,Venezia,1
2023-10-05,Italy,Napoli,1
2023-01-18,Italy,Napoli,1
2023-01-15,Italy,Venezia,1
2023-11-07,Italy,Florence,5
2023-05-04,Italy,Milano,1
2023-07-13,Italy,Venezia,1
2023-07-23,Italy,Milano,2
2023-02-11,Italy,Rome,1
2023-10-20,Italy,Venezia,1
2023-10-31,Italy,Florence,1
2023-04-12,Italy,Milano,1
2023-10-27,Italy,Milano,5
2023-10-13,Italy,Rome,1
2023-09-03,Italy,Florence,1
2023-04-14,Italy,Florence,1
2023-11-13,Italy,Rome,1
2023-10-30,Italy,Milano,1
2023-05-01,Italy,Rome,1
2023-07-30,Italy,Como,1
2023-11-08,Italy,Rome,1
2023-07-14,Italy,Milano,2
2023-03-17,Italy,Milano,4
2023-08-28,Italy,Venezia,1
2023-10-02,Italy,Rome,1
2023-08-25,Italy,Rome,1
2023-08-10,Italy,Milano,4
2023-08-10,Italy,Como,1
2023-10-25,Italy,Como,1
2023-04-21,Italy,Milano,4
2023-11-04,Italy,Florence,1
2023-04-04,Italy,Milano,1
2023-04-04,Italy,Rome,1
2023-10-30,Italy,Rome,2
2023-04-08,Italy,Varese,1
2023-05-16,Italy,Varese,1
2023-05-03,Italy,Milano,1
2023-03-24,Italy,Varese,1
2023-02-12,Italy,Como,1
2023-03-02,Italy,Venezia,1
2023-03-06,Italy,Vicenza,1
2023-07-09,Italy,Pisa,1
2023-07-18,Italy,Milano,1
2023-03-16,Italy,Milano,2
2023-08-18,Italy,Venezia,1
2023-10-06,Italy,Rome,1
2023-09-09,Italy,Milano,2
2023-03-26,Italy,Milano,1
2023-03-10,Italy,Milano,1
2023-10-14,Italy,Varese,1
2023-04-05,Italy,Milano,2
2023-04-04,Italy,Belluno,1
2023-05-28,Italy,Rome,3
2023-11-03,Italy,Milano,2
2023-11-18,Italy,Milano,2
2023-04-03,Italy,Milano,1
2023-07-21,Italy,Rome,2
2023-06-03,Italy,Venezia,3
2023-06-02,Italy,Lucca,1
2023-01-04,Italy,Varese,1
2023-03-20,Italy,Rome,1
2023-10-03,Italy,Venezia,1
2023-08-03,Italy,Venezia,1
2023-04-18,Italy,La Spezia,1
2023-11-02,Italy,Rome,3
2023-11-17,Italy,Florence,1
2023-03-08,Italy,Milano,1
2023-04-03,Italy,Varese,1
2023-10-05,Italy,Milano,2
2023-02-22,Italy,Milano,2
2023-01-17,Italy,Florence,2
2023-03-30,Italy,Bologna,1
2023-11-07,Italy,Lecco,1
2023-07-08,Italy,Milano,1
2023-11-11,Italy,Rome,1
2023-10-16,Italy,Milano,3
2023-03-27,Italy,Varese,1
2023-07-05,Italy,Milano,1
2023-03-14,Italy,Varese,1
2023-05-25,Italy,Milano,2
2023-08-19,Italy,Rome,1
2023-05-20,Italy,Milano,1
2023-08-04,Italy,Rome,1
2023-06-30,Italy,Rome,1
2023-09-06,Italy,Rome,1
2023-08-20,Italy,Florence,1
2023-06-09,Italy,Verona,1
2023-02-27,Italy,Milano,2
2023-10-18,Italy,Varese,1
2023-08-03,Italy,Rome,1
2023-03-28,Italy,Florence,1
2023-11-02,Italy,Milano,4
2023-11-03,Italy,Bologna,2
2023-09-18,Italy,Como,1
2023-04-28,Italy,Rome,1
2023-01-03,Italy,Milano,2
2023-01-25,Italy,Venezia,1
2023-07-27,Italy,Rome,1
2023-10-21,Italy,Milano,1
2023-01-06,Italy,Milano,5
2023-10-18,Italy,Rome,2
2023-10-14,Italy,Milano,1
2023-09-04,Italy,Rome,1
2023-09-19,Italy,Milano,1
2023-10-23,Japan,Taitō,2
2023-02-02,Japan,Sumida,2
2023-07-13,Japan,Kyoto,3
2023-02-01,Japan,Chūō,1
2023-03-22,Japan,Kita,1
2023-03-11,Japan,Chiyoda,1
2023-08-22,Japan,Shiki,3
2023-02-18,Japan,Taitō,6
2023-07-01,Japan,Himeji,1
2023-03-10,Japan,Yokohama,2
2023-06-08,Japan,Osaka,3
2023-02-03,Japan,Kyoto,3
2023-01-06,Japan,Shinagawa,2
2023-06-03,Japan,Nara,1
2023-02-12,Japan,Kita,1
2023-02-12,Japan,Shinjuku,1
2023-02-12,Japan,Ōta,3
2023-06-17,Japan,Shizuoka,1
2023-06-17,Japan,Chiyoda,2
2023-08-30,Japan,Shinjuku,1
2023-08-30,Japan,Chiyoda,2
2023-01-19,Japan,Shinjuku,1
2023-02-11,Japan,Fujisawa,1
2023-10-20,Japan,Kyoto,1
2023-02-25,Japan,Sakai,1
2023-06-05,Japan,Kyoto,2
2023-06-19,Japan,Ōta,1
2023-03-20,Japan,Yokohama,2
2023-08-31,Japan,Narita,1
2023-10-03,Japan,Edogawa,1
2023-03-18,Japan,Narita,1
2023-03-18,Japan,Fujikawaguchiko,1
2023-08-29,Japan,Chūō,2
2023-03-03,Japan,Takasaki,1
2023-07-08,Japan,Sapporo,1
2023-09-21,Japan,Taitō,5
2023-09-10,Japan,Bunkyō,1
2023-04-27,Japan,Shinjuku,3
2023-04-27,Japan,Edogawa,2
2023-10-16,Japan,Izumisano,3
2023-10-02,Japan,Taitō,6
2023-08-02,Japan,Shinjuku,1
2023-10-27,Japan,Sumida,2
2023-08-25,Japan,Fujikawaguchiko,2
2023-08-25,Japan,Chūō,1
2023-08-25,Japan,Hakodate,1
2023-03-28,Japan,Taitō,4
2023-11-20,Japan,Niseko,1
2023-08-10,Japan,Kita,1
2023-07-17,Japan,Chiyoda,1
2023-11-21,Japan,Edogawa,2
2023-02-09,Japan,Shinjuku,5
2023-02-09,Japan,Taitō,6
2023-08-13,Japan,Osaka,8
2023-03-15,Japan,Chiyoda,2
2023-03-15,Japan,Kaizuka,1
2023-08-12,Japan,Toshima,1
2023-04-22,Japan,Takasaki,1
2023-08-26,Japan,Chiyoda,3
2023-08-26,Japan,Osaka,2
2023-04-21,Japan,Nagoya,3
2023-10-12,Japan,Taitō,4
2023-04-05,Japan,Kyoto,4
2023-11-19,Japan,Ōta,1
2023-04-19,Japan,Minato,3
2023-05-26,Japan,Arakawa,1
2023-05-11,Japan,Kōtō,2
2023-11-03,Japan,Osaka,29
2023-11-18,Japan,Taitō,4
2023-01-22,Japan,Narita,1
2023-09-03,Japan,Taitō,6
2023-04-15,Japan,Kyoto,2
2023-04-15,Japan,Ōta,1
2023-10-08,Japan,Narita,1
2023-04-14,Japan,Chūō,1
2023-04-14,Japan,Nagoya,1
2023-05-20,Japan,Yokkaichi,1
2023-05-20,Japan,Osaka,3
2023-09-12,Japan,Chūō,1
2023-11-15,Japan,N/A,1
2023-11-15,Japan,Fukuoka,2
2023-04-13,Japan,Shinjuku,6
2023-04-13,Japan,Rusutsu,1
2023-10-09,Japan,Fukuoka,1
2023-10-09,Japan,Asahikawa,1
2023-09-28,Japan,Osaka,10
2023-08-07,Japan,Beppu,1
2023-08-07,Japan,Kyoto,1
2023-11-01,Japan,Fujikawaguchiko,1
2023-01-30,Japan,Kanazawa,1
2023-10-05,Japan,Toshima,1
2023-03-09,Japan,Ina,1
2023-11-12,Japan,Minato,3
2023-02-22,Japan,Chiyoda,1
2023-08-06,Japan,Shibuya,1
2023-09-13,Japan,Hiroshima,1
2023-04-02,Japan,Fujisawa,1
2023-06-27,Japan,Chiyoda,2
2023-02-21,Japan,Shinjuku,3
2023-01-29,Japan,Bunkyō,1
2023-05-05,Japan,Ōta,1
2023-02-10,Japan,Itabashi,1
2023-03-31,Japan,Higashiōsaka,1
2023-05-02,Japan,Chūō,2
2023-04-08,Japan,Beppu,2
2023-11-09,Japan,Chūō,1
2023-11-09,Japan,Shibuya,1
2023-05-15,Japan,Kyoto,4
2023-05-15,Japan,Hiroshima,1
2023-05-16,Japan,Taitō,4
2023-09-05,Japan,Chitose,1
2023-01-28,Japan,Narita,2
2023-02-20,Japan,Kyoto,6
2023-05-04,Japan,Chiyoda,1
2023-11-06,Japan,Shinjuku,3
2023-01-27,Japan,Takayama,1
2023-01-26,Japan,Tsukuba,1
2023-06-25,Japan,Chūō,2
2023-05-17,Japan,Chūō,1
2023-05-03,Japan,Kawasaki,1
2023-11-08,Japan,Nagoya,1
2023-11-08,Japan,Tokoname,1
2023-08-21,Japan,Kyoto,3
2023-07-28,Japan,Matsumoto,1
2023-03-23,Japan,Takayama,1
2023-08-20,Japan,Chiyoda,2
2023-02-16,Japan,Ōta,1
2023-10-24,Japan,Akita,1
2023-10-10,Japan,Kyoto,3
2023-02-04,Japan,Katsushika,1
2023-02-04,Japan,Chūō,3
2023-07-15,Japan,Osaka,3
2023-02-18,Japan,Kyoto,1
2023-07-01,Japan,Chiyoda,2
2023-10-22,Japan,Taitō,6
2023-10-22,Japan,Shinjuku,4
2023-03-10,Japan,Kyoto,9
2023-02-03,Japan,Toshima,2
2023-02-27,Japan,Bunkyō,1
2023-02-12,Japan,Fukuoka,2
2023-06-02,Japan,Takayama,1
2023-01-04,Japan,Matsumoto,1
2023-06-19,Japan,Osaka,3
2023-02-14,Japan,Kyoto,3
2023-02-14,Japan,Kōtō,1
2023-02-28,Japan,Narita,1
2023-01-07,Japan,Ōta,1
2023-07-10,Japan,Chūō,2
2023-02-13,Japan,Shinagawa,3
2023-10-17,Japan,Ōta,4
2023-08-01,Japan,Kōtō,1
2023-03-18,Japan,Nara,1
2023-08-15,Japan,Chūō,2
2023-08-29,Japan,Edogawa,1
2023-03-03,Japan,Adachi,1
2023-08-28,Japan,Ōta,1
2023-03-02,Japan,Edogawa,5
2023-04-27,Japan,Kyoto,6
2023-03-06,Japan,Edogawa,1
2023-10-15,Japan,Edogawa,4
2023-10-01,Japan,Ōta,2
2023-11-22,Japan,Taitō,1
2023-09-24,Japan,Toshima,1
2023-04-12,Japan,Kyoto,4
2023-04-12,Japan,Karuizawa,1
2023-10-02,Japan,Chūō,2
2023-09-23,Japan,Chūō,4
2023-09-23,Japan,Ōtsuki,1
2023-08-11,Japan,Fukuoka,1
2023-08-11,Japan,Chiyoda,2
2023-08-10,Japan,Fujikawaguchiko,2
2023-07-17,Japan,Shinjuku,1
2023-09-30,Japan,Taitō,2
2023-08-27,Japan,Sumida,1
2023-08-13,Japan,Hakodate,1
2023-10-26,Japan,Osaka,18
2023-10-26,Japan,Shinjuku,3
2023-08-12,Japan,Yokohama,1
2023-02-08,Japan,Nagano,1
2023-02-08,Japan,Hiroshima,1
2023-07-19,Japan,Edogawa,1
2023-04-05,Japan,Hakone,1
2023-11-04,Japan,Minato,1
2023-11-19,Japan,Edogawa,1
2023-11-19,Japan,Shinjuku,6
2023-04-19,Japan,Hiroshima,1
2023-05-11,Japan,Kyoto,4
2023-03-14,Japan,Kawasaki,2
2023-05-25,Japan,Yamanakako,1
2023-09-01,Japan,Hakone,2
2023-05-25,Japan,Sumida,1
2023-04-18,Japan,Ōta,1
2023-04-18,Japan,Kyoto,5
2023-04-18,Japan,Edogawa,2
2023-11-05,Japan,Niseko,2
2023-05-10,Japan,Toshima,2
2023-11-16,Japan,Shibuya,1
2023-01-23,Japan,Yuzawa,1
2023-11-18,Japan,Gotemba,1
2023-09-17,Japan,Kōtō,1
2023-05-27,Japan,Yokkaichi,1
2023-04-29,Japan,Hachiōji,1
2023-05-21,Japan,Osaka,6
2023-11-01,Japan,Otaru,2
2023-10-08,Japan,Osaka,17
2023-09-26,Japan,Taitō,10
2023-09-11,Japan,Osaka,7
2023-09-12,Japan,Taitō,2
2023-11-15,Japan,Minato,2
2023-03-07,Japan,Taitō,8
2023-03-07,Japan,Fukuoka,1
2023-04-13,Japan,Fujikawaguchiko,1
2023-04-17,Japan,Shibuya,1
2023-04-17,Japan,Kyoto,3
2023-04-17,Japan,Sakai,1
2023-05-24,Japan,Asahikawa,1
2023-05-24,Japan,Minato,1
2023-03-09,Japan,Sumida,3
2023-05-22,Japan,Kyoto,9
2023-11-12,Japan,Narita,3
2023-08-06,Japan,Minato,2
2023-04-02,Japan,Izumisano,2
2023-10-30,Japan,Sapporo,3
2023-07-22,Japan,Edogawa,1
2023-02-10,Japan,Nara,2
2023-06-29,Japan,Ōta,3
2023-06-29,Japan,Taitō,2
2023-01-15,Japan,Shinagawa,1
2023-01-14,Japan,Ōta,1
2023-01-17,Japan,Kōtō,2
2023-06-12,Japan,Odawara,1
2023-06-15,Japan,Shinjuku,2
2023-04-09,Japan,Shibuya,2
2023-05-02,Japan,Ōta,3
2023-07-20,Japan,Taitō,3
2023-05-07,Japan,Shinjuku,3
2023-02-23,Japan,Kyoto,10
2023-01-03,Japan,Shinjuku,8
2023-06-23,Japan,Narita,1
2023-04-08,Japan,Nagoya,1
2023-05-15,Japan,Kita,1
2023-01-16,Japan,Fujikawaguchiko,1
2023-01-16,Japan,Taitō,4
2023-01-16,Japan,Shinjuku,1
2023-05-29,Japan,Shinagawa,2
2023-01-13,Japan,Matsumoto,1
2023-09-08,Japan,Minato,7
2023-09-08,Japan,Nara,1
2023-01-27,Japan,Chūō,1
2023-07-31,Japan,Nagoya,2
2023-07-30,Japan,Sapporo,1
2023-11-08,Japan,Kyoto,7
2023-11-08,Japan,Chūō,3
2023-01-26,Japan,Sapporo,1
2023-07-28,Japan,Bunkyō,1
2023-03-23,Japan,Hamamatsu,1
2023-02-01,Japan,Kyoto,1
2023-06-06,Japan,Kyoto,1
2023-06-06,Japan,Asahikawa,1
2023-02-05,Japan,Fujikawaguchiko,1
2023-02-05,Japan,Minato,3
2023-07-02,Japan,Kamaishi,1
2023-10-21,Japan,Izumisano,1
2023-06-09,Japan,Taitō,2
2023-08-22,Japan,Hadano,1
2023-07-15,Japan,Sumida,2
2023-02-18,Japan,Osaka,3
2023-02-03,Japan,Osaka,4
2023-02-12,Japan,Karuizawa,1
2023-06-17,Japan,Kyoto,4
2023-01-05,Japan,Kanazawa,2
2023-01-05,Japan,Yokohama,1
2023-02-26,Japan,Ōta,1
2023-01-19,Japan,Chiyoda,2
2023-01-04,Japan,Shinjuku,5
2023-07-12,Japan,Osaka,6
2023-06-19,Japan,Chūō,3
2023-02-14,Japan,Toshima,4
2023-10-31,Japan,Kyoto,7
2023-07-11,Japan,Nikkō,1
2023-02-13,Japan,Toshima,2
2023-08-01,Japan,Kawasaki,1
2023-08-01,Japan,Shiki,1
2023-09-22,Japan,Chiyoda,3
2023-03-04,Japan,Chiyoda,5
2023-08-15,Japan,Kutchan,1
2023-10-04,Japan,Chūō,2
2023-10-04,Japan,Hashima,1
2023-08-28,Japan,Fujiyoshida,1
2023-03-02,Japan,Chūō,13
2023-03-06,Japan,Gotemba,1
2023-08-17,Japan,Matsumoto,1
2023-08-17,Japan,Kyoto,6
2023-10-01,Japan,Kyoto,2
2023-03-19,Japan,Osaka,6
2023-08-02,Japan,Taitō,7
2023-04-26,Japan,Taitō,4
2023-08-16,Japan,Adachi,1
2023-08-16,Japan,Takayama,1
2023-04-20,Japan,Taitō,7
2023-04-20,Japan,Fukushima,1
2023-07-18,Japan,Chiyoda,2
2023-11-20,Japan,Takayama,1
2023-03-27,Japan,Tokoname,1
2023-02-06,Japan,Fujikawaguchiko,1
2023-02-06,Japan,Chūō,2
2023-08-10,Japan,Taitō,6
2023-10-28,Japan,Chūō,4
2023-10-28,Japan,Nagoya,2
2023-10-28,Japan,Sumida,1
2023-10-14,Japan,Kanazawa,2
2023-10-25,Japan,Yokohama,1
2023-08-13,Japan,Bunkyō,1
2023-10-26,Japan,Izumisano,3
2023-08-12,Japan,Taitō,5
2023-04-22,Japan,Odawara,1
2023-07-19,Japan,Izumisano,1
2023-11-19,Japan,Taitō,4
2023-11-19,Japan,Shibuya,3
2023-01-21,Japan,Kyoto,4
2023-04-19,Japan,Sapporo,1
2023-05-11,Japan,Sendai,1
2023-05-25,Japan,Chūō,4
2023-04-04,Japan,Fujikawaguchiko,1
2023-04-18,Japan,Shinjuku,1
2023-11-02,Japan,Kanazawa,3
2023-01-23,Japan,Chūō,2
2023-09-19,Japan,Shinagawa,1
2023-05-12,Japan,Osaka,7
2023-04-06,Japan,Tokoname,1
2023-04-14,Japan,Edogawa,1
2023-04-28,Japan,Hakodate,1
2023-03-07,Japan,Ōta,1
2023-04-13,Japan,Funabashi,1
2023-10-09,Japan,Osaka,8
2023-10-09,Japan,Chūō,1
2023-10-06,Japan,Osaka,6
2023-09-14,Japan,Shinagawa,3
2023-05-23,Japan,Chiyoda,1
2023-09-27,Japan,Taitō,7
2023-08-06,Japan,Taitō,11
2023-04-16,Japan,Meguro,1
2023-04-01,Japan,Kyoto,4
2023-04-01,Japan,Osaka,3
2023-04-02,Japan,Shinjuku,1
2023-06-27,Japan,Shinjuku,1
2023-02-21,Japan,Osaka,9
2023-02-21,Japan,Izumisano,2
2023-02-21,Japan,Chūō,2
2023-06-11,Japan,Edogawa,1
2023-03-31,Japan,Chiyoda,2
2023-03-31,Japan,Sapporo,1
2023-05-19,Japan,Taitō,1
2023-01-15,Japan,Kyoto,5
2023-06-12,Japan,Chūō,2
2023-06-14,Japan,Chūō,2
2023-02-23,Japan,Taitō,4
2023-05-16,Japan,Ōta,1
2023-05-16,Japan,Chūō,2
2023-05-29,Japan,Narita,2
2023-09-05,Japan,Osaka,12
2023-09-06,Japan,Osaka,6
2023-09-06,Japan,Itabashi,2
2023-07-21,Japan,Minato,2
2023-01-11,Japan,Sumida,1
2023-05-18,Japan,Izumisano,1
2023-11-07,Japan,Chiyoda,4
2023-11-07,Japan,Yokohama,1
2023-02-20,Japan,Niigata,1
2023-11-06,Japan,Munakata,1
2023-06-25,Japan,Osaka,8
2023-09-08,Japan,Chūō,3
2023-11-08,Japan,Edogawa,1
2023-11-08,Japan,Shinagawa,1
2023-02-17,Japan,Yokohama,2
2023-08-21,Japan,Izumisano,1
2023-02-16,Japan,Sapporo,1
2023-07-13,Japan,Kita,1
2023-01-09,Japan,Taitō,7
2023-03-22,Japan,Noboribetsu,1
2023-07-27,Japan,Hamamatsu,2
2023-10-10,Japan,Furano,1
2023-10-10,Japan,Edogawa,1
2023-07-02,Japan,Osaka,5
2023-02-19,Japan,Osaka,11
2023-02-19,Japan,Kyoto,2
2023-03-11,Japan,Kagoshima,1
2023-02-04,Japan,Fujikawaguchiko,1
2023-10-21,Japan,Taitō,3
2023-03-25,Japan,Shinjuku,1
2023-07-15,Japan,Izumisano,1
2023-07-29,Japan,Bunkyō,3
2023-03-10,Japan,Bunkyō,1
2023-03-24,Japan,Osaka,9
2023-06-02,Japan,Osaka,6
2023-05-09,Japan,Itabashi,1
2023-02-11,Japan,Taitō,5
2023-02-25,Japan,Nagasaki,1
2023-07-11,Japan,Itabashi,1
2023-06-18,Japan,Kita,1
2023-02-13,Japan,Hakodate,1
2023-02-13,Japan,Shibuya,1
2023-02-13,Japan,Shinjuku,2
2023-04-25,Japan,Kita,1
2023-03-04,Japan,Narita,1
2023-03-18,Japan,Ōta,1
2023-08-15,Japan,Suita,1
2023-09-21,Japan,Ōta,1
2023-08-14,Japan,Aomori,1
2023-11-11,Japan,Kyoto,7
2023-11-11,Japan,Otaru,1
2023-11-11,Japan,Chiyoda,5
2023-10-29,Japan,Adachi,1
2023-10-29,Japan,Bunkyō,1
2023-04-27,Japan,Sumida,1
2023-08-17,Japan,Taitō,6
2023-09-24,Japan,Kobe,1
2023-03-05,Japan,Osaka,21
2023-03-19,Japan,Chūō,2
2023-09-23,Japan,Osaka,17
2023-10-27,Japan,Narita,2
2023-10-13,Japan,Minato,3
2023-02-07,Japan,Kutchan,3
2023-02-07,Japan,Shinjuku,3
2023-08-11,Japan,Kawagoe,1
2023-03-28,Japan,Shinagawa,2
2023-11-20,Japan,Kōtō,1
2023-11-20,Japan,Chiyoda,1
2023-08-10,Japan,Tokoname,1
2023-10-28,Japan,Yokohama,1
2023-10-14,Japan,Shinagawa,3
2023-08-24,Japan,Edogawa,1
2023-03-16,Japan,Ōta,1
2023-10-25,Japan,Chiyoda,5
2023-02-09,Japan,Edogawa,3
2023-03-01,Japan,Bunkyō,2
2023-10-26,Japan,Niseko,2
2023-08-12,Japan,Sapporo,1
2023-04-22,Japan,Bunkyō,1
2023-08-26,Japan,Sapporo,1
2023-03-14,Japan,Chūō,3
2023-11-04,Japan,Sumida,2
2023-08-09,Japan,Izumisano,1
2023-11-16,Japan,Bunkyō,1
2023-09-29,Japan,Morioka,1
2023-05-10,Japan,Naha,1
2023-04-07,Japan,Toyama,2
2023-11-02,Japan,Sumida,1
2023-11-02,Japan,N/A,3
2023-09-04,Japan,Kanazawa,1
2023-09-18,Japan,Hakodate,2
2023-09-18,Japan,Shinjuku,4
2023-06-20,Japan,Shibuya,1
2023-11-18,Japan,Osaka,12
2023-05-14,Japan,Ōta,2
2023-09-19,Japan,Taitō,6
2023-05-27,Japan,Chiyoda,2
2023-10-07,Japan,Sapporo,1
2023-10-07,Japan,Yokohama,1
2023-04-29,Japan,Itabashi,3
2023-03-08,Japan,Asahikawa,1
2023-11-01,Japan,Narita,2
2023-09-11,Japan,Chūō,1
2023-08-04,Japan,Osaka,5
2023-04-13,Japan,Edogawa,3
2023-10-09,Japan,Kobe,1
2023-08-07,Japan,Narita,1
2023-05-23,Japan,Kyoto,1
2023-01-30,Japan,Shinagawa,1
2023-04-03,Japan,Toshima,4
2023-06-13,Japan,Osaka,4
2023-10-05,Japan,Kyoto,3
2023-11-12,Japan,Sapporo,3
2023-04-01,Japan,Shinagawa,2
2023-04-02,Japan,Ōta,1
2023-01-29,Japan,Shibuya,2
2023-07-22,Japan,Gotemba,2
2023-05-08,Japan,Shinjuku,3
2023-01-17,Japan,Kyoto,5
2023-01-17,Japan,Taitō,2
2023-01-02,Japan,Izumisano,1
2023-06-12,Japan,Fukuoka,1
2023-04-09,Japan,Kōtō,2
2023-06-26,Japan,Chiyoda,1
2023-03-30,Japan,Ōta,1
2023-02-23,Japan,Chiyoda,3
2023-01-03,Japan,Sapporo,2
2023-01-24,Japan,Shibuya,3
2023-05-15,Japan,Narita,4
2023-09-09,Japan,Niseko,1
2023-01-10,Japan,Takayama,1
2023-01-10,Japan,Shinagawa,2
2023-01-16,Japan,Kōtō,1
2023-01-25,Japan,Narita,1
2023-02-24,Japan,Osaka,3
2023-05-01,Japan,Toyama,1
2023-01-28,Japan,Chūō,3
2023-01-28,Japan,Ōta,2
2023-11-06,Japan,Kumagaya,1
2023-01-27,Japan,Tokoname,1
2023-01-27,Japan,Kanazawa,2
2023-05-17,Japan,Shinagawa,2
2023-02-17,Japan,Sapporo,2
2023-03-23,Japan,Shinjuku,5
2023-08-20,Japan,Hiroshima,1
2023-02-16,Japan,Nagoya,1
2023-10-24,Japan,Sendai,1
2023-02-04,Japan,Kōtō,1
2023-10-21,Japan,Kobe,1
2023-06-09,Japan,Takayama,1
2023-10-22,Japan,Ōta,1
2023-10-22,Japan,Osaka,4
2023-10-22,Japan,Otaru,1
2023-03-10,Japan,Shinagawa,2
2023-01-06,Japan,Hakodate,1
2023-01-06,Japan,Ichinoseki,1
2023-06-03,Japan,Chitose,1
2023-06-03,Japan,Bunkyō,1
2023-06-03,Japan,Toshima,1
2023-02-12,Japan,Kanazawa,1
2023-02-26,Japan,Hiroshima,2
2023-02-26,Japan,Aomori,1
2023-02-26,Japan,Karuizawa,1
2023-06-02,Japan,Bunkyō,1
2023-02-11,Japan,Osaka,9
2023-06-05,Japan,Ōta,1
2023-01-04,Japan,Ōta,2
2023-06-19,Japan,Chiyoda,2
2023-10-31,Japan,Kashiwa,1
2023-03-21,Japan,Sapporo,2
2023-02-14,Japan,Izumisano,1
2023-06-18,Japan,Chiyoda,4
2023-07-10,Japan,Shinjuku,2
2023-04-25,Japan,Sumida,1
2023-10-17,Japan,Sapporo,2
2023-03-04,Japan,Taitō,15
2023-03-04,Japan,Fukuoka,2
2023-03-04,Japan,Sapporo,4
2023-03-18,Japan,Ōtsuki,1
2023-08-29,Japan,Narita,1
2023-03-03,Japan,Osaka,14
2023-04-10,Japan,Taitō,4
2023-11-10,Japan,Toshima,2
2023-03-17,Japan,Toyama,1
2023-10-18,Japan,Taitō,4
2023-03-02,Japan,Minato,5
2023-03-06,Japan,Toyama,1
2023-03-06,Japan,Funabashi,1
2023-09-24,Japan,Nagano,1
2023-10-02,Japan,Ōta,3
2023-10-27,Japan,Shinjuku,8
2023-04-11,Japan,Bunkyō,1
2023-04-11,Japan,Yokohama,1
2023-10-13,Japan,Minamifurano,1
2023-08-25,Japan,Nagoya,1
2023-04-20,Japan,Kyoto,4
2023-03-28,Japan,Chūō,1
2023-08-10,Japan,Minato,1
2023-07-03,Japan,Taitō,3
2023-03-12,Japan,Taitō,3
2023-03-12,Japan,Edogawa,1
2023-10-25,Japan,Kawaguchi,1
2023-09-30,Japan,Nagano,1
2023-10-11,Japan,Sumida,2
2023-07-06,Japan,Taitō,1
2023-03-15,Japan,Sumida,1
2023-03-15,Japan,Toyama,3
2023-03-01,Japan,Arakawa,1
2023-02-08,Japan,Kyoto,5
2023-10-12,Japan,Chiyoda,1
2023-07-19,Japan,Takayama,1
2023-07-05,Japan,Sapporo,1
2023-03-14,Japan,Tōyako,1
2023-03-14,Japan,Matsumoto,1
2023-01-21,Japan,Gotemba,4
2023-09-01,Japan,Osaka,11
2023-09-01,Japan,Ōta,2
2023-09-01,Japan,Edogawa,2
2023-04-18,Japan,Nagano,1
2023-09-29,Japan,Osaka,5
2023-11-05,Japan,Nakijin,1
2023-04-07,Japan,Sano,1
2023-11-16,Japan,Fujikawaguchiko,1
2023-05-28,Japan,Ōta,1
2023-11-03,Japan,Chūō,5
2023-11-03,Japan,Narita,3
2023-11-03,Japan,Tajiri,1
2023-11-18,Japan,Takasaki,1
2023-11-14,Japan,Mito,1
2023-10-07,Japan,Shinagawa,3
2023-03-08,Japan,Kobe,1
2023-03-08,Japan,Suginami,1
2023-08-19,Japan,Matsumoto,2
2023-08-05,Japan,Kyoto,2
2023-05-20,Japan,Kyoto,4
2023-09-28,Japan,Kyoto,5
2023-11-13,Japan,Nagano,1
2023-10-06,Japan,Minato,4
2023-08-07,Japan,Chūō,3
2023-05-24,Japan,Izumisano,1
2023-05-23,Japan,Shinagawa,2
2023-05-23,Japan,Sendai,1
2023-06-30,Japan,Minato,1
2023-06-13,Japan,Bunkyō,2
2023-03-09,Japan,Hakodate,1
2023-03-09,Japan,Takayama,1
2023-11-12,Japan,Ōta,1
2023-01-01,Japan,Taitō,6
2023-01-01,Japan,Kobe,1
2023-02-22,Japan,Osaka,4
2023-02-22,Japan,Chūō,3
2023-08-06,Japan,Chūō,3
2023-04-02,Japan,Akashi,1
2023-06-01,Japan,Toshima,1
2023-01-29,Japan,Kanazawa,1
2023-05-05,Japan,Edogawa,3
2023-05-05,Japan,Hiroshima,1
2023-07-22,Japan,Kyoto,2
2023-01-17,Japan,Shinagawa,1
2023-06-14,Japan,Sapporo,1
2023-02-23,Japan,Toshima,2
2023-04-08,Japan,Edogawa,1
2023-09-09,Japan,Sumida,1
2023-05-16,Japan,Shibuya,1
2023-01-16,Japan,Yamagata,1
2023-09-06,Japan,Minato,2
2023-05-01,Japan,Shinjuku,4
2023-05-01,Japan,Nanto,1
2023-09-05,Japan,Kobe,1
2023-05-18,Japan,Taitō,2
2023-05-18,Japan,Fukuoka,1
2023-05-18,Japan,Nagoya,2
2023-01-27,Japan,Toyama,1
2023-01-27,Japan,Edogawa,1
2023-01-26,Japan,Toyooka,1
2023-06-25,Japan,Kita,1
2023-05-17,Japan,Kyoto,4
2023-09-08,Japan,Kobe,1
2023-09-07,Japan,Izumisano,2
2023-09-07,Japan,Sapporo,2
2023-01-26,Japan,Chiyoda,2
2023-08-20,Japan,Shinjuku,2
2023-10-24,Japan,Osaka,11
2023-01-09,Japan,Kanazawa,1
2023-02-01,Japan,Katsushika,1
2023-03-22,Japan,Osaka,4
2023-02-05,Japan,Hakodate,1
2023-08-23,Japan,Chūō,2
2023-02-19,Japan,Hiroshima,1
2023-02-04,Japan,Moriyama,1
2023-03-25,Japan,Narita,3
2023-07-15,Japan,Narita,8
2023-03-10,Japan,Taitō,20
2023-03-24,Japan,Yokohama,1
2023-02-27,Japan,Kawachinagano,1
2023-06-03,Japan,Ōta,2
2023-06-17,Japan,Katsushika,1
2023-02-26,Japan,Taitō,3
2023-08-30,Japan,Minato,1
2023-07-12,Japan,Taitō,4
2023-07-26,Japan,Itabashi,1
2023-10-31,Japan,Gotemba,1
2023-06-04,Japan,Osaka,7
2023-07-11,Japan,Maebashi,1
2023-07-11,Japan,Fukuoka,1
2023-03-20,Japan,Edogawa,1
2023-07-25,Japan,Suita,1
2023-04-25,Japan,Hiroshima,1
2023-10-03,Japan,Arakawa,1
2023-03-18,Japan,Hakuba,1
2023-03-03,Japan,Minato,3
2023-03-03,Japan,Chūō,5
2023-11-10,Japan,Izumisano,4
2023-03-02,Japan,Osaka,14
2023-11-11,Japan,Takayama,1
2023-08-03,Japan,Minato,2
2023-08-17,Japan,Kōtō,1
2023-10-01,Japan,Fukuoka,2
2023-10-01,Japan,Toshima,1
2023-03-05,Japan,Sumida,3
2023-10-02,Japan,Kōtō,1
2023-04-26,Japan,Shinjuku,3
2023-07-09,Japan,Kyoto,3
2023-10-13,Japan,Shinjuku,8
2023-02-07,Japan,Kyoto,6
2023-08-25,Japan,Narita,1
2023-03-28,Japan,Narita,2
2023-03-28,Japan,Kōtō,1
2023-11-20,Japan,Furano,1
2023-03-27,Japan,Ōta,1
2023-03-13,Japan,Shinjuku,3
2023-10-14,Japan,Chūō,8
2023-07-17,Japan,Narita,3
2023-03-12,Japan,Fukuoka,3
2023-03-12,Japan,Nagoya,1
2023-11-21,Japan,Chūō,2
2023-09-20,Japan,Edogawa,1
2023-08-27,Japan,Bunkyō,1
2023-08-27,Japan,Itabashi,1
2023-08-13,Japan,Chūō,2
2023-10-26,Japan,Rusutsu,2
2023-03-15,Japan,Asahikawa,1
2023-03-15,Japan,Shibuya,1
2023-08-26,Japan,Fujikawaguchiko,1
2023-04-21,Japan,Toyama,1
2023-04-21,Japan,Shibuya,1
2023-07-05,Japan,Kyoto,3
2023-03-14,Japan,Kyoto,4
2023-05-11,Japan,Chiyoda,1
2023-04-04,Japan,Taitō,4
2023-11-05,Japan,Yuzawa,1
2023-11-05,Japan,Minato,2
2023-04-07,Japan,Chūō,1
2023-11-16,Japan,Narita,1
2023-11-03,Japan,Bunkyō,1
2023-11-03,Japan,Kanazawa,1
2023-09-18,Japan,Edogawa,1
2023-06-20,Japan,Gotemba,1
2023-01-22,Japan,Shinjuku,2
2023-05-28,Japan,Sendai,1
2023-01-22,Japan,Chūō,1
2023-09-03,Japan,Shibuya,2
2023-11-14,Japan,Ōta,1
2023-04-06,Japan,Shizuoka,1
2023-04-29,Japan,Osaka,12
2023-05-21,Japan,Taitō,6
2023-01-31,Japan,Taitō,3
2023-10-08,Japan,Koganei,1
2023-09-11,Japan,Shibuya,1
2023-05-20,Japan,Taitō,2
2023-05-20,Japan,Shinjuku,1
2023-09-12,Japan,Sumida,1
2023-03-07,Japan,Kyoto,8
2023-09-25,Japan,Tendo,1
2023-08-07,Japan,Karuizawa,1
2023-04-03,Japan,Gifu,1
2023-04-03,Japan,Fujikawaguchiko,1
2023-09-27,Japan,Narita,2
2023-06-13,Japan,Kita,1
2023-03-09,Japan,Izumisano,1
2023-03-09,Japan,Shinjuku,4
2023-11-12,Japan,Ikeda,1
2023-04-16,Japan,Kita,1
2023-06-27,Japan,Sumida,1
2023-06-11,Japan,Yokohama,1
2023-02-10,Japan,Chūō,1
2023-03-31,Japan,Minato,1
2023-03-31,Japan,Kanazawa,1
2023-06-15,Japan,Taitō,4
2023-04-09,Japan,Narita,1
2023-06-28,Japan,Kyoto,5
2023-07-20,Japan,Hokuto,1
2023-06-23,Japan,Shinjuku,5
2023-11-09,Japan,Minato,1
2023-01-10,Japan,Nara,1
2023-05-16,Japan,Kyoto,4
2023-07-21,Japan,Fujikawaguchiko,1
2023-01-11,Japan,Takayama,1
2023-01-11,Japan,Shinjuku,7
2023-05-01,Japan,Taitō,3
2023-01-13,Japan,Toshima,1
2023-01-13,Japan,Chiba,1
2023-11-07,Japan,Sumida,1
2023-11-07,Japan,Shinjuku,7
2023-02-20,Japan,Kita,1
2023-06-21,Japan,Minato,1
2023-01-26,Japan,Narita,1
2023-09-08,Japan,Shibuya,1
2023-07-31,Japan,Taitō,7
2023-07-30,Japan,Osaka,6
2023-07-30,Japan,Nagoya,1
2023-11-08,Japan,Taitō,9
2023-08-21,Japan,Chūō,1
2023-08-21,Japan,Bunkyō,1
2023-08-21,Japan,Sumida,2
2023-10-23,Japan,Hiroshima,1
2023-06-07,Japan,Osaka,3
2023-03-23,Japan,Taitō,3
2023-08-20,Japan,Ōta,2
2023-10-24,Japan,Fujikawaguchiko,2
2023-06-06,Japan,Chiyoda,1
2023-10-10,Japan,Narita,2
2023-02-19,Japan,Chiyoda,1
2023-03-11,Japan,Yokohama,1
2023-07-16,Japan,Itabashi,2
2023-03-25,Japan,Wakayama,1
2023-06-09,Japan,Fukaya,1
2023-02-18,Japan,Chūō,2
2023-03-10,Japan,Nara,1
2023-03-24,Japan,Taitō,6
2023-01-06,Japan,Narita,2
2023-01-06,Japan,Edogawa,1
2023-02-27,Japan,Narita,2
2023-07-24,Japan,Shinjuku,4
2023-06-17,Japan,Toshima,3
2023-02-26,Japan,Kita,1
2023-08-30,Japan,Taitō,5
2023-01-19,Japan,Takayama,2
2023-01-19,Japan,Kanazawa,1
2023-03-21,Japan,Hiroshima,1
2023-06-04,Japan,Shinjuku,1
2023-07-11,Japan,Chiyoda,3
2023-02-13,Japan,Kōtō,1
2023-10-17,Japan,Kyoto,6
2023-10-03,Japan,Fujikawaguchiko,1
2023-08-15,Japan,Ōtsu,1
2023-05-31,Japan,Osaka,5
2023-04-24,Japan,Nagoya,1
2023-09-21,Japan,Kyoto,3
2023-03-17,Japan,Itabashi,1
2023-03-02,Japan,Sapporo,1
2023-09-10,Japan,Hakone,1
2023-09-10,Japan,Adachi,1
2023-10-29,Japan,Chūō,3
2023-10-29,Japan,Sapporo,2
2023-10-15,Japan,Shinjuku,2
2023-08-03,Japan,Kyoto,2
2023-08-17,Japan,Bunkyō,2
2023-03-05,Japan,Minato,4
2023-03-05,Japan,Shibuya,3
2023-03-05,Japan,Yokohama,2
2023-03-05,Japan,Fujikawaguchiko,1
2023-10-02,Japan,Shinjuku,2
2023-10-02,Japan,Tokoname,1
2023-09-23,Japan,Shinjuku,5
2023-08-16,Japan,Kanazawa,1
2023-08-11,Japan,Shinjuku,5
2023-08-24,Japan,Nakagusuku,1
2023-07-17,Japan,Taitō,4
2023-03-12,Japan,Kobe,3
2023-09-20,Japan,Shinjuku,4
2023-02-09,Japan,Hakodate,1
2023-10-26,Japan,Odawara,2
2023-04-22,Japan,Osaka,16
2023-03-01,Japan,Toyama,1
2023-02-08,Japan,Kita,3
2023-10-12,Japan,Chūō,1
2023-10-12,Japan,Narita,1
2023-07-19,Japan,Shibuya,1
2023-03-14,Japan,Yokohama,2
2023-11-04,Japan,Kyoto,4
2023-11-04,Japan,Shinjuku,2
2023-09-02,Japan,Fukuoka,1
2023-01-21,Japan,Edogawa,2
2023-11-19,Japan,Kyoto,1
2023-04-19,Japan,Shinjuku,5
2023-08-09,Japan,Nagoya,1
2023-05-26,Japan,Kyoto,2
2023-05-25,Japan,Osaka,8
2023-09-01,Japan,Tokoname,1
2023-01-20,Japan,Kyoto,1
2023-11-05,Japan,Taitō,8
2023-04-07,Japan,Shinjuku,3
2023-08-08,Japan,Sapporo,1
2023-09-04,Japan,Sumida,1
2023-11-17,Japan,Chūō,5
2023-11-17,Japan,Hiroshima,1
2023-01-22,Japan,Taitō,3
2023-09-17,Japan,Takayama,5
2023-05-13,Japan,Sapporo,1
2023-01-22,Japan,Shibuya,1
2023-04-15,Japan,Chūō,1
2023-04-15,Japan,Narita,1
2023-04-06,Japan,Taitō,2
2023-04-06,Japan,Kōtō,1
2023-10-07,Japan,Kyoto,5
2023-09-26,Japan,Narita,4
2023-05-21,Japan,Bunkyō,1
2023-05-21,Japan,Ōta,1
2023-10-08,Japan,Kaizuka,1
2023-09-26,Japan,Izumisano,1
2023-04-14,Japan,Kanazawa,3
2023-04-28,Japan,Odawara,1
2023-09-12,Japan,Yonezawa,1
2023-09-28,Japan,Minato,1
2023-10-06,Japan,Kyoto,6
2023-08-07,Japan,Nagoya,2
2023-04-17,Japan,Fukuoka,1
2023-04-16,Japan,Fujikawaguchiko,1
2023-11-01,Japan,Nagoya,1
2023-11-01,Japan,Sumida,1
2023-03-09,Japan,Bunkyō,1
2023-11-12,Japan,Kanazawa,1
2023-08-06,Japan,Edogawa,3
2023-05-06,Japan,Chūō,2
2023-09-13,Japan,Fujikawaguchiko,1
2023-09-13,Japan,Gotemba,1
2023-01-18,Japan,Shibuya,1
2023-06-01,Japan,Kyoto,7
2023-10-30,Japan,Shinjuku,2
2023-05-19,Japan,Sasebo,1
2023-06-12,Japan,Nagoya,1
2023-04-09,Japan,Otaru,1
2023-06-28,Japan,Taitō,1
2023-05-02,Japan,Chiyoda,2
2023-05-07,Japan,Katsushika,1
2023-02-24,Japan,Chūō,2
2023-01-11,Japan,Kanazawa,2
2023-05-01,Japan,Narita,1
2023-01-13,Japan,Taitō,3
2023-06-21,Japan,Kita,1
2023-01-27,Japan,Sapporo,1
2023-01-27,Japan,Fukuoka,1
2023-06-10,Japan,Furano,2
2023-01-12,Japan,Kanazawa,2
2023-05-17,Japan,Kobe,1
2023-05-17,Japan,Hakodate,2
2023-05-17,Japan,Kawasaki,1
2023-02-17,Japan,Fujikawaguchiko,2
2023-10-23,Japan,Tachikawa,1
2023-10-23,Japan,Shirakawa Village,1
2023-07-28,Japan,Osaka,7
2023-07-28,Japan,Ōta,1
2023-03-23,Japan,Akashi,1
2023-03-22,Japan,Himeji,1
2023-06-06,Japan,Minato,2
2023-06-06,Japan,Toshima,3
2023-06-06,Japan,Chiba,2
2023-02-05,Japan,Fukuoka,1
2023-08-23,Japan,Kōtō,1
2023-02-19,Japan,Itabashi,2
2023-08-22,Japan,Shinjuku,3
2023-08-22,Japan,Fukuoka,1
2023-07-15,Japan,Toyama,1
2023-01-06,Japan,Matsue,2
2023-02-27,Japan,Chiyoda,3
2023-06-03,Japan,Shinagawa,1
2023-02-26,Japan,Higashihiroshima,1
2023-07-23,Japan,Shinjuku,1
2023-07-23,Japan,Fukushima,1
2023-06-02,Japan,Narita,1
2023-06-02,Japan,Kanazawa,1
2023-06-05,Japan,Shinjuku,4
2023-06-05,Japan,Edogawa,3
2023-01-04,Japan,Taitō,1
2023-01-04,Japan,Chiyoda,1
2023-07-26,Japan,Suita,1
2023-02-14,Japan,Chūō,5
2023-03-20,Japan,Shinjuku,4
2023-07-10,Japan,Shibuya,1
2023-07-25,Japan,Minato,1
2023-02-13,Japan,Taitō,2
2023-10-17,Japan,Shinjuku,2
2023-09-22,Japan,Chūō,2
2023-03-04,Japan,Ōta,3
2023-08-29,Japan,Ōta,2
2023-03-03,Japan,Toshima,1
2023-04-10,Japan,Ōta,1
2023-04-24,Japan,Kyoto,4
2023-11-10,Japan,Kawaguchi,1
2023-09-21,Japan,Suita,1
2023-09-21,Japan,Tsukuba,1
2023-03-17,Japan,Shibuya,2
2023-03-17,Japan,Edogawa,1
2023-10-18,Japan,Kobe,1
2023-08-14,Japan,Chūō,1
2023-03-02,Japan,Chiyoda,4
2023-03-02,Japan,Kōtō,1
2023-09-10,Japan,Kanazawa,2
2023-04-23,Japan,Kyoto,3
2023-03-06,Japan,Shinjuku,6
2023-03-06,Japan,Chiyoda,5
2023-08-03,Japan,Narita,1
2023-08-17,Japan,Nagoya,2
2023-09-24,Japan,Aomori,1
2023-09-24,Japan,Shinagawa,2
2023-03-05,Japan,Izumisano,4
2023-04-12,Japan,Nagano,1
2023-09-23,Japan,Kōya,2
2023-10-27,Japan,Kita,1
2023-10-27,Japan,Kyoto,10
2023-10-27,Japan,Nagoya,3
2023-10-27,Japan,Hiroshima,1
2023-10-13,Japan,Shinagawa,2
2023-02-07,Japan,Taitō,4
2023-08-11,Japan,Matsumoto,2
2023-08-11,Japan,Fujikawaguchiko,1
2023-08-25,Japan,Shinjuku,3
2023-03-27,Japan,Takayama,1
2023-03-27,Japan,Nagoya,1
2023-07-03,Japan,Fukuoka,1
2023-10-28,Japan,Fuji,1
2023-10-14,Japan,Narita,2
2023-03-12,Japan,Kanazawa,2
2023-03-12,Japan,Shinjuku,3
2023-10-25,Japan,Aomori,1
2023-10-11,Japan,Chūō,1
2023-08-27,Japan,Kita,1
2023-08-27,Japan,Narita,1
2023-08-27,Japan,Chiyoda,2
2023-10-26,Japan,Fujikawaguchiko,2
2023-07-06,Japan,Chūō,2
2023-10-12,Japan,Ōta,1
2023-07-19,Japan,Sumida,1
2023-07-05,Japan,Shinjuku,4
2023-03-14,Japan,Toshima,1
2023-09-01,Japan,Sumida,1
2023-04-04,Japan,Kawasaki,1
2023-09-15,Japan,Shirakawa Village,1
2023-09-29,Japan,Shinjuku,3
2023-11-02,Japan,Chūō,1
2023-11-02,Japan,Kōtō,3
2023-09-29,Japan,Hakone,1
2023-11-03,Japan,Kyoto,8
2023-11-03,Japan,Machida,1
2023-09-18,Japan,Toshima,1
2023-01-23,Japan,Naruto,1
2023-11-18,Japan,Niseko,2
2023-11-18,Japan,Okayama,1
2023-09-17,Japan,Taitō,4
2023-09-19,Japan,Nachikatsuura,1
2023-09-19,Japan,Fujikawaguchiko,2
2023-05-12,Japan,Shinjuku,1
2023-11-14,Japan,Nagoya,1
2023-04-15,Japan,Asahikawa,1
2023-04-06,Japan,Katsushika,1
2023-03-08,Japan,Narita,3
2023-03-08,Japan,Edogawa,1
2023-05-21,Japan,Okayama,1
2023-08-19,Japan,Chūō,1
2023-11-15,Japan,Sumida,1
2023-08-04,Japan,Hiroshima,1
2023-08-04,Japan,Kyoto,2
2023-11-13,Japan,Taitō,9
2023-04-16,Japan,Fukuoka,2
2023-11-01,Japan,Minato,1
2023-05-23,Japan,Sapporo,1
2023-03-09,Japan,Nagoya,3
2023-11-12,Japan,Osaka,14
2023-02-22,Japan,Nagoya,2
2023-04-02,Japan,Toshima,1
2023-04-02,Japan,Nagano,1
2023-06-27,Japan,Osaka,9
2023-06-11,Japan,Taitō,5
2023-01-29,Japan,Narita,1
2023-05-05,Japan,Kōtō,1
2023-07-22,Japan,Chūō,4
2023-07-22,Japan,Itabashi,1
2023-06-29,Japan,Kyoto,2
2023-01-15,Japan,Shinjuku,5
2023-06-12,Japan,Minato,1
2023-04-09,Japan,Fukushima,1
2023-02-23,Japan,Nagano,1
2023-01-24,Japan,Chiyoda,1
2023-09-09,Japan,Taitō,10
2023-09-09,Japan,Edogawa,1
2023-01-10,Japan,Chūō,2
2023-05-29,Japan,Shinjuku,3
2023-06-22,Japan,Tajiri,1
2023-02-20,Japan,Toyama,2
2023-02-20,Japan,Hakodate,1
2023-05-04,Japan,Osaka,4
2023-06-21,Japan,Kyoto,2
2023-06-24,Japan,Nakano City,1
2023-07-31,Japan,Hakuba,1
2023-07-31,Japan,Sapporo,2
2023-05-03,Japan,Sapporo,3
2023-08-21,Japan,Asahikawa,1
2023-02-01,Japan,Yamagata,1
2023-02-01,Japan,Odawara,1
2023-02-05,Japan,Adachi,1
2023-10-21,Japan,Kyoto,4
2023-08-22,Japan,Narita,1
2023-02-18,Japan,Chiyoda,3
2023-10-22,Japan,Minato,2
2023-06-08,Japan,Numazu,1
2023-06-03,Japan,Kyoto,1
2023-06-03,Japan,Osaka,8
2023-02-12,Japan,Chiyoda,1
2023-08-30,Japan,Osaka,8
2023-07-23,Japan,Furano,2
2023-07-23,Japan,Gotemba,1
2023-02-25,Japan,Kurashiki,1
2023-06-05,Japan,Arakawa,1
2023-02-14,Japan,Osaka,5
2023-02-14,Japan,Taitō,5
2023-10-31,Japan,Osaka,17
2023-07-11,Japan,Kōriyama,1
2023-07-10,Japan,Izumisano,1
2023-07-25,Japan,Okayama,1
2023-04-25,Japan,Edogawa,3
2023-04-25,Japan,Hakone,1
2023-10-17,Japan,Chiyoda,2
2023-03-04,Japan,Nagasaki,1
2023-08-15,Japan,Taitō,9
2023-08-15,Japan,Nagasaki,1
2023-08-29,Japan,Toshima,1
2023-04-24,Japan,Osaka,9
2023-09-21,Japan,Toshima,1
2023-09-21,Japan,Izumisano,1
2023-08-28,Japan,Nishinomiya,1
2023-08-28,Japan,Kanazawa,2
2023-03-02,Japan,Hakodate,1
2023-04-23,Japan,Itabashi,1
2023-10-29,Japan,Hiroshima,1
2023-10-29,Japan,Karuizawa,2
2023-10-15,Japan,Yachiyo,1
2023-08-03,Japan,Takayama,1
2023-08-17,Japan,Mito,1
2023-08-17,Japan,Kaizuka,1
2023-10-16,Japan,Taitō,6
2023-10-16,Japan,Shinjuku,3
2023-10-27,Japan,Ōta,1
2023-04-11,Japan,Osaka,5
2023-08-11,Japan,Taitō,8
2023-07-04,Japan,Kyoto,4
2023-03-27,Japan,Sapporo,1
2023-02-06,Japan,Chiyoda,2
2023-10-28,Japan,Narita,1
2023-02-09,Japan,Shinagawa,3
2023-10-26,Japan,Yamanouchi,2
2023-02-08,Japan,Osaka,6
2023-10-12,Japan,Fuji,1
2023-03-14,Japan,Narita,1
2023-05-25,Japan,Narita,3
2023-09-29,Japan,Chūō,1
2023-04-07,Japan,Edogawa,1
2023-08-08,Japan,Osaka,6
2023-11-03,Japan,Sapporo,4
2023-09-17,Japan,Narita,2
2023-05-28,Japan,Beppu,1
2023-05-28,Japan,Narita,1
2023-09-19,Japan,Kyoto,4
2023-05-27,Japan,Chūō,2
2023-09-03,Japan,Kita,1
2023-11-01,Japan,Chiyoda,1
2023-08-19,Japan,Sapporo,1
2023-04-29,Japan,Tachikawa,1
2023-05-20,Japan,Chiyoda,2
2023-05-20,Japan,Chūō,3
2023-05-20,Japan,Sendai,1
2023-05-20,Japan,Fujikawaguchiko,1
2023-09-25,Japan,Kyoto,3
2023-10-09,Japan,Sapporo,5
2023-10-09,Japan,Shinagawa,1
2023-05-23,Japan,Takayama,1
2023-04-03,Japan,Bunkyō,1
2023-04-03,Japan,Chūō,2
2023-03-09,Japan,Chiyoda,11
2023-01-01,Japan,Ōta,2
2023-02-22,Japan,Hachiōji,1
2023-09-13,Japan,Chūō,2
2023-04-01,Japan,Ōta,2
2023-04-01,Japan,Shibuya,2
2023-04-02,Japan,Nagoya,2
2023-02-21,Japan,Kōtō,1
2023-02-21,Japan,Kanazawa,1
2023-06-01,Japan,Narita,2
2023-02-10,Japan,Chiyoda,1
2023-07-20,Japan,Nagoya,1
2023-02-23,Japan,Shinagawa,2
2023-02-23,Japan,Shibuya,2
2023-01-03,Japan,Kyoto,6
2023-11-09,Japan,Shinagawa,1
2023-05-15,Japan,Osaka,3
2023-05-16,Japan,Shinjuku,2
2023-09-06,Japan,Chitose,1
2023-09-06,Japan,Kawasaki,2
2023-01-28,Japan,Osaka,4
2023-05-04,Japan,Tatebayashi,1
2023-06-10,Japan,Narita,2
2023-05-17,Japan,Sendai,1
2023-07-30,Japan,Kanazawa,1
2023-08-21,Japan,Shiki,2
2023-10-23,Japan,Karuizawa,1
2023-07-13,Japan,Taitō,2
2023-02-01,Japan,Asahikawa,1
2023-03-22,Japan,Kyoto,2
2023-07-27,Japan,Narita,1
2023-02-15,Japan,Nagoya,1
2023-10-10,Japan,Kōtō,1
2023-10-10,Japan,Minato,1
2023-10-10,Japan,Toyama,2
2023-08-23,Japan,Saitama,1
2023-03-11,Japan,Osaka,8
2023-03-11,Japan,Shibuya,1
2023-03-11,Japan,Yamagata,1
2023-07-16,Japan,Taitō,3
2023-07-16,Japan,Chūō,2
2023-10-21,Japan,Katsushika,1
2023-10-21,Japan,Osaka,5
2023-03-10,Japan,Chūō,4
2023-03-24,Japan,Isesaki,1
2023-02-26,Japan,Izumisano,2
2023-01-19,Japan,Fujikawaguchiko,1
2023-06-02,Japan,Kyoto,1
2023-06-16,Japan,Kamaishi,1
2023-05-09,Japan,Kyoto,2
2023-05-09,Japan,Taitō,1
2023-02-11,Japan,Narita,3
2023-07-26,Japan,Takayama,2
2023-06-04,Japan,Nagoya,1
2023-01-07,Japan,Shinagawa,1
2023-01-07,Japan,Izumisano,2
2023-07-10,Japan,Fukuoka,1
2023-07-25,Japan,Nagano,1
2023-02-13,Japan,Minato,2
2023-08-31,Japan,Ōta,3
2023-09-22,Japan,Shinjuku,6
2023-08-29,Japan,Itabashi,1
2023-11-10,Japan,Shinagawa,2
2023-11-10,Japan,Kōtō,1
2023-10-04,Japan,Gifu,1
2023-10-04,Japan,Chiyoda,3
2023-03-17,Japan,Fukuoka,1
2023-07-07,Japan,Osaka,5
2023-08-14,Japan,Isesaki,1
2023-08-28,Japan,Sumida,2
2023-08-28,Japan,Narita,1
2023-08-28,Japan,Minato,1
2023-03-02,Japan,Nerima,1
2023-10-29,Japan,Yokohama,1
2023-04-27,Japan,Ōta,1
2023-03-06,Japan,Minato,5
2023-08-17,Japan,Chūō,1
2023-10-16,Japan,Kyoto,1
2023-03-05,Japan,Kanazawa,2
2023-08-02,Japan,Narita,1
2023-04-26,Japan,Osaka,6
2023-04-26,Japan,Chiyoda,2
2023-09-23,Japan,Kyoto,6
2023-08-11,Japan,Chūō,1
2023-07-03,Japan,Narita,1
2023-07-17,Japan,Osaka,2
2023-07-17,Japan,Fukuoka,3
2023-03-12,Japan,Chiyoda,2
2023-03-16,Japan,Osaka,11
2023-03-16,Japan,Chiyoda,1
2023-10-25,Japan,Kobe,2
2023-10-25,Japan,Narita,2
2023-10-11,Japan,Chiyoda,2
2023-02-09,Japan,Gotemba,1
2023-10-26,Japan,Edogawa,1
2023-08-12,Japan,Niseko,1
2023-02-08,Japan,Sumida,1
2023-02-08,Japan,Taitō,5
2023-04-21,Japan,Edogawa,2
2023-07-19,Japan,Itabashi,1
2023-03-14,Japan,Chiyoda,1
2023-04-05,Japan,Nara,1
2023-09-01,Japan,Shinagawa,2
2023-09-01,Japan,Kyoto,2
2023-04-04,Japan,Minato,2
2023-09-15,Japan,Bunkyō,1
2023-09-15,Japan,Izumisano,2
2023-09-15,Japan,Gotemba,1
2023-04-18,Japan,Sakai,1
2023-11-16,Japan,Kyoto,1
2023-11-16,Japan,Minato,3
2023-11-03,Japan,Kita,1
2023-11-03,Japan,Sumida,4
2023-09-18,Japan,Ōta,1
2023-09-18,Japan,Toyota,1
2023-05-13,Japan,Shinjuku,2
2023-09-19,Japan,Kawasaki,1
2023-05-27,Japan,Osaka,4
2023-04-15,Japan,Bunkyō,1
2023-03-08,Japan,Taitō,13
2023-05-21,Japan,Otaru,1
2023-05-21,Japan,Chūō,1
2023-08-19,Japan,Shinjuku,2
2023-09-26,Japan,Toshima,1
2023-04-14,Japan,Sumida,2
2023-08-05,Japan,Ōta,1
2023-04-29,Japan,Shinjuku,1
2023-04-28,Japan,Fujikawaguchiko,2
2023-03-08,Japan,Karuizawa,1
2023-09-12,Japan,Shinagawa,1
2023-04-13,Japan,Minato,1
2023-10-09,Japan,Shibayama,1
2023-08-07,Japan,Ōta,1
2023-10-05,Japan,Kobe,1
2023-06-13,Japan,Chiyoda,1
2023-04-01,Japan,Narita,2
2023-01-01,Japan,Sapporo,1
2023-02-22,Japan,Fukuoka,1
2023-08-06,Japan,Arakawa,1
2023-04-02,Japan,Kyoto,6
2023-10-30,Japan,Osaka,12
2023-10-30,Japan,Narita,4
2023-01-14,Japan,Kyoto,1
2023-01-14,Japan,Osaka,1
2023-06-15,Japan,Minato,3
2023-06-26,Japan,Nagoya,1
2023-01-11,Japan,Edogawa,5
2023-01-24,Japan,Sapporo,2
2023-09-09,Japan,Nagano,1
2023-01-16,Japan,Kyoto,5
2023-02-24,Japan,Shinjuku,1
2023-05-01,Japan,Nagoya,1
2023-09-05,Japan,Gero,1
2023-01-13,Japan,Shibuya,1
2023-11-07,Japan,Shibuya,2
2023-02-20,Japan,Takayama,1
2023-06-10,Japan,Shinjuku,2
2023-09-07,Japan,Fukuyama,1
2023-02-17,Japan,Ōta,1
2023-08-21,Japan,Osaka,3
2023-10-23,Japan,Chūō,2
2023-07-28,Japan,Kita,1
2023-03-22,Japan,Chūō,7
2023-06-06,Japan,Narita,2
2023-02-15,Japan,Shinjuku,2
2023-02-05,Japan,Shinjuku,1
2023-08-22,Japan,Kasuya,1
2023-07-15,Japan,Minato,3
2023-02-18,Japan,Takayama,1
2023-03-10,Japan,Edogawa,1
2023-03-10,Japan,Narita,1
2023-03-24,Japan,Hiroshima,1
2023-03-24,Japan,Fujikawaguchiko,1
2023-02-27,Japan,Taitō,5
2023-06-03,Japan,Narita,1
2023-02-12,Japan,Fujikawaguchiko,2
2023-02-12,Japan,Toshima,1
2023-02-26,Japan,Kyoto,3
2023-01-19,Japan,Taitō,6
2023-06-16,Japan,Taitō,3
2023-02-11,Japan,Ōta,2
2023-10-20,Japan,Minato,1
2023-06-05,Japan,Kawasaki,1
2023-06-05,Japan,Matsumoto,1
2023-07-12,Japan,Shinjuku,2
2023-06-19,Japan,Edogawa,3
2023-01-07,Japan,Shinjuku,1
2023-08-31,Japan,Sumida,3
2023-10-17,Japan,Kobe,2
2023-08-15,Japan,Fukuoka,3
2023-11-10,Japan,Matsumoto,1
2023-10-04,Japan,Kōtō,2
2023-10-04,Japan,Taitō,10
2023-10-18,Japan,Chiyoda,2
2023-03-02,Japan,Kyoto,8
2023-03-02,Japan,Taitō,3
2023-11-11,Japan,Fukuoka,1
2023-10-29,Japan,Toshima,1
2023-03-06,Japan,Karuizawa,2
2023-10-15,Japan,Taitō,3
2023-08-03,Japan,Hakodate,1
2023-10-01,Japan,Osaka,7
2023-11-22,Japan,Kyoto,1
2023-03-05,Japan,Niseko,1
2023-03-05,Japan,Toshima,1
2023-04-12,Japan,Shinagawa,1
2023-09-23,Japan,Kōtō,5
2023-08-16,Japan,Toshima,2
2023-10-27,Japan,Chiyoda,2
2023-10-27,Japan,Odawara,1
2023-10-13,Japan,Kyoto,1
2023-10-13,Japan,Kanazawa,1
2023-04-20,Japan,Chūō,8
2023-04-20,Japan,Sumida,3
2023-08-10,Japan,Hiroshima,1
2023-03-13,Japan,Kyoto,6
2023-10-14,Japan,Osaka,13
2023-07-17,Japan,Kita,1
2023-10-25,Japan,Taitō,21
2023-10-25,Japan,Kashiwa,1
2023-02-09,Japan,Kutchan,2
2023-02-09,Japan,Shibuya,1
2023-02-09,Japan,Okayama,1
2023-02-09,Japan,Kasuya,1
2023-10-26,Japan,Shinagawa,1
2023-03-15,Japan,Chūō,4
2023-03-15,Japan,Shinjuku,2
2023-08-12,Japan,Chiyoda,3
2023-03-01,Japan,Nagoya,1
2023-02-08,Japan,Chūō,2
2023-04-21,Japan,Takayama,1
2023-10-12,Japan,Edogawa,1
2023-07-19,Japan,Nagasaki,1
2023-05-26,Japan,Minato,1
2023-05-11,Japan,Minato,1
2023-05-11,Japan,Taitō,3
2023-11-05,Japan,Shinagawa,1
2023-11-05,Japan,Sapporo,1
2023-05-10,Japan,Kyoto,3
2023-04-07,Japan,Osaka,3
2023-11-02,Japan,Kita,2
2023-09-04,Japan,Chiyoda,1
2023-11-03,Japan,Okayama,1
2023-05-28,Japan,Shinagawa,1
2023-09-19,Japan,Bunkyō,1
2023-04-29,Japan,Hiroshima,1
2023-08-19,Japan,Kyoto,1
2023-08-19,Japan,Shiki,2
2023-09-26,Japan,Chiyoda,4
2023-04-14,Japan,Kyoto,3
2023-05-20,Japan,Toshima,1
2023-09-12,Japan,Kyoto,2
2023-09-12,Japan,Bunkyō,1
2023-11-15,Japan,Kanazawa,3
2023-09-14,Japan,Kyoto,3
2023-09-28,Japan,Kōtō,2
2023-09-28,Japan,Shinjuku,3
2023-09-28,Japan,Fujikawaguchiko,1
2023-10-06,Japan,Taitō,3
2023-08-07,Japan,Minato,1
2023-05-24,Japan,Yokohama,1
2023-04-16,Japan,Shibuya,4
2023-05-23,Japan,Chūō,4
2023-06-30,Japan,Shinjuku,1
2023-06-30,Japan,Fukuoka,1
2023-09-27,Japan,Sumida,1
2023-10-05,Japan,Nagoya,1
2023-01-01,Japan,Osaka,7
2023-05-22,Japan,Taitō,1
2023-01-18,Japan,Osaka,8
2023-06-01,Japan,Kanazawa,1
2023-07-22,Japan,Shinjuku,1
2023-02-10,Japan,Kawasaki,1
2023-02-10,Japan,Narita,3
2023-03-31,Japan,Ōta,2
2023-01-17,Japan,Hatsukaichi,1
2023-01-02,Japan,Shinagawa,1
2023-06-12,Japan,Mihara,1
2023-04-09,Japan,Bunkyō,1
2023-06-28,Japan,Chūō,1
2023-01-03,Japan,Matsumoto,1
2023-11-09,Japan,Kyoto,6
2023-01-02,Japan,Taitō,1
2023-01-02,Japan,Chūō,3
2023-05-16,Japan,Osaka,11
2023-05-29,Japan,Kyoto,1
2023-09-06,Japan,Kita,2
2023-01-11,Japan,Fukuoka,1
2023-05-01,Japan,Sumida,1
2023-05-01,Japan,Kyoto,1
2023-01-13,Japan,Kyoto,2
2023-02-20,Japan,Osaka,8
2023-06-10,Japan,Fujikawaguchiko,1
2023-06-25,Japan,Sendai,1
2023-05-17,Japan,Fujikawaguchiko,1
2023-09-08,Japan,Saitama,1
2023-07-31,Japan,Bunkyō,1
2023-02-02,Japan,Shibuya,2
2023-02-02,Japan,Hiroshima,1
2023-08-20,Japan,Adachi,1
2023-02-16,Japan,Shinjuku,6
2023-07-13,Japan,Nagoya,2
2023-07-13,Japan,Noboribetsu,1
2023-07-27,Japan,Toshima,1
2023-07-27,Japan,Chiyoda,1
2023-02-05,Japan,Osaka,14
2023-02-19,Japan,Gifu,1
2023-02-18,Japan,Shinagawa,4
2023-02-18,Japan,Katsushika,1
2023-07-01,Japan,Shibuya,3
2023-02-03,Japan,Gotemba,1
2023-01-06,Japan,Nagano,1
2023-07-24,Japan,Chiyoda,1
2023-01-05,Japan,Sumida,1
2023-02-26,Japan,Chūō,1
2023-02-26,Japan,Sapporo,1
2023-08-30,Japan,Kōfu,1
2023-06-16,Japan,Narita,1
2023-02-11,Japan,Shibuya,1
2023-10-20,Japan,Taitō,3
2023-07-12,Japan,Sumida,1
2023-01-04,Japan,Fujikawaguchiko,2
2023-01-04,Japan,Nagoya,1
2023-07-26,Japan,Narita,1
2023-10-31,Japan,Chūō,4
2023-03-21,Japan,Taitō,5
2023-02-28,Japan,Kyoto,1
2023-07-11,Japan,Osaka,3
2023-10-17,Japan,Bunkyō,2
2023-08-01,Japan,Utsunomiya,1
2023-10-03,Japan,Chūō,2
2023-08-29,Japan,Minato,2
2023-04-24,Japan,Fujikawaguchiko,2
2023-07-07,Japan,Izumisano,2
2023-08-14,Japan,Osaka,9
2023-10-19,Japan,Taitō,4
2023-03-06,Japan,Katsushika,1
2023-10-01,Japan,Shinagawa,1
2023-09-24,Japan,Kōtō,1
2023-03-05,Japan,Hakone,2
2023-08-25,Japan,Kyoto,5
2023-11-20,Japan,Osaka,9
2023-08-10,Japan,Chūō,4
2023-10-14,Japan,Bunkyō,1
2023-10-14,Japan,Fujikawaguchiko,1
2023-08-24,Japan,Osaka,5
2023-03-12,Japan,Narita,2
2023-10-25,Japan,Minato,2
2023-10-25,Japan,Sapporo,1
2023-09-30,Japan,Adachi,1
2023-10-25,Japan,Gotemba,2
2023-08-12,Japan,Minato,3
2023-08-12,Japan,Shinjuku,8
2023-03-29,Japan,Osaka,3
2023-02-08,Japan,Shinagawa,6
2023-10-12,Japan,Osaka,4
2023-10-12,Japan,Sumida,1
2023-07-19,Japan,Kyoto,3
2023-11-19,Japan,Nagano,1
2023-05-25,Japan,Ōta,2
2023-05-25,Japan,Chiba,1
2023-09-01,Japan,Fujikawaguchiko,2
2023-09-01,Japan,Chiyoda,1
2023-04-18,Japan,Higashiōsaka,1
2023-11-16,Japan,Takayama,1
2023-05-10,Japan,Shinjuku,1
2023-11-02,Japan,Shinjuku,4
2023-11-03,Japan,Sendai,2
2023-11-03,Japan,Toyama,2
2023-01-23,Japan,Chiyoda,1
2023-11-18,Japan,Kanazawa,1
2023-05-13,Japan,Chiyoda,2
2023-05-14,Japan,Osaka,7
2023-04-06,Japan,Nagoya,1
2023-03-08,Japan,Ōta,2
2023-09-26,Japan,Osaka,11
2023-11-01,Japan,Kyoto,5
2023-08-19,Japan,Shinagawa,2
2023-09-26,Japan,Nagano,1
2023-05-20,Japan,Edogawa,2
2023-11-15,Japan,Chiyoda,2
2023-08-04,Japan,Shinjuku,1
2023-04-13,Japan,Fukuoka,1
2023-09-25,Japan,Chūō,2
2023-10-09,Japan,Kōtō,2
2023-10-09,Japan,Shizuoka,1
2023-09-14,Japan,Taitō,4
2023-11-13,Japan,Kyoto,6
2023-11-13,Japan,Osaka,13
2023-08-07,Japan,Shinagawa,1
2023-04-17,Japan,Nagoya,1
2023-05-24,Japan,Taitō,8
2023-04-16,Japan,Osaka,6
2023-10-05,Japan,Ōta,1
2023-10-05,Japan,Chiyoda,2
2023-06-13,Japan,Ōta,1
2023-06-13,Japan,Kumagaya,1
2023-03-09,Japan,Fukuoka,1
2023-11-12,Japan,Chiyoda,3
2023-11-12,Japan,Nagoya,4
2023-09-13,Japan,Kōtō,1
2023-04-01,Japan,Kanazawa,1
2023-05-22,Japan,Chiyoda,2
2023-01-18,Japan,Narita,1
2023-10-30,Japan,Fujikawaguchiko,2
2023-05-05,Japan,Shinjuku,2
2023-01-15,Japan,Sapporo,3
2023-01-14,Japan,Kumagaya,1
2023-06-15,Japan,Kiso,1
2023-04-09,Japan,Edogawa,2
2023-05-02,Japan,Fujikawaguchiko,1
2023-05-07,Japan,Kyoto,1
2023-01-03,Japan,Taitō,3
2023-04-08,Japan,Hakodate,2
2023-05-16,Japan,Matsumoto,1
2023-05-29,Japan,Kita,2
2023-02-24,Japan,Sapporo,1
2023-07-21,Japan,Narita,2
2023-05-01,Japan,Bunkyō,1
2023-01-13,Japan,Edogawa,2
2023-01-28,Japan,Nagoya,1
2023-05-18,Japan,Shinjuku,6
2023-11-06,Japan,Osaka,8
2023-01-27,Japan,Fukui,1
2023-01-27,Japan,Hiroshima,1
2023-11-08,Japan,Hakodate,1
2023-02-17,Japan,Shinjuku,2
2023-03-23,Japan,Kawasaki,1
2023-08-20,Japan,Yokohama,1
2023-07-13,Japan,Izumisano,1
2023-01-09,Japan,Osaka,6
2023-10-10,Japan,Sumida,1
2023-10-21,Japan,Edogawa,1
2023-07-01,Japan,Ōta,1
2023-07-29,Japan,Shibuya,1
2023-06-08,Japan,Sapporo,1
2023-02-03,Japan,Shinjuku,2
2023-06-03,Japan,Hiroshima,1
2023-02-12,Japan,Kyoto,9
2023-01-19,Japan,Sumida,1
2023-05-09,Japan,Chiyoda,2
2023-10-31,Japan,Nagano,1
2023-10-31,Japan,Tokoname,1
2023-02-28,Japan,Shinjuku,1
2023-03-20,Japan,Kobe,1
2023-07-25,Japan,Osaka,1
2023-02-13,Japan,Toyohashi,1
2023-04-25,Japan,Narita,7
2023-10-17,Japan,Osaka,11
2023-10-17,Japan,Wakayama,1
2023-03-04,Japan,Kanazawa,1
2023-10-03,Japan,Fuji,1
2023-03-18,Japan,Toshima,1
2023-08-29,Japan,Osaka,4
2023-07-08,Japan,Sumida,2
2023-09-21,Japan,Osaka,8
2023-03-17,Japan,Izumisano,1
2023-05-30,Japan,Chūō,1
2023-07-07,Japan,Shinjuku,2
2023-08-28,Japan,Chūō,2
2023-09-10,Japan,Taitō,11
2023-09-10,Japan,Fujikawaguchiko,1
2023-09-10,Japan,Karuizawa,1
2023-04-23,Japan,Osaka,10
2023-04-23,Japan,Fujikawaguchiko,1
2023-04-27,Japan,Taitō,7
2023-03-05,Japan,Narita,2
2023-03-19,Japan,Ōta,1
2023-09-23,Japan,Chiyoda,2
2023-04-11,Japan,Nagoya,1
2023-07-18,Japan,Ōta,1
2023-03-27,Japan,Osaka,8
2023-02-06,Japan,Nagoya,1
2023-08-10,Japan,Sapporo,4
2023-10-28,Japan,Minamifurano,2
2023-10-14,Japan,Sapporo,2
2023-07-17,Japan,Nagoya,1
2023-08-13,Japan,Minato,1
2023-07-06,Japan,Shibuya,1
2023-04-22,Japan,Okayama,1
2023-04-22,Japan,Shinjuku,1
2023-03-01,Japan,Taitō,13
2023-07-19,Japan,Shinjuku,2
2023-03-14,Japan,Otaru,1
2023-11-04,Japan,Chūō,2
2023-09-02,Japan,Sendai,1
2023-01-21,Japan,Kōtō,1
2023-04-19,Japan,Izumisano,1
2023-08-09,Japan,Toshima,1
2023-09-01,Japan,Narita,1
2023-09-15,Japan,Edogawa,1
2023-04-18,Japan,Moroyama,1
2023-08-08,Japan,Matsumoto,2
2023-11-03,Japan,Yamanouchi,1
2023-01-22,Japan,Fukuoka,1
2023-05-27,Japan,Yokohama,1
2023-05-27,Japan,Toshima,1
2023-09-03,Japan,Chūō,3
2023-10-07,Japan,Kita,1
2023-09-26,Japan,Edogawa,3
2023-05-21,Japan,Shinagawa,1
2023-08-05,Japan,Chūō,2
2023-04-14,Japan,Osaka,8
2023-08-05,Japan,Shinjuku,2
2023-04-28,Japan,Chūō,1
2023-03-07,Japan,Osaka,22
2023-03-07,Japan,Chūō,2
2023-03-07,Japan,Hakodate,1
2023-09-25,Japan,Taitō,8
2023-09-14,Japan,Meguro,1
2023-08-07,Japan,Shizuoka,1
2023-04-17,Japan,Edogawa,2
2023-05-24,Japan,Kita,1
2023-11-01,Japan,Yokohama,1
2023-09-27,Japan,Chiba,1
2023-09-27,Japan,Kyoto,4
2023-06-13,Japan,Kawasaki,1
2023-11-12,Japan,Shinjuku,8
2023-08-06,Japan,Kōriyama,1
2023-01-18,Japan,Kyoto,1
2023-10-30,Japan,Nagoya,1
2023-10-30,Japan,Edogawa,1
2023-03-31,Japan,Chūō,1
2023-05-19,Japan,Shinjuku,3
2023-01-15,Japan,Ōta,1
2023-01-14,Japan,Hakodate,1
2023-05-07,Japan,Osaka,3
2023-01-03,Japan,Toshima,1
2023-09-09,Japan,Chiyoda,1
2023-01-16,Japan,Kanazawa,2
2023-01-25,Japan,Chiyoda,1
2023-01-25,Japan,Ōta,1
2023-02-24,Japan,Misaki,1
2023-09-05,Japan,Sapporo,1
2023-01-13,Japan,Minato,1
2023-01-28,Japan,Edogawa,2
2023-09-08,Japan,Nagoya,1
2023-02-20,Japan,Edogawa,2
2023-05-04,Japan,Minato,2
2023-05-04,Japan,Setagaya,1
2023-11-06,Japan,Fujikawaguchiko,1
2023-05-03,Japan,Kyoto,1
2023-01-27,Japan,Kumamoto,1
2023-01-27,Japan,Kita,1
2023-05-17,Japan,Bunkyō,1
2023-09-07,Japan,Kyoto,6
2023-07-30,Japan,Taitō,5
2023-11-08,Japan,Minato,1
2023-11-08,Japan,Narita,3
2023-02-17,Japan,Chūō,2
2023-02-17,Japan,Mishima,1
2023-06-07,Japan,Sapporo,2
2023-02-02,Japan,Yokohama,1
2023-08-20,Japan,Narita,1
2023-10-10,Japan,Taitō,8
2023-10-10,Japan,Sapporo,3
2023-03-26,Japan,Sumida,1
2023-02-19,Japan,Hakodate,2
2023-02-19,Japan,Sapporo,2
2023-02-04,Japan,Osaka,16
2023-03-25,Japan,Chiyoda,1
2023-07-15,Japan,Ōta,1
2023-02-18,Japan,Ōta,1
2023-10-22,Japan,Ōtsu,1
2023-03-10,Japan,Odawara,1
2023-07-24,Japan,Fukuoka,1
2023-01-19,Japan,Osaka,11
2023-02-11,Japan,Shinjuku,11
2023-02-11,Japan,Shirakawa Village,1
2023-10-20,Japan,Kutchan,1
2023-01-08,Japan,Sapporo,1
2023-10-31,Japan,Minato,1
2023-02-14,Japan,Takayama,1
2023-01-07,Japan,Taitō,4
2023-03-20,Japan,Taitō,5
2023-06-18,Japan,Numazu,1
2023-02-13,Japan,Niseko,1
2023-08-01,Japan,Minato,1
2023-10-03,Japan,Hakone,1
2023-03-03,Japan,Nagoya,2
2023-07-08,Japan,N/A,1
2023-07-08,Japan,Shibuya,1
2023-10-18,Japan,Kyoto,6
2023-10-18,Japan,Sumida,2
2023-10-18,Japan,Kanazawa,1
2023-03-02,Japan,Kobe,1
2023-04-23,Japan,Edogawa,1
2023-10-15,Japan,Sapporo,5
2023-08-03,Japan,Shinjuku,1
2023-08-03,Japan,Ōta,1
2023-10-01,Japan,Nagaoka,1
2023-10-01,Japan,Yokohama,3
2023-10-16,Japan,Toshima,3
2023-03-19,Japan,Minato,1
2023-08-02,Japan,Nagoya,1
2023-04-26,Japan,Hakodate,1
2023-08-16,Japan,Fukuoka,1
2023-07-09,Japan,Narita,1
2023-07-04,Japan,Toshima,1
2023-11-20,Japan,Sapporo,1
2023-08-10,Japan,Ōta,3
2023-03-13,Japan,Sumida,1
2023-10-28,Japan,Hakusan,1
2023-08-24,Japan,Minato,1
2023-10-26,Japan,Nagoya,2
2023-07-06,Japan,Kitakyūshū,1
2023-03-15,Japan,Moroyama,1
2023-08-12,Japan,Asahikawa,2
2023-03-29,Japan,Taitō,3
2023-04-21,Japan,Taitō,6
2023-07-19,Japan,Osaka,4
2023-07-05,Japan,Naha,1
2023-07-05,Japan,Shibuya,1
2023-04-05,Japan,Kita,1
2023-01-21,Japan,Shinjuku,3
2023-01-21,Japan,Nagano,1
2023-05-25,Japan,Toshima,1
2023-09-01,Japan,Takamatsu,1
2023-09-15,Japan,Chūō,5
2023-04-18,Japan,Sapporo,2
2023-11-05,Japan,Yokohama,1
2023-05-10,Japan,Minato,1
2023-08-08,Japan,Minato,2
2023-08-08,Japan,Shinjuku,8
2023-11-02,Japan,Osaka,29
2023-11-02,Japan,Edogawa,2
2023-11-02,Japan,Narita,2
2023-11-17,Japan,Fujikawaguchiko,1
2023-11-18,Japan,Narita,1
2023-05-28,Japan,Kumamoto,1
2023-05-13,Japan,Kita,1
2023-09-19,Japan,Sumida,2
2023-01-22,Japan,Sapporo,1
2023-11-14,Japan,Toyama,1
2023-10-07,Japan,Toshima,2
2023-03-08,Japan,Minato,7
2023-10-08,Japan,Shinjuku,1
2023-04-29,Japan,Edogawa,1
2023-05-20,Japan,Isesaki,1
2023-04-28,Japan,Edogawa,5
2023-09-12,Japan,Kōtō,1
2023-08-04,Japan,Ōta,3
2023-08-18,Japan,Itabashi,1
2023-04-13,Japan,Chiyoda,4
2023-04-13,Japan,Kyoto,3
2023-10-09,Japan,Matsumoto,1
2023-09-14,Japan,Nagoya,1
2023-09-28,Japan,Ōta,1
2023-11-13,Japan,Izumisano,1
2023-08-07,Japan,Fukuoka,1
2023-04-17,Japan,Chūō,2
2023-10-05,Japan,Gifu,1
2023-03-09,Japan,Kita,1
2023-05-22,Japan,Ōta,1
2023-01-01,Japan,Kanazawa,1
2023-08-06,Japan,Izumisano,2
2023-09-13,Japan,Toshima,1
2023-06-01,Japan,Taitō,1
2023-02-10,Japan,Shinjuku,3
2023-10-30,Japan,Hakodate,1
2023-01-15,Japan,Izumisano,1
2023-06-14,Japan,Shinagawa,1
2023-03-30,Japan,Kita,1
2023-04-08,Japan,Bunkyō,1
2023-04-08,Japan,Osaka,5
2023-05-15,Japan,Ōta,1
2023-09-09,Japan,Kyoto,9
2023-01-25,Japan,Fukuoka,1
2023-02-24,Japan,Ōta,2
2023-01-11,Japan,Kita,2
2023-01-13,Japan,Fujiyoshida,2
2023-02-20,Japan,Izumisano,1
2023-06-24,Japan,Narita,1
2023-06-10,Japan,Edogawa,2
2023-01-12,Japan,Edogawa,1
2023-05-17,Japan,Shibuya,2
2023-02-17,Japan,Taitō,4
2023-04-30,Japan,Edogawa,1
2023-06-07,Japan,Ōta,2
2023-08-20,Japan,Nagoya,2
2023-02-16,Japan,Osaka,9
2023-03-26,Japan,Narita,2
2023-03-11,Japan,Shinjuku,5
2023-02-19,Japan,Kanazawa,1
2023-03-11,Japan,Kanazawa,1
2023-07-16,Japan,Sumida,3
2023-03-10,Japan,Hakodate,2
2023-07-24,Japan,Narita,2
2023-02-26,Japan,Chiyoda,2
2023-07-23,Japan,Taitō,5
2023-05-09,Japan,Ōta,1
2023-10-20,Japan,Kitaibaraki,1
2023-02-25,Japan,Nasushiobara,1
2023-03-21,Japan,Sakai,1
2023-02-14,Japan,Ōta,1
2023-02-28,Japan,Tsukuba,1
2023-06-18,Japan,Sapporo,1
2023-02-13,Japan,Narita,2
2023-09-22,Japan,Izumisano,2
2023-09-22,Japan,Ōta,1
2023-05-31,Japan,Ōta,2
2023-03-03,Japan,Takayama,1
2023-04-24,Japan,Ōta,1
2023-11-10,Japan,Kobe,2
2023-03-17,Japan,Sapporo,2
2023-05-30,Japan,Kanazawa,1
2023-09-10,Japan,Osaka,4
2023-11-11,Japan,Osaka,14
2023-11-11,Japan,Chūō,3
2023-11-11,Japan,Matsuyama,1
2023-10-15,Japan,Kanazawa,1
2023-10-15,Japan,Izumisano,1
2023-04-12,Japan,Kanazawa,1
2023-10-02,Japan,Izumisano,1
2023-10-27,Japan,Taitō,10
2023-10-27,Japan,Niigata,1
2023-04-11,Japan,Minato,2
2023-03-27,Japan,Bunkyō,2
2023-03-27,Japan,Shinjuku,2
2023-03-13,Japan,Osaka,13
2023-07-03,Japan,Osaka,2
2023-03-16,Japan,Shibuya,2
2023-09-30,Japan,Fukuoka,1
2023-02-09,Japan,Izumisano,2
2023-08-13,Japan,Shibuya,1
2023-03-01,Japan,Edogawa,5
2023-07-06,Japan,Naha,1
2023-03-29,Japan,Chiyoda,1
2023-08-26,Japan,Shinjuku,1
2023-04-21,Japan,Suita,1
2023-04-05,Japan,Chiyoda,1
2023-09-16,Japan,Kanazawa,1
2023-04-04,Japan,Kōtō,1
2023-01-20,Japan,Nagoya,1
2023-09-29,Japan,Shibuya,1
2023-11-05,Japan,Nagoya,1
2023-05-10,Japan,Osaka,4
2023-04-07,Japan,Nikkō,1
2023-09-04,Japan,Fujikawaguchiko,2
2023-11-03,Japan,Chiyoda,4
2023-01-23,Japan,Taitō,5
2023-01-23,Japan,Shinjuku,1
2023-01-23,Japan,Edogawa,2
2023-05-27,Japan,Shinjuku,2
2023-04-15,Japan,Osaka,11
2023-10-07,Japan,Nagoya,2
2023-08-19,Japan,Toshima,3
2023-10-08,Japan,Hakodate,1
2023-01-31,Japan,Fujikawaguchiko,1
2023-09-11,Japan,Nagoya,1
2023-04-29,Japan,Narita,2
2023-04-28,Japan,Minato,2
2023-11-15,Japan,Yamagata,1
2023-08-04,Japan,Edogawa,1
2023-08-18,Japan,Osaka,7
2023-04-13,Japan,Narita,1
2023-10-09,Japan,Toyama,1
2023-09-28,Japan,Chiyoda,2
2023-08-07,Japan,Taitō,5
2023-05-24,Japan,Chiyoda,1
2023-04-16,Japan,Chūō,1
2023-01-30,Japan,Edogawa,1
2023-01-30,Japan,Narita,2
2023-09-27,Japan,Sapporo,3
2023-10-05,Japan,Tokushima,1
2023-01-01,Japan,Kōtō,1
2023-09-13,Japan,Osaka,8
2023-04-01,Japan,Ueda,1
2023-01-18,Japan,Chiyoda,1
2023-02-21,Japan,Toshima,1
2023-06-01,Japan,Edogawa,2
2023-10-30,Japan,Niseko,1
2023-10-30,Japan,Sumida,1
2023-01-15,Japan,Chūō,1
2023-01-14,Japan,Shinjuku,2
2023-05-08,Japan,Kawasaki,1
2023-01-17,Japan,Shinjuku,2
2023-07-20,Japan,Sapporo,2
2023-03-30,Japan,Toshima,1
2023-01-03,Japan,Takayama,1
2023-11-09,Japan,Taitō,6
2023-11-09,Japan,Chiyoda,1
2023-01-24,Japan,Kyoto,7
2023-01-10,Japan,Taitō,7
2023-01-16,Japan,Shinagawa,1
2023-09-06,Japan,Shinagawa,3
2023-01-28,Japan,Sapporo,4
2023-01-28,Japan,Taitō,1
2023-01-28,Japan,Shinjuku,3
2023-06-22,Japan,Toshima,1
2023-02-20,Japan,Taitō,2
2023-11-06,Japan,Saitama,1
2023-06-25,Japan,Edogawa,1
2023-05-17,Japan,Nagoya,1
2023-01-26,Japan,Bunkyō,2
2023-07-28,Japan,Taitō,2
2023-07-13,Japan,Kōtō,1
2023-10-10,Japan,Kanazawa,2
2023-10-10,Japan,Fujiyoshida,1
2023-08-23,Japan,Izumisano,1
2023-08-23,Japan,Minato,1
2023-07-02,Japan,Kyoto,2
2023-03-26,Japan,Kumamoto,1
2023-03-11,Japan,Ōta,2
2023-07-16,Japan,Meguro,1
2023-02-04,Japan,Taitō,4
2023-02-04,Japan,Izumisano,1
2023-07-15,Japan,Kyoto,5
2023-07-01,Japan,Osaka,6
2023-07-01,Japan,Asahikawa,1
2023-07-24,Japan,Kyoto,2
2023-02-26,Japan,Toshima,1
2023-08-30,Japan,Kanazawa,1
2023-06-02,Japan,Arakawa,1
2023-07-12,Japan,Minato,1
2023-01-08,Japan,Chūō,3
2023-07-11,Japan,Kobe,1
2023-03-20,Japan,Kawasaki,1
2023-03-04,Japan,Fujikawaguchiko,1
2023-03-04,Japan,Minato,1
2023-04-10,Japan,Toshima,2
2023-10-04,Japan,Osaka,9
2023-03-17,Japan,Nagoya,1
2023-03-02,Japan,Izumisano,2
2023-10-19,Japan,Minato,1
2023-04-23,Japan,Chūō,2
2023-04-27,Japan,Minato,1
2023-08-17,Japan,Minato,1
2023-10-01,Japan,Edogawa,1
2023-10-01,Japan,Hakodate,1
2023-10-01,Japan,Shinjuku,3
2023-09-24,Japan,Edogawa,2
2023-03-05,Japan,Kōtō,1
2023-10-02,Japan,Takayama,1
2023-10-02,Japan,Hiroshima,1
2023-10-27,Japan,Bunkyō,1
2023-08-11,Japan,Osaka,7
2023-08-11,Japan,Kanazawa,1
2023-10-28,Japan,Taitō,10
2023-09-30,Japan,Sumida,2
2023-03-01,Japan,Takayama,2
2023-10-26,Japan,Kōtō,1
2023-03-15,Japan,Matsuyama,1
2023-10-12,Japan,Kyoto,2
2023-07-05,Japan,Minato,2
2023-09-02,Japan,Chiyoda,1
2023-04-19,Japan,Shibuya,2
2023-01-20,Japan,Okayama,1
2023-04-18,Japan,Nagoya,1
2023-11-05,Japan,Izumisano,1
2023-04-07,Japan,Ōta,1
2023-11-18,Japan,Takayama,1
2023-11-18,Japan,Fujikawaguchiko,2
2023-09-19,Japan,Izumisano,1
2023-09-03,Japan,Minato,1
2023-11-14,Japan,Chiyoda,2
2023-04-06,Japan,Edogawa,1
2023-10-07,Japan,Shinjuku,3
2023-05-21,Japan,Toshima,1
2023-11-01,Japan,Ikeda,1
2023-08-19,Japan,Sumida,1
2023-09-11,Japan,Toyama,1
2023-03-07,Japan,Shibuya,1
2023-10-06,Japan,Fukuoka,2
2023-10-06,Japan,Kusatsu,1
2023-10-06,Japan,Izumi,1
2023-10-06,Japan,Chiyoda,1
2023-04-17,Japan,Karuizawa,1
2023-05-24,Japan,Shinjuku,6
2023-04-16,Japan,Kyoto,2
2023-11-01,Japan,Tottori,1
2023-05-23,Japan,Taitō,9
2023-01-30,Japan,Takayama,2
2023-06-30,Japan,Shinagawa,2
2023-10-05,Japan,Bunkyō,1
2023-10-05,Japan,Kanazawa,1
2023-06-13,Japan,Kyoto,3
2023-02-22,Japan,Minato,3
2023-05-06,Japan,Gero,1
2023-04-02,Japan,Hokuto,2
2023-01-18,Japan,Hakone,1
2023-06-11,Japan,Bunkyō,1
2023-01-29,Japan,Kyoto,1
2023-06-12,Japan,Taitō,2
2023-06-12,Japan,Kyoto,1
2023-06-26,Japan,Minato,1
2023-02-23,Japan,Narita,3
2023-02-23,Japan,Hakone,1
2023-01-16,Japan,Nara,1
2023-09-06,Japan,Niigata,1
2023-07-21,Japan,Chūō,3
2023-05-01,Japan,Edogawa,3
2023-06-21,Japan,Setagaya,1
2023-01-27,Japan,Chiyoda,1
2023-01-27,Japan,Takasaki,1
2023-01-12,Japan,Ōta,1
2023-09-08,Japan,Yokohama,1
2023-01-26,Japan,Matsumoto,1
2023-02-17,Japan,Kyoto,6
2023-04-30,Japan,Shibuya,2
2023-02-02,Japan,Shinjuku,5
2023-02-02,Japan,Kita,1
2023-03-23,Japan,Osaka,7
2023-10-24,Japan,Chūō,3
2023-01-09,Japan,Kyoto,4
2023-10-10,Japan,Tsukuba,1
2023-02-05,Japan,Shibuya,2
2023-02-05,Japan,Kyoto,2
2023-03-26,Japan,Osaka,7
2023-03-26,Japan,Kanazawa,1
2023-03-11,Japan,Nagoya,2
2023-03-25,Japan,Kawasaki,1
2023-07-15,Japan,Shibuya,1
2023-02-18,Japan,Kanazawa,6
2023-03-10,Japan,Sapporo,2
2023-03-10,Japan,Shinjuku,7
2023-03-10,Japan,Shibuya,3
2023-06-08,Japan,Bunkyō,1
2023-03-24,Japan,Chiyoda,2
2023-02-03,Japan,Chūō,1
2023-01-05,Japan,Osaka,4
2023-08-30,Japan,Nagano,5
2023-01-19,Japan,Kyoto,9
2023-01-04,Japan,Chūō,1
2023-06-19,Japan,Fujikawaguchiko,2
2023-07-10,Japan,Kita,1
2023-03-18,Japan,Osaka,5
2023-08-29,Japan,Shinjuku,1
2023-08-29,Japan,Shirakawa Village,1
2023-04-24,Japan,Taitō,4
2023-03-17,Japan,Minato,1
2023-10-18,Japan,Osaka,2
2023-05-30,Japan,Taitō,6
2023-08-14,Japan,Taitō,2
2023-10-19,Japan,Chūō,2
2023-11-11,Japan,Hiroshima,2
2023-11-11,Japan,Izumisano,1
2023-04-27,Japan,Bunkyō,1
2023-10-15,Japan,Nagano,1
2023-10-15,Japan,Shinagawa,1
2023-08-17,Japan,Hakodate,1
2023-10-01,Japan,Izumisano,1
2023-08-02,Japan,Chūō,2
2023-08-02,Japan,Hiroshima,1
2023-07-09,Japan,Ōta,1
2023-07-09,Japan,Fujikawaguchiko,3
2023-10-27,Japan,Minato,1
2023-10-27,Japan,Izumisano,1
2023-04-11,Japan,Taitō,6
2023-08-11,Japan,Izumisano,1
2023-02-06,Japan,Nara,1
2023-08-24,Japan,Narita,1
2023-11-21,Japan,Osaka,11
2023-11-21,Japan,Minato,1
2023-10-25,Japan,Shinagawa,4
2023-08-27,Japan,Sendai,1
2023-03-15,Japan,Fujikawaguchiko,1
2023-04-22,Japan,Chūō,3
2023-10-12,Japan,Chiba,1
2023-07-05,Japan,Arakawa,1
2023-11-19,Japan,Gotemba,1
2023-04-19,Japan,Nanto,1
2023-04-19,Japan,Osaka,7
2023-04-19,Japan,Moroyama,1
2023-08-09,Japan,Sapporo,1
2023-03-14,Japan,Shinjuku,2
2023-05-25,Japan,Izumisano,2
2023-09-01,Japan,Sapporo,3
2023-09-01,Japan,Chitose,2
2023-09-15,Japan,Sapporo,3
2023-09-29,Japan,Taitō,2
2023-09-29,Japan,Minato,2
2023-08-08,Japan,Chūō,5
2023-11-02,Japan,Izumisano,3
2023-11-03,Japan,Hiroshima,1
2023-11-03,Japan,Izumisano,1
2023-09-18,Japan,Onomichi,1
2023-11-18,Japan,Kyoto,6
2023-11-18,Japan,Shinagawa,1
2023-05-27,Japan,Okayama,1
2023-09-03,Japan,Shinjuku,2
2023-09-17,Japan,Edogawa,1
2023-04-06,Japan,Osaka,8
2023-03-08,Japan,Kōtō,2
2023-10-08,Japan,Shirakawa Village,1
2023-04-14,Japan,Chiyoda,3
2023-03-08,Japan,Itabashi,1
2023-11-15,Japan,Kyoto,3
2023-11-15,Japan,Gotemba,1
2023-08-04,Japan,Chiyoda,3
2023-09-25,Japan,Yamagata,1
2023-10-09,Japan,Kyoto,7
2023-09-14,Japan,Chūō,3
2023-09-28,Japan,Chūō,6
2023-08-07,Japan,Aomori,1
2023-11-01,Japan,Kashiwa,1
2023-04-03,Japan,Shinjuku,4
2023-09-27,Japan,Kobe,2
2023-05-22,Japan,Shibuya,3
2023-05-05,Japan,Sapporo,1
2023-02-21,Japan,Minato,2
2023-02-10,Japan,Toshima,1
2023-10-30,Japan,Taitō,8
2023-01-29,Japan,Chūō,2
2023-01-15,Japan,Aomori,2
2023-07-20,Japan,Bunkyō,1
2023-01-03,Japan,Osaka,2
2023-04-08,Japan,Sano,1
2023-11-09,Japan,Toshima,4
2023-09-05,Japan,Narita,2
2023-01-25,Japan,Nagoya,1
2023-09-05,Japan,Chiyoda,2
2023-09-05,Japan,Edogawa,1
2023-09-08,Japan,Shinjuku,5
2023-11-07,Japan,Narita,3
2023-11-07,Japan,Taitō,9
2023-06-21,Japan,Izumisano,2
2023-06-21,Japan,Shinjuku,1
2023-06-21,Japan,Chiyoda,2
2023-01-27,Japan,Taitō,7
2023-01-26,Japan,Shirakawa Village,1
2023-06-25,Japan,Ōta,1
2023-05-17,Japan,Osaka,9
2023-09-07,Japan,Fukuoka,2
2023-09-07,Japan,Hakone,2
2023-09-07,Japan,Kanazawa,3
2023-07-14,Japan,Taitō,2
2023-04-30,Japan,Kyoto,2
2023-10-23,Japan,Minato,2
2023-08-20,Japan,Sapporo,1
2023-07-13,Japan,Shinagawa,1
2023-02-01,Japan,Taitō,3
2023-03-22,Japan,Sapporo,2
2023-03-22,Japan,Chiba,1
2023-03-22,Japan,Kobe,1
2023-07-27,Japan,Shinjuku,1
2023-08-23,Japan,Nagoya,1
2023-03-26,Japan,Kōtō,3
2023-03-26,Japan,Kita,1
2023-06-09,Japan,Arakawa,1
2023-06-09,Japan,Chūō,2
2023-03-24,Japan,Odawara,1
2023-06-03,Japan,Takayama,1
2023-01-19,Japan,Chūō,2
2023-06-16,Japan,Shizuoka,1
2023-02-14,Japan,Shinagawa,6
2023-10-31,Japan,Edogawa,3
2023-02-28,Japan,Osaka,10
2023-06-18,Japan,Gotemba,1
2023-06-18,Japan,Taitō,5
2023-07-10,Japan,Chiyoda,3
2023-04-25,Japan,Ōta,1
2023-09-22,Japan,Arakawa,1
2023-09-22,Japan,Matsumoto,1
2023-03-04,Japan,Nagoya,2
2023-08-29,Japan,Beppu,1
2023-04-24,Japan,Hokuto,2
2023-08-14,Japan,Kōtō,1
2023-08-14,Japan,Toshima,2
2023-08-28,Japan,Taitō,3
2023-09-10,Japan,Kashiwa,1
2023-10-19,Japan,Kanda,1
2023-04-23,Japan,Toshima,2
2023-11-11,Japan,Sapporo,3
2023-10-29,Japan,Taitō,13
2023-03-06,Japan,Sumida,1
2023-03-06,Japan,Oyama,1
2023-10-15,Japan,Chiyoda,1
2023-10-01,Japan,Hiroshima,1
2023-09-24,Japan,Sapporo,1
2023-09-24,Japan,Yamagata,1
2023-04-12,Japan,Ōta,2
2023-07-09,Japan,Shibuya,1
2023-10-27,Japan,Fujikawaguchiko,1
2023-04-20,Japan,Osaka,9
2023-11-20,Japan,Fujikawaguchiko,1
2023-03-12,Japan,Kyoto,5
2023-11-21,Japan,Fukuoka,1
2023-03-16,Japan,Minato,1
2023-10-25,Japan,Matsumoto,1
2023-09-20,Japan,Osaka,12
2023-02-09,Japan,Bunkyō,1
2023-08-27,Japan,Kyoto,6
2023-08-27,Japan,Osaka,13
2023-10-26,Japan,Takayama,1
2023-03-29,Japan,Fujikawaguchiko,1
2023-03-01,Japan,Tōyako,1
2023-02-08,Japan,Gifu,2
2023-08-26,Japan,Matsumoto,1
2023-03-14,Japan,Minato,1
2023-11-04,Japan,Osaka,11
2023-09-16,Japan,Toshima,2
2023-09-16,Japan,Kōtō,1
2023-09-01,Japan,Matsumoto,2
2023-04-18,Japan,Chūō,3
2023-11-05,Japan,Kita,1
2023-11-02,Japan,Kyoto,6
2023-11-03,Japan,Kōtō,1
2023-09-18,Japan,Narita,1
2023-06-20,Japan,Osaka,7
2023-01-22,Japan,Kyoto,3
2023-05-14,Japan,Kyoto,2
2023-09-19,Japan,Shirakawa Village,1
2023-09-03,Japan,Narita,1
2023-09-03,Japan,Kyoto,3
2023-11-14,Japan,Fujiyoshida,1
2023-04-06,Japan,Okayama,1
2023-05-21,Japan,Nagoya,2
2023-10-08,Japan,Fukuoka,1
2023-01-31,Japan,Kyoto,2
2023-09-12,Japan,Hachiōji,1
2023-11-15,Japan,Fujisawa,1
2023-03-07,Japan,Kawasaki,1
2023-03-07,Japan,Kōtō,1
2023-04-13,Japan,Hakone,1
2023-04-13,Japan,Sakai,1
2023-10-09,Japan,Takayama,1
2023-09-14,Japan,Minato,1
2023-10-06,Japan,Chūō,1
2023-08-07,Japan,Kita,1
2023-05-23,Japan,Osaka,8
2023-05-23,Japan,Utsunomiya,1
2023-04-03,Japan,Osaka,8
2023-06-13,Japan,Taitō,5
2023-10-05,Japan,Narita,1
2023-03-09,Japan,Sapporo,3
2023-11-13,Japan,Edogawa,1
2023-11-12,Japan,Taitō,7
2023-08-06,Japan,Toyama,1
2023-09-13,Japan,Taitō,2
2023-05-22,Japan,Shinjuku,2
2023-06-26,Japan,Shinjuku,3
2023-02-21,Japan,Kyoto,4
2023-06-01,Japan,Shinagawa,1
2023-06-01,Japan,Minato,2
2023-02-10,Japan,Taitō,2
2023-10-30,Japan,Yokohama,2
2023-01-17,Japan,Sumida,1
2023-01-02,Japan,Nagano,2
2023-06-12,Japan,Izumisano,1
2023-06-26,Japan,Kyoto,1
2023-06-28,Japan,Hiroshima,1
2023-01-03,Japan,Chūō,2
2023-11-09,Japan,Ōta,1
2023-11-09,Japan,Kutchan,1
2023-05-16,Japan,Fujikawaguchiko,1
2023-05-29,Japan,Ōta,2
2023-09-05,Japan,Meguro,1
2023-09-08,Japan,Narita,2
2023-11-06,Japan,Yokohama,1
2023-01-12,Japan,Itabashi,1
2023-01-26,Japan,Taitō,6
2023-07-31,Japan,Sumida,1
2023-09-07,Japan,Nagano,1
2023-05-03,Japan,Chūō,2
2023-11-08,Japan,Osaka,15
2023-11-08,Japan,Shinjuku,6
2023-10-23,Japan,Osaka,6
2023-06-07,Japan,Edogawa,1
2023-08-20,Japan,Shiki,2
2023-02-01,Japan,Ōta,1
2023-03-22,Japan,Shinjuku,5
2023-02-05,Japan,Yamagata,1
2023-07-02,Japan,Edogawa,3
2023-02-19,Japan,Nagasaki,1
2023-06-08,Japan,Chūō,1
2023-01-06,Japan,Nagoya,2
2023-01-06,Japan,Kanazawa,1
2023-02-27,Japan,Takayama,1
2023-06-03,Japan,Fujikawaguchiko,2
2023-06-17,Japan,Takayama,1
2023-02-26,Japan,Minakami,1
2023-06-02,Japan,Izumisano,1
2023-01-04,Japan,Osaka,6
2023-07-12,Japan,Ōta,1
2023-10-31,Japan,Takayama,4
2023-01-07,Japan,Hiroshima,1
2023-07-11,Japan,Taitō,2
2023-07-25,Japan,Taitō,3
2023-08-31,Japan,Kyoto,6
2023-08-31,Japan,Shinagawa,1
2023-08-31,Japan,Osaka,4
2023-03-04,Japan,Shinagawa,3
2023-10-03,Japan,Yokohama,2
2023-10-03,Japan,Shinagawa,2
2023-08-29,Japan,Chiyoda,1
2023-04-10,Japan,Shinjuku,3
2023-04-10,Japan,Kyoto,4
2023-04-10,Japan,Shinagawa,1
2023-04-24,Japan,Shinjuku,3
2023-11-10,Japan,Kashiwa,1
2023-03-17,Japan,Shinagawa,2
2023-10-18,Japan,Nagoya,1
2023-08-28,Japan,Yamagata,1
2023-03-02,Japan,Nagoya,4
2023-03-02,Japan,Kanazawa,2
2023-10-19,Japan,Sumida,2
2023-08-17,Japan,Shinjuku,5
2023-10-16,Japan,Osaka,12
2023-08-02,Japan,Yamato,1
2023-08-02,Japan,Fukuoka,1
2023-04-26,Japan,Shiojiri,1
2023-08-16,Japan,Chiyoda,1
2023-02-07,Japan,Matsubara,1
2023-08-11,Japan,Bunkyō,2
2023-03-28,Japan,Sapporo,1
2023-03-13,Japan,Minato,2
2023-08-24,Japan,Adachi,1
2023-07-17,Japan,Edogawa,2
2023-11-21,Japan,Gotemba,1
2023-09-20,Japan,Mito,1
2023-09-20,Japan,Taitō,3
2023-02-09,Japan,Sapporo,1
2023-02-09,Japan,Itabashi,2
2023-10-26,Japan,Sumida,1
2023-10-26,Japan,Karuizawa,1
2023-03-15,Japan,Ikeda,1
2023-03-01,Japan,Ōta,2
2023-07-19,Japan,Chiyoda,1
2023-07-19,Japan,Chūō,1
2023-11-04,Japan,Toshima,1
2023-08-09,Japan,Osaka,11
2023-08-09,Japan,Takasaki,2
2023-05-11,Japan,Chūō,3
2023-09-01,Japan,Gotemba,1
2023-09-29,Japan,Bunkyō,1
2023-11-05,Japan,Osaka,13
2023-11-05,Japan,Kōtō,2
2023-08-08,Japan,Kyoto,4
2023-09-04,Japan,Taitō,8
2023-01-23,Japan,Shinagawa,1
2023-11-18,Japan,Ōta,1
2023-05-28,Japan,Edogawa,1
2023-05-28,Japan,Minato,1
2023-05-14,Japan,Edogawa,1
2023-05-14,Japan,Hamamatsu,1
2023-05-14,Japan,Nagoya,1
2023-01-22,Japan,Bunkyō,1
2023-04-15,Japan,Taitō,2
2023-04-29,Japan,Taitō,5
2023-11-01,Japan,Shinjuku,8
2023-10-08,Japan,Kyoto,5
2023-08-05,Japan,Shinagawa,2
2023-03-07,Japan,Itabashi,1
2023-11-13,Japan,Kawasaki,1
2023-05-24,Japan,Kyoto,1
2023-01-30,Japan,Chūō,1
2023-09-27,Japan,Ōta,1
2023-10-05,Japan,Taitō,7
2023-04-01,Japan,Adachi,1
2023-03-09,Japan,Chūō,7
2023-11-12,Japan,Kawasaki,2
2023-02-22,Japan,Ōta,2
2023-08-06,Japan,Shinjuku,10
2023-09-13,Japan,Shinjuku,3
2023-05-22,Japan,Osaka,9
2023-05-05,Japan,Kagoshima,1
2023-02-21,Japan,Bunkyō,1
2023-06-01,Japan,Chūō,4
2023-05-05,Japan,Narita,1
2023-07-22,Japan,Narita,1
2023-03-31,Japan,Osaka,8
2023-06-29,Japan,Narita,1
2023-06-29,Japan,Yokohama,1
2023-05-08,Japan,Wakayama,1
2023-01-17,Japan,Osaka,13
2023-01-02,Japan,Kanazawa,1
2023-06-15,Japan,Kanazawa,1
2023-07-20,Japan,Fukuoka,1
2023-05-07,Japan,Sumida,2
2023-03-30,Japan,Fuchū,1
2023-03-30,Japan,Higashiōsaka,1
2023-01-03,Japan,Narita,2
2023-01-03,Japan,Chiyoda,2
2023-01-03,Japan,Yamagata,2
2023-11-09,Japan,Niseko,1
2023-09-06,Japan,Bunkyō,1
2023-09-05,Japan,Chūō,1
2023-09-05,Japan,Fujikawaguchiko,1
2023-01-28,Japan,Minato,1
2023-11-07,Japan,Nara,1
2023-02-20,Japan,Shinjuku,1
2023-01-26,Japan,Edogawa,1
2023-05-17,Japan,Shinjuku,3
2023-05-17,Japan,Chiyoda,1
2023-09-07,Japan,Minato,7
2023-04-30,Japan,Narita,2
2023-10-23,Japan,Nagano,1
2023-02-02,Japan,Kyoto,9
2023-02-02,Japan,Itabashi,1
2023-03-23,Japan,Nagoya,3
2023-02-16,Japan,Chiyoda,1
2023-10-24,Japan,Kyoto,3
2023-01-09,Japan,San'yō-Onoda,3
2023-06-06,Japan,Hakone,1
2023-02-15,Japan,Taitō,2
2023-08-23,Japan,Tokoname,1
2023-07-02,Japan,Minato,3
2023-07-16,Japan,Nagano,1
2023-10-21,Japan,Matsumoto,1
2023-03-25,Japan,Kumamoto,1
2023-06-09,Japan,Minato,2
2023-07-01,Japan,Matsumoto,1
2023-07-15,Japan,Hakodate,1
2023-07-29,Japan,Narita,1
2023-03-10,Japan,Minato,6
2023-03-10,Japan,Izumisano,1
2023-01-06,Japan,Minato,1
2023-01-06,Japan,Sendai,1
2023-06-17,Japan,Tsuchiura,1
2023-06-02,Japan,Taitō,6
2023-06-16,Japan,Kōtō,1
2023-07-12,Japan,Bunkyō,2
2023-01-04,Japan,Takayama,1
2023-01-08,Japan,Aomori,1
2023-03-21,Japan,Yokohama,1
2023-01-07,Japan,Kanazawa,2
2023-03-20,Japan,Shinagawa,2
2023-06-18,Japan,Edogawa,1
2023-08-31,Japan,Meguro,1
2023-10-17,Japan,Chiba,1
2023-03-18,Japan,Chūō,1
2023-08-29,Japan,Fujiyoshida,1
2023-03-03,Japan,Kyoto,8
2023-09-21,Japan,Minato,1
2023-09-21,Japan,Sapporo,1
2023-10-04,Japan,Shinjuku,4
2023-03-17,Japan,Taitō,1
2023-07-07,Japan,Sumida,1
2023-03-02,Japan,Shinjuku,5
2023-10-19,Japan,Chiba,1
2023-10-19,Japan,Osaka,6
2023-11-11,Japan,Ikeda,1
2023-11-11,Japan,Minato,4
2023-10-29,Japan,Shinjuku,3
2023-08-03,Japan,Chūō,2
2023-10-01,Japan,Kanazawa,2
2023-10-16,Japan,Narita,3
2023-10-16,Japan,Edogawa,2
2023-04-12,Japan,Niseko,1
2023-03-19,Japan,Hokuto,1
2023-10-02,Japan,Osaka,6
2023-07-09,Japan,Chiyoda,1
2023-10-13,Japan,Taitō,3
2023-11-20,Japan,Shinjuku,3
2023-02-06,Japan,Kanazawa,1
2023-08-10,Japan,Osaka,9
2023-03-13,Japan,Taitō,1
2023-08-24,Japan,Fukuoka,2
2023-11-21,Japan,Chiyoda,1
2023-10-25,Japan,Naha,2
2023-10-25,Japan,Osaka,31
2023-10-25,Japan,Shibuya,3
2023-09-30,Japan,Osaka,13
2023-10-11,Japan,Osaka,8
2023-10-11,Japan,Shinjuku,2
2023-08-27,Japan,Ōta,1
2023-07-06,Japan,Kita,1
2023-03-15,Japan,Narita,1
2023-04-22,Japan,Yamagata,1
2023-07-05,Japan,Chūō,2
2023-04-19,Japan,Hakodate,2
2023-04-19,Japan,Isesaki,1
2023-08-09,Japan,Chūō,6
2023-05-11,Japan,Osaka,2
2023-03-14,Japan,Ikeda,1
2023-04-04,Japan,Kyoto,2
2023-04-07,Japan,Toshima,1
2023-11-02,Japan,Taitō,19
2023-05-28,Japan,Bunkyō,1
2023-09-04,Japan,Minato,1
2023-01-22,Japan,Niigata,1
2023-05-13,Japan,Katsushika,1
2023-04-06,Japan,Yuzawa,1
2023-03-08,Japan,Aomori,1
2023-05-21,Japan,Kyoto,1
2023-08-19,Japan,Taitō,1
2023-08-19,Japan,Kōtō,1
2023-10-08,Japan,Nishinomiya,1
2023-10-08,Japan,Kitakyūshū,1
2023-09-26,Japan,Shinjuku,5
2023-09-12,Japan,Osaka,7
2023-11-15,Japan,Moriyama,1
2023-09-25,Japan,Osaka,4
2023-09-25,Japan,Matsumoto,1
2023-09-28,Japan,Hiroshima,1
2023-10-06,Japan,Tōyako,1
2023-01-30,Japan,Shinjuku,7
2023-04-03,Japan,Ōta,1
2023-09-27,Japan,Ikeda,1
2023-09-27,Japan,Meguro,1
2023-03-09,Japan,Edogawa,3
2023-01-01,Japan,Takayama,1
2023-06-26,Japan,Chūō,3
2023-03-31,Japan,Toshima,3
2023-05-19,Japan,Shinagawa,3
2023-05-08,Japan,Ōta,2
2023-01-17,Japan,Chiyoda,2
2023-01-17,Japan,Edogawa,1
2023-01-02,Japan,Osaka,8
2023-01-02,Japan,Edogawa,2
2023-06-12,Japan,Shibuya,2
2023-06-28,Japan,Nagaoka,1
2023-05-02,Japan,Osaka,17
2023-05-07,Japan,Aomori,2
2023-01-03,Japan,Itabashi,1
2023-04-08,Japan,Gotemba,1
2023-01-24,Japan,Osaka,12
2023-05-15,Japan,Shinjuku,4
2023-01-10,Japan,Osaka,5
2023-01-16,Japan,Sendai,1
2023-05-29,Japan,Hakone,2
2023-05-29,Japan,Chūō,2
2023-09-06,Japan,Taitō,5
2023-09-06,Japan,Chiyoda,2
2023-07-21,Japan,Shinjuku,1
2023-01-11,Japan,Taitō,1
2023-05-01,Japan,Akita,1
2023-09-08,Japan,Kyoto,2
2023-11-06,Japan,Takayama,3
2023-05-03,Japan,Fukuoka,1
2023-06-24,Japan,Nagoya,1
2023-07-31,Japan,Matsumoto,1
2023-05-03,Japan,Minato,1
2023-05-03,Japan,Nagoya,1
2023-01-09,Japan,Edogawa,1
2023-02-04,Japan,Arakawa,1
2023-02-04,Japan,Toshima,2
2023-07-01,Japan,Kyoto,2
2023-07-29,Japan,Chūō,1
2023-03-10,Japan,Osaka,24
2023-03-24,Japan,Toyama,1
2023-02-03,Japan,Edogawa,1
2023-07-24,Japan,Ōta,1
2023-02-12,Japan,Taitō,6
2023-08-30,Japan,Hachiōji,1
2023-02-11,Japan,Kōtō,2
2023-10-20,Japan,Kanda,1
2023-01-08,Japan,Ōta,1
2023-06-19,Japan,Narita,3
2023-06-19,Japan,Taitō,1
2023-02-14,Japan,Meguro,1
2023-02-14,Japan,Chiyoda,2
2023-01-07,Japan,Toyama,1
2023-08-01,Japan,Yuzawa,1
2023-09-22,Japan,Nagoya,1
2023-03-04,Japan,Sumida,2
2023-03-04,Japan,Beppu,1
2023-03-04,Japan,Hakodate,1
2023-03-04,Japan,Chūō,6
2023-03-04,Japan,Kita,1
2023-10-03,Japan,Fukuoka,2
2023-08-15,Japan,Nagoya,1
2023-03-03,Japan,Kanazawa,2
2023-04-10,Japan,Fujikawaguchiko,1
2023-04-24,Japan,Hakone,1
2023-04-24,Japan,Meguro,1
2023-10-04,Japan,Fukuoka,1
2023-08-14,Japan,Sendai,2
2023-04-23,Japan,Niseko,1
2023-11-11,Japan,Kaizuka,1
2023-11-11,Japan,Shinagawa,2
2023-04-27,Japan,Osaka,7
2023-03-06,Japan,Kyoto,3
2023-10-15,Japan,Machida,1
2023-08-03,Japan,Chiyoda,2
2023-03-05,Japan,Nagoya,2
2023-03-05,Japan,Ōta,2
2023-09-23,Japan,Gifu,1
2023-09-23,Japan,Sendai,1
2023-10-27,Japan,Niseko,2
2023-08-25,Japan,Chiyoda,1
2023-04-20,Japan,Fujikawaguchiko,1
2023-04-20,Japan,Nagoya,1
2023-07-18,Japan,Fukuoka,3
2023-11-20,Japan,Minato,1
2023-02-06,Japan,Osaka,8
2023-03-13,Japan,Shibuya,1
2023-03-16,Japan,Kyoto,4
2023-09-30,Japan,Kawasaki,1
2023-03-01,Japan,Kōtō,1
2023-10-26,Japan,Taitō,17
2023-10-26,Japan,Narita,2
2023-03-01,Japan,Shibuya,1
2023-02-08,Japan,Edogawa,1
2023-04-21,Japan,Tachikawa,1
2023-04-21,Japan,Kawasaki,1
2023-10-12,Japan,Minato,1
2023-11-04,Japan,Takayama,1
2023-01-21,Japan,Taitō,1
2023-11-05,Japan,Narita,4
2023-05-10,Japan,Chiyoda,1
2023-08-08,Japan,Fujikawaguchiko,1
2023-11-02,Japan,Ōta,2
2023-11-03,Japan,Minato,6
2023-05-13,Japan,Minato,1
2023-09-19,Japan,Sapporo,1
2023-01-22,Japan,Edogawa,2
2023-11-14,Japan,Chūō,4
2023-11-14,Japan,Yamanouchi,2
2023-04-06,Japan,Chūō,2
2023-10-07,Japan,Osaka,11
2023-04-29,Japan,Sumida,1
2023-03-08,Japan,Izumisano,1
2023-04-14,Japan,Kōtō,1
2023-05-20,Japan,Shinagawa,1
2023-08-04,Japan,Fujikawaguchiko,2
2023-10-09,Japan,Sumida,2
2023-11-13,Japan,Shinjuku,2
2023-04-17,Japan,Shinjuku,2
2023-10-05,Japan,Shinjuku,1
2023-03-09,Japan,Osaka,18
2023-05-22,Japan,Hamamatsu,1
2023-05-22,Japan,Kōtō,1
2023-05-05,Japan,Karuizawa,1
2023-01-18,Japan,Kita,1
2023-02-21,Japan,Sapporo,1
2023-06-11,Japan,Kagoshima,1
2023-05-05,Japan,Yokohama,1
2023-02-10,Japan,Minato,3
2023-02-23,Japan,Ōta,1
2023-04-08,Japan,Fukuoka,1
2023-11-09,Japan,Osaka,22
2023-01-24,Japan,Bunkyō,1
2023-01-24,Japan,Yokohama,3
2023-05-15,Japan,Fujinomiya,1
2023-01-10,Japan,Edogawa,1
2023-05-16,Japan,Itabashi,1
2023-01-16,Japan,Hakodate,2
2023-09-05,Japan,Taitō,4
2023-05-18,Japan,Osaka,5
2023-05-04,Japan,Fujikawaguchiko,2
2023-06-21,Japan,Shirakawa Village,1
2023-06-21,Japan,Toshima,2
2023-11-06,Japan,Kyoto,4
2023-07-31,Japan,Odawara,1
2023-05-03,Japan,Kōtō,1
2023-04-30,Japan,Shinjuku,1
2023-10-23,Japan,Kanazawa,1
2023-08-20,Japan,Arakawa,1
2023-10-24,Japan,Ikeda,1
2023-10-24,Japan,Taitō,5
2023-06-06,Japan,Edogawa,4
2023-02-05,Japan,Ōta,2
2023-07-02,Japan,Chūō,1
2023-03-26,Japan,Chūō,1
2023-03-26,Japan,Shinjuku,1
2023-03-25,Japan,Osaka,7
2023-03-25,Japan,Toyama,2
2023-02-18,Japan,Sapporo,1
2023-02-03,Japan,Narita,1
2023-02-03,Japan,Takayama,1
2023-02-03,Japan,Kanazawa,1
2023-01-06,Japan,Taitō,1
2023-07-24,Japan,Fujikawaguchiko,1
2023-02-12,Japan,Izumisano,4
2023-10-20,Japan,Tachikawa,2
2023-02-25,Japan,Kyoto,1
2023-07-26,Japan,Taitō,6
2023-03-21,Japan,Osaka,5
2023-01-07,Japan,Osaka,2
2023-04-25,Japan,N/A,1
2023-04-25,Japan,Sapporo,1
2023-10-17,Japan,Chūō,4
2023-03-04,Japan,Kumamoto,1
2023-08-29,Japan,Nara,1
2023-07-08,Japan,Osaka,8
2023-04-10,Japan,Matsumoto,1
2023-04-10,Japan,Chūō,2
2023-04-24,Japan,Narita,2
2023-11-10,Japan,Minato,4
2023-11-10,Japan,Hakodate,1
2023-10-18,Japan,Minato,1
2023-10-18,Japan,Edogawa,2
2023-08-14,Japan,Nagoya,1
2023-08-14,Japan,Fujiyoshida,2
2023-08-14,Japan,Fussa,1
2023-08-28,Japan,Chitose,1
2023-08-28,Japan,Shiki,1
2023-09-10,Japan,Sumida,1
2023-10-19,Japan,Bunkyō,1
2023-10-19,Japan,Shibuya,1
2023-10-15,Japan,Toshima,1
2023-08-17,Japan,Narita,1
2023-10-01,Japan,Hokuto,1
2023-03-05,Japan,Shinjuku,11
2023-03-19,Japan,Kyoto,4
2023-10-02,Japan,Nagano,1
2023-10-02,Japan,Shibuya,1
2023-10-13,Japan,Osaka,5
2023-10-13,Japan,Sapporo,1
2023-04-20,Japan,Kutchan,1
2023-04-20,Japan,Bunkyō,1
2023-03-13,Japan,Bunkyō,1
2023-11-21,Japan,Beppu,1
2023-09-30,Japan,Minato,3
2023-08-13,Japan,Narita,4
2023-08-12,Japan,Takayama,1
2023-04-22,Japan,Kyoto,6
2023-04-22,Japan,Aomori,1
2023-04-22,Japan,Nagoya,1
2023-03-01,Japan,Kita,1
2023-02-08,Japan,Nagasaki,1
2023-07-05,Japan,Osaka,2
2023-07-05,Japan,Taitō,3
2023-08-09,Japan,Kashiwa,1
2023-05-25,Japan,Chitose,2
2023-01-20,Japan,Chūō,3
2023-11-16,Japan,Izumisano,3
2023-11-05,Japan,Chiyoda,1
2023-11-02,Japan,Yokosuka,1
2023-09-29,Japan,Tomisato,1
2023-09-04,Japan,Osaka,9
2023-01-23,Japan,Ōta,1
2023-11-17,Japan,Niseko,2
2023-05-28,Japan,Fukuoka,1
2023-05-13,Japan,Fujikawaguchiko,1
2023-05-14,Japan,Nakijin,1
2023-09-19,Japan,Edogawa,5
2023-04-06,Japan,Chiba,1
2023-04-06,Japan,Sano,1
2023-10-07,Japan,Chūō,1
2023-03-08,Japan,Takayama,2
2023-03-08,Japan,Yokohama,1
2023-05-12,Japan,Itabashi,2
2023-09-11,Japan,Izumisano,1
2023-11-15,Japan,Sapporo,2
2023-03-07,Japan,Utsunomiya,1
2023-03-07,Japan,Yokohama,1
2023-11-13,Japan,Chiyoda,2
2023-04-16,Japan,Taitō,3
2023-01-30,Japan,Kyoto,2
2023-04-03,Japan,Toyohashi,1
2023-04-03,Japan,Chiyoda,1
2023-03-09,Japan,Itabashi,1
2023-11-12,Japan,Yamagata,1
2023-11-12,Japan,Shibuya,1
2023-01-01,Japan,Shinjuku,8
2023-08-06,Japan,Sapporo,1
2023-08-06,Japan,Bunkyō,1
2023-04-01,Japan,Nagoya,2
2023-05-22,Japan,Narita,1
2023-04-02,Japan,Fujikawaguchiko,1
2023-01-18,Japan,Taitō,3
2023-01-18,Japan,Ōta,1
2023-02-21,Japan,Sumida,2
2023-01-29,Japan,Edogawa,1
2023-06-14,Japan,Osaka,2
2023-06-15,Japan,Osaka,6
2023-06-28,Japan,Yokohama,1
2023-05-02,Japan,Taitō,5
2023-01-03,Japan,Higashiōsaka,1
2023-09-09,Japan,Hakodate,2
2023-05-16,Japan,Nakijin,1
2023-02-24,Japan,Fujikawaguchiko,1
2023-07-21,Japan,Kyoto,1
2023-01-13,Japan,Chiyoda,2
2023-05-18,Japan,Kawasaki,1
2023-02-20,Japan,Hachiōji,13
2023-07-31,Japan,Suita,1
2023-09-07,Japan,Shinjuku,3
2023-05-03,Japan,Edogawa,1
2023-01-26,Japan,Shinjuku,2
2023-10-23,Japan,Matsumoto,1
2023-06-07,Japan,Yokohama,1
2023-07-28,Japan,Edogawa,1
2023-03-23,Japan,Chūō,2
2023-03-22,Japan,Taitō,2
2023-08-23,Japan,Chiyoda,3
2023-07-02,Japan,Tottori,1
2023-07-02,Japan,Taitō,4
2023-03-26,Japan,Kyoto,3
2023-02-19,Japan,Shinagawa,3
2023-07-16,Japan,Fukuoka,1
2023-10-21,Japan,Chiyoda,1
2023-02-18,Japan,Kita,1
2023-10-22,Japan,Nagoya,1
2023-03-10,Japan,Nagoya,3
2023-03-24,Japan,Sapporo,2
2023-01-05,Japan,Taitō,3
2023-01-05,Japan,Takayama,2
2023-08-30,Japan,Chūō,2
2023-06-16,Japan,Kanazawa,2
2023-07-12,Japan,Toshima,2
2023-07-12,Japan,Chūō,2
2023-07-12,Japan,Chiyoda,3
2023-03-20,Japan,Chūō,1
2023-06-18,Japan,Kyoto,5
2023-02-13,Japan,Nagoya,3
2023-04-25,Japan,Kyoto,6
2023-08-15,Japan,Yokohama,1
2023-08-29,Japan,Bunkyō,1
2023-05-31,Japan,Chiyoda,1
2023-03-03,Japan,Taitō,4
2023-10-18,Japan,Narita,5
2023-10-18,Japan,Bunkyō,1
2023-10-18,Japan,Sapporo,1
2023-05-30,Japan,Osaka,3
2023-07-07,Japan,Chiyoda,2
2023-10-19,Japan,Kyoto,7
2023-10-19,Japan,Chiyoda,3
2023-08-03,Japan,Iwakuni,1
2023-10-01,Japan,Taitō,4
2023-03-05,Japan,Moroyama,1
2023-04-12,Japan,Narita,2
2023-03-19,Japan,Izumisano,1
2023-10-27,Japan,Chūō,7
2023-07-18,Japan,Shinjuku,4
2023-03-27,Japan,Chiyoda,4
2023-03-27,Japan,Narita,2
2023-02-06,Japan,Minato,2
2023-08-10,Japan,Toshima,3
2023-03-13,Japan,Chūō,3
2023-07-03,Japan,Kawasaki,1
2023-10-14,Japan,Yokohama,4
2023-11-21,Japan,Taitō,3
2023-10-25,Japan,Fujikawaguchiko,2
2023-09-20,Japan,Kanazawa,1
2023-09-30,Japan,Chūō,4
2023-10-11,Japan,Taitō,6
2023-08-13,Japan,Kita,1
2023-08-13,Japan,Sapporo,3
2023-03-01,Japan,Osaka,23
2023-04-21,Japan,Toshima,1
2023-04-05,Japan,Chūō,1
2023-11-04,Japan,Taitō,5
2023-11-04,Japan,Edogawa,2
2023-08-09,Japan,Edogawa,2
2023-05-11,Japan,Narita,1
2023-11-02,Japan,Kunitachi,1
2023-09-29,Japan,Narita,1
2023-09-04,Japan,Bunkyō,2
2023-11-03,Japan,Nagano,1
2023-11-03,Japan,Matsumoto,1
2023-01-23,Japan,Kyoto,3
2023-05-28,Japan,Fujikawaguchiko,1
2023-05-27,Japan,Taitō,4
2023-09-03,Japan,Shinagawa,1
2023-04-06,Japan,Itabashi,1
2023-04-29,Japan,Bunkyō,3
2023-03-08,Japan,Kurashiki,1
2023-11-01,Japan,Machida,2
2023-10-08,Japan,Chūō,3
2023-10-08,Japan,Sumida,3
2023-04-14,Japan,Yufu,1
2023-01-31,Japan,Shinjuku,2
2023-05-20,Japan,Bunkyō,1
2023-08-18,Japan,Kaizuka,1
2023-06-30,Japan,Chūō,2
2023-11-13,Japan,Toyama,1
2023-04-17,Japan,Sumida,1
2023-04-16,Japan,Minato,2
2023-04-03,Japan,Narita,1
2023-09-27,Japan,Fukuoka,2
2023-09-27,Japan,Shinjuku,5
2023-11-12,Japan,Edogawa,3
2023-05-06,Japan,Osaka,5
2023-04-01,Japan,Kōtō,1
2023-04-02,Japan,Wakayama,1
2023-06-26,Japan,Taitō,3
2023-06-01,Japan,Nagoya,1
2023-10-30,Japan,Takayama,1
2023-01-29,Japan,Minato,1
2023-05-19,Japan,Osaka,3
2023-05-19,Japan,Chiyoda,1
2023-01-15,Japan,Osaka,3
2023-01-17,Japan,Kitakyūshū,1
2023-01-17,Japan,Itabashi,2
2023-06-12,Japan,Akashi,1
2023-06-28,Japan,Shinjuku,1
2023-05-02,Japan,Hakodate,1
2023-03-30,Japan,Osaka,9
2023-01-03,Japan,Minato,1
2023-01-03,Japan,Hakodate,2
2023-06-23,Japan,Minato,2
2023-06-23,Japan,Kashiwazaki,1
2023-04-08,Japan,Ueda,1
2023-11-09,Japan,Nagoya,1
2023-05-16,Japan,Minato,1
2023-05-16,Japan,Edogawa,1
2023-07-21,Japan,Osaka,6
2023-07-21,Japan,Chiyoda,1
2023-11-07,Japan,Kanazawa,2
2023-11-06,Japan,Chiyoda,1
2023-05-03,Japan,Narita,1
2023-06-24,Japan,Minato,2
2023-01-27,Japan,Osaka,4
2023-06-10,Japan,Kyoto,3
2023-01-12,Japan,Taitō,2
2023-01-26,Japan,Yokohama,1
2023-07-28,Japan,Hamamatsu,1
2023-02-02,Japan,Osaka,9
2023-03-23,Japan,Chiyoda,2
2023-10-24,Japan,Niseko,1
2023-07-13,Japan,Osaka,5
2023-01-09,Japan,Sapporo,1
2023-08-23,Japan,Kyoto,1
2023-03-11,Japan,Shinagawa,2
2023-03-11,Japan,Taitō,3
2023-06-09,Japan,Ōta,2
2023-06-09,Japan,Chiba,1
2023-08-22,Japan,Fujikawaguchiko,1
2023-08-22,Japan,Hachiōji,1
2023-06-17,Japan,Fukuoka,2
2023-02-11,Japan,Nagoya,1
2023-01-04,Japan,Shibuya,2
2023-01-04,Japan,Sapporo,2
2023-07-26,Japan,Wakayama,1
2023-10-31,Japan,Higashiizu,1
2023-02-28,Japan,Kashiwa,1
2023-07-25,Japan,Narita,1
2023-08-01,Japan,Narita,2
2023-08-01,Japan,Chūō,2
2023-09-22,Japan,Kyoto,1
2023-03-04,Japan,Osaka,18
2023-08-29,Japan,Taitō,7
2023-11-10,Japan,Narita,2
2023-10-04,Japan,Izumisano,2
2023-07-07,Japan,Bunkyō,1
2023-08-14,Japan,Edogawa,2
2023-08-14,Japan,Kyoto,5
2023-08-28,Japan,Kyoto,5
2023-03-06,Japan,Taitō,11
2023-03-06,Japan,Sapporo,2
2023-10-15,Japan,Kyoto,2
2023-10-15,Japan,Osaka,6
2023-10-01,Japan,Takayama,2
2023-10-16,Japan,Sumida,2
2023-03-05,Japan,Hiroshima,1
2023-08-02,Japan,Ōta,1
2023-08-02,Japan,Osaka,8
2023-09-23,Japan,Nagano,1
2023-10-27,Japan,Shibuya,1
2023-07-04,Japan,Narita,3
2023-07-04,Japan,Taitō,2
2023-08-25,Japan,Takayama,1
2023-03-28,Japan,Suwa,1
2023-11-20,Japan,Okayama,2
2023-03-27,Japan,Katsushika,1
2023-02-06,Japan,Edogawa,1
2023-08-10,Japan,Yamagata,1
2023-08-10,Japan,Shinjuku,2
2023-07-17,Japan,Maebashi,1
2023-07-17,Japan,Yokohama,1
2023-11-21,Japan,Kyoto,2
2023-11-21,Japan,Sapporo,1
2023-11-21,Japan,Hiroshima,1
2023-10-25,Japan,Kyoto,5
2023-10-11,Japan,Itabashi,1
2023-02-09,Japan,Kyoto,7
2023-02-09,Japan,Chūō,6
2023-04-05,Japan,Ōta,1
2023-09-02,Japan,Kyoto,2
2023-09-02,Japan,Sapporo,14
2023-01-21,Japan,Niigata,1
2023-09-01,Japan,Toshima,1
2023-09-01,Japan,Sendai,3
2023-04-07,Japan,Kyoto,4
2023-08-08,Japan,Taitō,9
2023-11-02,Japan,Arakawa,1
2023-11-02,Japan,Fujiyoshida,1
2023-11-16,Japan,Mito,1
2023-09-04,Japan,Kyoto,9
2023-09-04,Japan,Chūō,3
2023-09-18,Japan,Taitō,4
2023-09-17,Japan,Izumisano,2
2023-09-03,Japan,Ōta,1
2023-11-14,Japan,Kyoto,1
2023-10-07,Japan,Nara,1
2023-10-07,Japan,Akita,1
2023-10-07,Japan,Sumida,1
2023-03-08,Japan,Shinagawa,1
2023-01-31,Japan,Chūō,3
2023-09-26,Japan,Matsumoto,1
2023-04-28,Japan,Taitō,5
2023-09-12,Japan,Nagoya,1
2023-09-12,Japan,Fujikawaguchiko,1
2023-04-13,Japan,Taitō,2
2023-11-13,Japan,Niseko,1
2023-11-13,Japan,Kagoshima,1
2023-10-06,Japan,Kōfu,1
2023-04-16,Japan,Narita,1
2023-06-30,Japan,Takayama,1
2023-10-05,Japan,Yokohama,2
2023-06-13,Japan,Edogawa,1
2023-02-22,Japan,Taitō,4
2023-02-22,Japan,Shinagawa,1
2023-08-06,Japan,Osaka,13
2023-08-06,Japan,Kanazawa,1
2023-08-06,Japan,Yamagata,1
2023-05-22,Japan,Chūō,2
2023-02-21,Japan,Karuizawa,1
2023-06-11,Japan,Chiyoda,2
2023-01-29,Japan,Shinjuku,3
2023-07-22,Japan,Matsumoto,1
2023-03-31,Japan,Taitō,4
2023-03-31,Japan,Karuizawa,3
2023-06-29,Japan,Chiyoda,1
2023-05-08,Japan,Hachiōji,1
2023-01-02,Japan,Takayama,2
2023-06-12,Japan,Nagano,1
2023-04-09,Japan,Taitō,3
2023-05-02,Japan,Shinagawa,1
2023-02-23,Japan,Chūō,2
2023-04-08,Japan,Kobe,1
2023-09-09,Japan,Takayama,1
2023-01-10,Japan,Fukuoka,1
2023-01-16,Japan,Chiyoda,3
2023-01-16,Japan,Sapporo,2
2023-09-06,Japan,Hakodate,1
2023-05-18,Japan,Shinagawa,1
2023-11-07,Japan,Osaka,8
2023-05-04,Japan,Taitō,2
2023-01-26,Japan,Naha,1
2023-08-21,Japan,Niigata,1
2023-07-14,Japan,Osaka,5
2023-07-14,Japan,Shibuya,1
2023-10-23,Japan,Chiyoda,2
2023-02-02,Japan,Taitō,6
2023-02-02,Japan,Takayama,1
2023-02-02,Japan,Minato,2
2023-03-23,Japan,Kyoto,4
2023-03-22,Japan,Itabashi,1
2023-08-23,Japan,Narita,2
2023-08-23,Japan,Taitō,2
2023-02-19,Japan,Kōtō,1
2023-03-25,Japan,Edogawa,1
2023-07-15,Japan,Sapporo,1
2023-06-03,Japan,Shibuya,2
2023-02-11,Japan,Kasuya,1
2023-06-05,Japan,Osaka,6
2023-01-04,Japan,Katsushika,2
2023-01-04,Japan,Kyoto,1
2023-10-31,Japan,Ōta,1
2023-03-20,Japan,Shibuya,1
2023-06-18,Japan,Fukuchiyama,1
2023-04-25,Japan,Nagoya,1
2023-09-22,Japan,Fujikawaguchiko,1
2023-10-03,Japan,Osaka,10
2023-08-15,Japan,Shinjuku,4
2023-03-03,Japan,Sapporo,3
2023-03-03,Japan,Hokuto,1
2023-11-10,Japan,Asahikawa,1
2023-10-04,Japan,Kyoto,4
2023-10-04,Japan,Hachiōji,1
2023-05-30,Japan,Sumida,1
2023-08-28,Japan,Kitakyūshū,1
2023-09-10,Japan,Chūō,4
2023-10-19,Japan,Nagano,1
2023-10-29,Japan,Nagoya,2
2023-10-29,Japan,Narita,5
2023-10-15,Japan,Shibuya,2
2023-08-03,Japan,Taitō,9
2023-09-24,Japan,Osaka,22
2023-10-16,Japan,Shinagawa,1
2023-09-23,Japan,Bunkyō,1
2023-04-11,Japan,Sapporo,1
2023-08-25,Japan,Sapporo,1
2023-04-20,Japan,Sapporo,2
2023-03-28,Japan,Fujikawaguchiko,1
2023-07-18,Japan,Taitō,2
2023-08-10,Japan,Shiki,1
2023-08-24,Japan,Hakodate,1
2023-08-24,Japan,Kyoto,1
2023-11-21,Japan,Sendai,4
2023-11-21,Japan,Shibuya,1
2023-10-25,Japan,Sumida,4
2023-10-11,Japan,Shibuya,3
2023-08-13,Japan,Yamagata,1
2023-08-12,Japan,Osaka,18
2023-08-12,Japan,Fujikawaguchiko,1
2023-08-12,Japan,Ōta,2
2023-03-01,Japan,Sumida,2
2023-04-21,Japan,Chūō,4
2023-04-21,Japan,Shinjuku,2
2023-10-12,Japan,Kawasaki,1
2023-07-05,Japan,Izumisano,1
2023-07-05,Japan,Toyohashi,1
2023-03-14,Japan,Osaka,4
2023-09-02,Japan,Fujikawaguchiko,2
2023-01-21,Japan,Hiroshima,1
2023-05-26,Japan,Shinjuku,1
2023-05-26,Japan,Kawasaki,1
2023-04-04,Japan,Osaka,10
2023-04-04,Japan,Bunkyō,1
2023-09-29,Japan,Fujikawaguchiko,3
2023-11-05,Japan,Naha,3
2023-06-20,Japan,Ōta,1
2023-09-04,Japan,Kawaguchi,1
2023-01-23,Japan,Osaka,2
2023-05-28,Japan,Hiroshima,1
2023-09-19,Japan,Meguro,3
2023-11-14,Japan,Edogawa,2
2023-11-14,Japan,Shizuoka,1
2023-04-15,Japan,Kobe,1
2023-04-29,Japan,Kyoto,6
2023-03-08,Japan,Shinjuku,7
2023-08-19,Japan,Tokoname,1
2023-09-26,Japan,Takasaki,1
2023-04-14,Japan,Izumisano,1
2023-08-05,Japan,Edogawa,1
2023-05-20,Japan,Narita,1
2023-03-07,Japan,Chiyoda,7
2023-03-07,Japan,Nagano,1
2023-08-04,Japan,Taitō,9
2023-09-25,Japan,Chiyoda,1
2023-10-06,Japan,Bunkyō,2
2023-10-06,Japan,Fujikawaguchiko,1
2023-04-17,Japan,Osaka,6
2023-09-14,Japan,Toyama,1
2023-11-01,Japan,Kōriyama,1
2023-05-23,Japan,Shibuya,1
2023-05-23,Japan,Fukuoka,1
2023-04-03,Japan,Kurume,1
2023-09-27,Japan,Gotemba,1
2023-04-01,Japan,Toshima,2
2023-03-09,Japan,Hakone,1
2023-09-13,Japan,Narita,1
2023-04-01,Japan,Sumida,2
2023-05-05,Japan,Chiyoda,1
2023-06-01,Japan,Shinjuku,2
2023-06-11,Japan,Shinjuku,3
2023-03-31,Japan,Kyoto,3
2023-01-15,Japan,Minato,1
2023-01-17,Japan,Minato,1
2023-06-12,Japan,Osaka,4
2023-04-09,Japan,Sumida,1
2023-04-09,Japan,Kobe,1
2023-07-20,Japan,Sumida,1
2023-03-30,Japan,Taitō,10
2023-04-08,Japan,Chiyoda,2
2023-09-09,Japan,Osaka,8
2023-09-09,Japan,Sapporo,1
2023-01-10,Japan,Nagoya,1
2023-05-16,Japan,Chiyoda,5
2023-01-16,Japan,Narita,1
2023-07-21,Japan,Nagoya,1
2023-05-01,Japan,Kita,1
2023-01-13,Japan,Sapporo,3
2023-01-28,Japan,Toshima,3
2023-05-18,Japan,Edogawa,2
2023-06-22,Japan,Osaka,2
2023-11-07,Japan,Kakegawa,1
2023-06-21,Japan,Osaka,5
2023-06-21,Japan,Numazu,1
2023-06-24,Japan,Taitō,1
2023-01-27,Japan,Shinjuku,3
2023-01-12,Japan,Osaka,5
2023-09-08,Japan,Sapporo,2
2023-09-07,Japan,Hakodate,1
2023-07-30,Japan,Arakawa,1
2023-07-30,Japan,Shinjuku,4
2023-08-21,Japan,Taitō,8
2023-08-21,Japan,Sapporo,1
2023-04-30,Japan,Osaka,6
2023-06-07,Japan,Shinjuku,1
2023-02-02,Japan,Kanazawa,2
2023-10-24,Japan,Shinjuku,1
2023-06-06,Japan,Taitō,4
2023-06-06,Japan,Shinagawa,1
2023-07-27,Japan,Taitō,3
2023-10-10,Japan,Shinjuku,3
2023-07-02,Japan,Fujikawaguchiko,2
2023-07-02,Japan,Sapporo,1
2023-02-19,Japan,Fukuoka,1
2023-10-21,Japan,Shinagawa,1
2023-08-22,Japan,Kutchan,1
2023-07-01,Japan,Fukuoka,3
2023-10-22,Japan,Asahikawa,1
2023-07-29,Japan,Takaoka,1
2023-02-03,Japan,Beppu,1
2023-02-03,Japan,Kita,1
2023-01-06,Japan,Chūō,4
2023-06-17,Japan,Kōtō,2
2023-02-26,Japan,Shinagawa,1
2023-07-23,Japan,Kyoto,1
2023-06-16,Japan,Funabashi,1
2023-06-19,Japan,Sapporo,1
2023-02-14,Japan,Edogawa,3
2023-10-31,Japan,Taitō,16
2023-10-31,Japan,Shinagawa,1
2023-03-21,Japan,Chiyoda,1
2023-02-28,Japan,Shibuya,3
2023-06-18,Japan,Narita,1
2023-07-10,Japan,Nikkō,1
2023-08-01,Japan,Nagoya,1
2023-03-04,Japan,Edogawa,3
2023-03-18,Japan,Kōtō,1
2023-08-28,Japan,Shinjuku,5
2023-08-28,Japan,Shibuya,1
2023-04-23,Japan,Shinjuku,3
2023-10-29,Japan,Kōtō,1
2023-10-29,Japan,Kanazawa,1
2023-04-27,Japan,Katsushika,1
2023-09-24,Japan,Chūō,5
2023-03-19,Japan,Narita,2
2023-10-02,Japan,Hakodate,1
2023-04-26,Japan,Kawagoe,1
2023-04-26,Japan,Miyazaki,1
2023-09-23,Japan,Minato,1
2023-09-23,Japan,Nagoya,1
2023-08-16,Japan,Osaka,6
2023-08-02,Japan,Kyoto,1
2023-07-09,Japan,Chūō,1
2023-07-09,Japan,Taitō,1
2023-08-11,Japan,Nagoya,1
2023-03-27,Japan,Kyoto,5
2023-10-28,Japan,Kyoto,1
2023-07-03,Japan,Kyoto,3
2023-08-24,Japan,Taitō,2
2023-09-20,Japan,Sumida,1
2023-03-01,Japan,Kyoto,8
2023-03-01,Japan,Sapporo,3
2023-08-12,Japan,Otaru,1
2023-03-29,Japan,Shinjuku,2
2023-03-01,Japan,Kanazawa,3
2023-02-08,Japan,Toshima,2
2023-04-21,Japan,Beppu,1
2023-11-19,Japan,Chiba,1
2023-01-21,Japan,Kita,1
2023-04-19,Japan,Kyoto,2
2023-04-19,Japan,Edogawa,1
2023-05-26,Japan,Taitō,7
2023-05-26,Japan,Chiyoda,1
2023-09-15,Japan,Shinjuku,6
2023-04-18,Japan,Naha,2
2023-04-18,Japan,Osaka,5
2023-09-29,Japan,Takayama,2
2023-08-08,Japan,Fukuoka,1
2023-11-17,Japan,Asahikawa,1
2023-06-20,Japan,Chiyoda,2
2023-01-22,Japan,Chiyoda,2
2023-11-18,Japan,Nagoya,1
2023-04-06,Japan,Minato,3
2023-09-26,Japan,Minato,2
2023-04-29,Japan,Yuzawa,1
2023-11-15,Japan,Shinjuku,2
2023-08-18,Japan,Nagoya,2
2023-09-28,Japan,Sendai,1
2023-09-28,Japan,Yokohama,1
2023-01-30,Japan,Tamano,1
2023-10-05,Japan,Shibuya,1
2023-10-05,Japan,Fujikawaguchiko,4
2023-06-13,Japan,Shizuoka,1
2023-03-09,Japan,Kōtō,3
2023-11-12,Japan,Itabashi,1
2023-11-12,Japan,Toyama,1
2023-01-01,Japan,Kita,1
2023-09-13,Japan,Kyoto,2
2023-06-27,Japan,Izumisano,1
2023-01-18,Japan,Gotemba,1
2023-07-22,Japan,Ōta,4
2023-07-22,Japan,Sapporo,1
2023-05-08,Japan,Nagano,1
2023-01-02,Japan,Kyoto,4
2023-01-02,Japan,Minato,1
2023-04-09,Japan,Shinagawa,1
2023-01-11,Japan,Narita,1
2023-07-20,Japan,Asahikawa,1
2023-02-23,Japan,Kita,1
2023-04-08,Japan,Kyoto,5
2023-04-08,Japan,Kōtō,1
2023-11-09,Japan,Kobe,1
2023-11-09,Japan,Sapporo,1
2023-05-29,Japan,Sendai,1
2023-01-25,Japan,Osaka,7
2023-09-06,Japan,Toshima,1
2023-01-13,Japan,Ōta,1
2023-06-21,Japan,Taitō,3
2023-06-21,Japan,Fujikawaguchiko,2
2023-06-10,Japan,Izumisano,1
2023-06-25,Japan,Chiyoda,2
2023-05-17,Japan,Sapporo,1
2023-02-17,Japan,Minato,2
2023-02-02,Japan,Chiyoda,1
2023-03-22,Japan,Fujikawaguchiko,3
2023-06-06,Japan,Sakai,1
2023-03-25,Japan,Kyoto,5
2023-06-08,Japan,Taitō,5
2023-07-24,Japan,Taitō,6
2023-02-12,Japan,Kōtō,2
2023-06-17,Japan,Edogawa,1
2023-01-05,Japan,Kyoto,1
2023-02-26,Japan,Osaka,4
2023-06-16,Japan,Osaka,5
2023-10-20,Japan,Fukuoka,1
2023-02-25,Japan,Shinjuku,2
2023-01-04,Japan,Izumisano,1
2023-07-12,Japan,Kyoto,3
2023-01-08,Japan,Kanazawa,1
2023-07-26,Japan,Gotemba,1
2023-02-28,Japan,Shinagawa,1
2023-07-11,Japan,Nagoya,1
2023-06-18,Japan,Chūō,3
2023-09-22,Japan,Osaka,9
2023-10-03,Japan,Kanazawa,2
2023-09-22,Japan,Narita,1
2023-03-04,Japan,Bunkyō,1
2023-08-29,Japan,Sumida,1
2023-04-10,Japan,Sapporo,1
2023-05-30,Japan,Narita,1
2023-07-07,Japan,Edogawa,2
2023-08-28,Japan,Edogawa,1
2023-03-02,Japan,Shinagawa,1
2023-09-10,Japan,Nagano,1
2023-10-19,Japan,Sano,1
2023-10-19,Japan,Kanazawa,1
2023-04-23,Japan,Kobe,1
2023-10-16,Japan,Chūō,1
2023-03-05,Japan,Awara,1
2023-10-02,Japan,Nagoya,1
2023-08-02,Japan,Sumida,1
2023-09-23,Japan,Fujiyoshida,1
2023-08-16,Japan,Taitō,5
2023-10-27,Japan,Sapporo,6
2023-10-13,Japan,Chūō,1
2023-08-25,Japan,Izumisano,1
2023-02-06,Japan,Ōta,1
2023-07-03,Japan,Chūō,5
2023-10-28,Japan,Edogawa,1
2023-08-13,Japan,Taitō,3
2023-03-15,Japan,Izumisano,1
2023-03-29,Japan,Minato,2
2023-03-29,Japan,Narita,2
2023-04-21,Japan,Takaishi,1
2023-04-21,Japan,Numazu,1
2023-03-14,Japan,Fujikawaguchiko,1
2023-11-04,Japan,Kōtō,2
2023-09-02,Japan,Minato,2
2023-09-02,Japan,Osaka,6
2023-01-21,Japan,Chūō,5
2023-04-19,Japan,Chūō,6
2023-04-19,Japan,Narita,3
2023-08-09,Japan,Kyoto,5
2023-05-11,Japan,Musashino,1
2023-09-15,Japan,Kyoto,2
2023-11-16,Japan,Ōta,1
2023-11-05,Japan,Fujikawaguchiko,1
2023-11-02,Japan,Chiba,1
2023-09-18,Japan,Chiyoda,4
2023-11-18,Japan,Sapporo,1
2023-11-18,Japan,Shinjuku,4
2023-05-13,Japan,Edogawa,1
2023-09-03,Japan,Izumisano,1
2023-09-17,Japan,Chūō,1
2023-10-07,Japan,Minato,1
2023-04-29,Japan,Chiyoda,2
2023-03-08,Japan,Hiroshima,1
2023-10-08,Japan,Chiba,1
2023-10-08,Japan,Kōtō,3
2023-01-31,Japan,Osaka,9
2023-11-15,Japan,Ōta,2
2023-11-15,Japan,Bunkyō,2
2023-08-18,Japan,Izumisano,1
2023-09-25,Japan,Minato,1
2023-09-14,Japan,Shinjuku,1
2023-01-30,Japan,Ikeda,1
2023-04-03,Japan,Taitō,4
2023-11-12,Japan,Kyoto,11
2023-11-12,Japan,Chūō,6
2023-04-02,Japan,Narita,1
2023-04-02,Japan,Kōtō,1
2023-02-21,Japan,Fujisawa,1
2023-06-01,Japan,Osaka,6
2023-02-10,Japan,Tachikawa,1
2023-01-29,Japan,Hokuto,2
2023-05-05,Japan,Kanazawa,1
2023-07-22,Japan,Hakodate,2
2023-05-19,Japan,Bunkyō,1
2023-05-08,Japan,Taitō,2
2023-01-17,Japan,Ōta,1
2023-06-15,Japan,Mito,1
2023-01-11,Japan,Sapporo,3
2023-09-09,Japan,Chūō,4
2023-02-24,Japan,Taitō,1
2023-01-13,Japan,Shinagawa,1
2023-06-22,Japan,Shinjuku,2
2023-11-07,Japan,Nagano,1
2023-11-07,Japan,Sapporo,1
2023-02-20,Japan,Narita,1
2023-01-26,Japan,Toyama,1
2023-07-31,Japan,Osaka,4
2023-09-07,Japan,Sumida,3
2023-07-30,Japan,Ōta,2
2023-02-02,Japan,Toshima,2
2023-03-23,Japan,Ōta,1
2023-02-16,Japan,Shibuya,1
2023-02-01,Japan,Osaka,9
2023-02-15,Japan,Sapporo,1
2023-07-02,Japan,Shibuya,1
2023-03-26,Japan,Taitō,4
2023-03-26,Japan,Izumisano,2
2023-03-26,Japan,Bunkyō,1
2023-03-11,Japan,Nara,2
2023-03-11,Japan,Chūō,1
2023-07-16,Japan,Osaka,7
2023-02-04,Japan,Kyoto,7
2023-02-04,Japan,Nagano,1
2023-10-22,Japan,Meguro,1
2023-03-10,Japan,Toyama,3
2023-06-08,Japan,Kita,2
2023-06-08,Japan,Kanazawa,1
2023-03-24,Japan,Kyoto,2
2023-02-12,Japan,Narita,1
2023-06-17,Japan,Fujikawaguchiko,2
2023-06-17,Japan,Chiba,1
2023-08-30,Japan,Nara,1
2023-07-23,Japan,Sumida,1
2023-01-19,Japan,Nagoya,3
2023-05-09,Japan,Bunkyō,2
2023-10-20,Japan,Nagoya,1
2023-06-05,Japan,Taitō,6
2023-01-08,Japan,Osaka,3
2023-07-26,Japan,Kyoto,1
2023-06-19,Japan,Minato,1
2023-02-28,Japan,Minakami,1
2023-07-25,Japan,N/A,1
2023-02-13,Japan,Kyoto,5
2023-09-22,Japan,Taitō,8
2023-10-03,Japan,Sumida,3
2023-03-18,Japan,Taitō,2
2023-07-07,Japan,Taitō,2
2023-08-14,Japan,Sapporo,1
2023-08-14,Japan,Hakodate,2
2023-08-28,Japan,Osaka,8
2023-11-11,Japan,Toshima,1
2023-03-06,Japan,Adachi,1
2023-10-15,Japan,Ōta,1
2023-10-16,Japan,Minato,1
2023-03-19,Japan,Taitō,1
2023-09-23,Japan,Hakodate,3
2023-10-27,Japan,Nikkō,1
2023-02-07,Japan,Osaka,8
2023-07-04,Japan,Chūō,1
2023-07-04,Japan,Kōtō,1
2023-04-20,Japan,Shinjuku,6
2023-07-18,Japan,Shinagawa,1
2023-11-20,Japan,Taitō,12
2023-02-06,Japan,Narita,3
2023-08-10,Japan,Shibuya,1
2023-08-10,Japan,Tōyako,1
2023-10-14,Japan,Shinjuku,3
2023-07-17,Japan,Sapporo,2
2023-10-25,Japan,Chūō,5
2023-10-25,Japan,Toyonaka,1
2023-07-06,Japan,Kagoshima,1
2023-03-15,Japan,Osaka,6
2023-03-15,Japan,Edogawa,2
2023-03-15,Japan,Toshima,1
2023-08-12,Japan,Hamamatsu,1
2023-04-22,Japan,Hakone,1
2023-08-26,Japan,Shinagawa,2
2023-11-19,Japan,Chūō,2
2023-11-19,Japan,Gifu,1
2023-09-16,Japan,Shinjuku,3
2023-09-16,Japan,Chūō,3
2023-05-26,Japan,Chūō,1
2023-04-18,Japan,Kanazawa,1
2023-04-18,Japan,Minato,4
2023-04-18,Japan,Kōtō,2
2023-11-16,Japan,Chūō,4
2023-08-08,Japan,Yokohama,1
2023-09-18,Japan,Takayama,1
2023-05-28,Japan,Kyoto,3
2023-11-14,Japan,Kōtō,1
2023-11-14,Japan,Okaya,1
2023-03-08,Japan,Osaka,22
2023-11-01,Japan,Osaka,17
2023-10-08,Japan,Hiroshima,1
2023-04-14,Japan,Fukuoka,1
2023-05-20,Japan,Fukuoka,1
2023-04-28,Japan,Izumisano,1
2023-11-15,Japan,Taitō,4
2023-03-07,Japan,Ōmachi,1
2023-04-17,Japan,Takayama,3
2023-01-30,Japan,Nikkō,1
2023-06-13,Japan,Fukuoka,1
2023-01-01,Japan,Noboribetsu,1
2023-08-06,Japan,Ōta,1
2023-05-05,Japan,Osaka,9
2023-01-18,Japan,Suita,1
2023-01-18,Japan,Chūō,4
2023-10-30,Japan,Kōtō,1
2023-01-29,Japan,Fujisawa,1
2023-05-05,Japan,Shinagawa,1
2023-05-19,Japan,Sapporo,1
2023-06-14,Japan,Minato,1
2023-06-26,Japan,Ōta,1
2023-06-28,Japan,Shibuya,1
2023-05-02,Japan,Itabashi,4
2023-05-07,Japan,Chiyoda,1
2023-05-07,Japan,Edogawa,1
2023-04-08,Japan,Shibuya,1
2023-11-09,Japan,Narita,2
2023-01-10,Japan,Kyoto,2
2023-01-16,Japan,Osaka,7
2023-09-06,Japan,Ōta,2
2023-02-24,Japan,Kanazawa,1
2023-05-01,Japan,Okayama,1
2023-09-05,Japan,Shirakawa Village,1
2023-05-18,Japan,Fujikawaguchiko,1
2023-11-07,Japan,Kyoto,10
2023-02-20,Japan,Hokuto,1
2023-01-27,Japan,Kyoto,5
2023-06-10,Japan,Kōtō,1
2023-01-26,Japan,Osaka,7
2023-06-25,Japan,Narita,1
2023-05-17,Japan,Ōta,1
2023-09-08,Japan,Utsunomiya,1
2023-09-07,Japan,Edogawa,1
2023-09-07,Japan,Wakayama,1
2023-07-30,Japan,Yokohama,1
2023-10-23,Japan,Tokoname,1
2023-03-23,Japan,Kumamoto,1
2023-02-16,Japan,Taitō,5
2023-02-15,Japan,Edogawa,1
2023-08-23,Japan,Osaka,10
2023-03-11,Japan,Sapporo,1
2023-07-15,Japan,Chūō,1
2023-02-18,Japan,Hakodate,1
2023-07-01,Japan,Bunkyō,1
2023-06-08,Japan,Kyoto,2
2023-07-23,Japan,Chiyoda,1
2023-02-25,Japan,Tottori,1
2023-01-04,Japan,Fukuoka,2
2023-10-31,Japan,Fukuoka,2
2023-10-31,Japan,Sapporo,3
2023-03-21,Japan,Aomori,1
2023-06-04,Japan,Kanazawa,1
2023-06-18,Japan,Nakatsu,1
2023-06-18,Japan,Fukuoka,2
2023-07-10,Japan,Kyoto,1
2023-07-25,Japan,Kyoto,2
2023-08-31,Japan,Kanazawa,1
2023-08-31,Japan,Minato,1
2023-10-17,Japan,Odawara,1
2023-08-01,Japan,Chiyoda,1
2023-03-18,Japan,Shinjuku,1
2023-03-18,Japan,Edogawa,2
2023-08-15,Japan,Shibuya,1
2023-07-08,Japan,Fukuoka,1
2023-03-03,Japan,Kumamoto,1
2023-04-10,Japan,Bunkyō,1
2023-04-10,Japan,Kawasaki,1
2023-04-24,Japan,Kanazawa,2
2023-04-24,Japan,Chūō,3
2023-11-10,Japan,Taitō,8
2023-10-04,Japan,Kanazawa,1
2023-08-14,Japan,Chiyoda,1
2023-08-14,Japan,Izumisano,1
2023-08-14,Japan,Fukuoka,1
2023-03-02,Japan,Bunkyō,1
2023-11-11,Japan,Nagoya,2
2023-09-24,Japan,Sumida,2
2023-09-24,Japan,Arakawa,1
2023-09-24,Japan,Chiyoda,2
2023-03-05,Japan,Chūō,6
2023-03-19,Japan,Tendo,1
2023-09-23,Japan,Toshima,1
2023-08-11,Japan,Kyoto,9
2023-04-20,Japan,Chiyoda,2
2023-03-28,Japan,Osaka,13
2023-02-06,Japan,Shinagawa,2
2023-10-28,Japan,Nagano,1
2023-10-28,Japan,Fujikawaguchiko,1
2023-10-14,Japan,Chiyoda,3
2023-10-14,Japan,Okayama,1
2023-10-11,Japan,Takayama,2
2023-10-26,Japan,Minato,2
2023-10-26,Japan,Nagano,2
2023-10-26,Japan,Fukuoka,1
2023-07-19,Japan,Matsumoto,1
2023-04-05,Japan,Edogawa,2
2023-09-02,Japan,Okayama,2
2023-04-19,Japan,Taitō,3
2023-05-26,Japan,Fukuoka,1
2023-05-11,Japan,Shinagawa,1
2023-05-25,Japan,Kyoto,6
2023-09-01,Japan,Shinjuku,1
2023-04-04,Japan,Shinjuku,6
2023-04-04,Japan,Sapporo,2
2023-04-04,Japan,Toshima,1
2023-01-20,Japan,Itabashi,1
2023-11-16,Japan,Kobe,1
2023-11-05,Japan,Kyoto,4
2023-11-02,Japan,Nagoya,6
2023-11-02,Japan,Bunkyō,2
2023-11-03,Japan,Fujikawaguchiko,2
2023-01-23,Japan,Minato,3
2023-09-03,Japan,Fujikawaguchiko,3
2023-05-12,Japan,Fujikawaguchiko,1
2023-04-15,Japan,Minato,1
2023-04-29,Japan,Yokohama,1
2023-03-08,Japan,Chiyoda,4
2023-11-01,Japan,Taitō,10
2023-09-26,Japan,Shibuya,1
2023-09-26,Japan,Fujikawaguchiko,2
2023-08-05,Japan,Osaka,1
2023-09-11,Japan,Bunkyō,1
2023-03-07,Japan,Kanazawa,2
2023-08-18,Japan,Chiyoda,1
2023-04-13,Japan,Osaka,4
2023-10-09,Japan,Shibuya,2
2023-09-28,Japan,Yokkaichi,1
2023-10-06,Japan,Fujisawa,1
2023-05-24,Japan,Sapporo,1
2023-04-16,Japan,Ōta,2
2023-06-13,Japan,Shinjuku,5
2023-11-12,Japan,Niseko,1
2023-08-06,Japan,Beppu,1
2023-05-22,Japan,Nagoya,1
2023-01-18,Japan,Sendai,1
2023-01-18,Japan,Toshima,1
2023-01-29,Japan,Nikkō,1
2023-01-29,Japan,Osaka,7
2023-05-05,Japan,Toshima,1
2023-01-14,Japan,Chūō,4
2023-01-17,Japan,Chūō,5
2023-06-15,Japan,Hamura,1
2023-04-09,Japan,Fukuoka,2
2023-05-02,Japan,Izumisano,1
2023-05-07,Japan,Chūō,2
2023-03-30,Japan,Nagano,1
2023-11-09,Japan,Fujikawaguchiko,1
2023-05-29,Japan,Osaka,5
2023-01-28,Japan,Yamagata,1
2023-09-08,Japan,Aomori,1
2023-05-18,Japan,Ōta,3
2023-06-22,Japan,Nagoya,1
2023-11-07,Japan,Minato,2
2023-05-17,Japan,Narita,2
2023-09-08,Japan,Sumida,1
2023-01-26,Japan,Ōta,1
2023-04-30,Japan,Chūō,2
2023-04-30,Japan,Taitō,1
2023-01-09,Japan,Minato,1
2023-02-01,Japan,Chiba,1
2023-03-26,Japan,Hachiōji,1
2023-03-26,Japan,Utsunomiya,1
2023-07-16,Japan,Ōta,1
2023-10-21,Japan,Narita,1
2023-03-10,Japan,Fukuoka,2
2023-03-10,Japan,Kanazawa,2
2023-02-03,Japan,Fujikawaguchiko,1
2023-01-06,Japan,Sapporo,1
2023-02-27,Japan,Sendai,1
2023-02-12,Japan,Edogawa,7
2023-06-17,Japan,Taitō,15
2023-01-05,Japan,Minato,1
2023-08-30,Japan,Ōta,1
2023-08-30,Japan,Fujikawaguchiko,1
2023-07-23,Japan,Minato,2
2023-01-19,Japan,Fukuoka,2
2023-06-16,Japan,Shinjuku,2
2023-02-11,Japan,Chūō,3
2023-02-14,Japan,Sumida,1
2023-02-13,Japan,Takayama,2
2023-04-25,Japan,Shinjuku,1
2023-08-01,Japan,Kagoshima,1
2023-09-22,Japan,Hakone,1
2023-03-18,Japan,Chiyoda,3
2023-08-15,Japan,Osaka,8
2023-05-31,Japan,Narita,5
2023-07-08,Japan,Tokushima,1
2023-09-21,Japan,Chitose,1
2023-09-21,Japan,Yokohama,1
2023-10-04,Japan,Fujikawaguchiko,1
2023-10-18,Japan,Beppu,1
2023-05-30,Japan,Nagoya,1
2023-07-07,Japan,Shibuya,1
2023-09-10,Japan,Nara,1
2023-04-23,Japan,Kanazawa,2
2023-10-29,Japan,Osaka,16
2023-04-27,Japan,Narita,2
2023-10-15,Japan,Hakodate,1
2023-10-01,Japan,Bunkyō,2
2023-09-24,Japan,Kyoto,12
2023-04-12,Japan,Chiyoda,3
2023-10-02,Japan,Sapporo,1
2023-09-23,Japan,Taitō,8
2023-09-23,Japan,Sumida,2
2023-10-13,Japan,Chiyoda,3
2023-08-11,Japan,Sumida,1
2023-03-28,Japan,Kyoto,1
2023-07-18,Japan,Osaka,1
2023-02-06,Japan,Bunkyō,1
2023-03-13,Japan,Edogawa,3
2023-11-21,Japan,Kōtō,1
2023-10-25,Japan,Toshima,2
2023-10-25,Japan,Shinjuku,9
2023-08-13,Japan,Shinjuku,1
2023-10-26,Japan,Chiyoda,2
2023-08-12,Japan,Hakodate,2
2023-03-01,Japan,Itabashi,1
2023-08-26,Japan,Kawasaki,1
2023-04-21,Japan,Chiyoda,2
2023-04-05,Japan,Matsumoto,1
2023-11-04,Japan,Sapporo,3
2023-01-21,Japan,Sapporo,2
2023-08-09,Japan,Taitō,3
2023-01-20,Japan,Takayama,2
2023-04-18,Japan,Shinagawa,1
2023-11-16,Japan,Taitō,7
2023-11-05,Japan,Toshima,1
2023-04-07,Japan,Taitō,4
2023-11-02,Japan,Yawata,1
2023-09-29,Japan,Chiba,1
2023-01-23,Japan,Aomori,1
2023-01-23,Japan,Nagano,1
2023-11-17,Japan,Ueda,1
2023-11-17,Japan,Izumisano,1
2023-11-18,Japan,Akita,1
2023-11-18,Japan,Izumisano,2
2023-05-13,Japan,Kyoto,2
2023-09-03,Japan,Nagoya,1
2023-04-15,Japan,Furano,1
2023-04-06,Japan,Chiyoda,3
2023-04-06,Japan,Kita,1
2023-04-06,Japan,Sapporo,1
2023-03-08,Japan,Chitose,1
2023-09-26,Japan,Karuizawa,1
2023-05-21,Japan,Takayama,1
2023-09-26,Japan,Takayama,1
2023-01-31,Japan,Edogawa,1
2023-03-07,Japan,Gotemba,1
2023-09-25,Japan,Sumida,2
2023-09-25,Japan,Kaizuka,1
2023-09-25,Japan,Fujikawaguchiko,1
2023-11-13,Japan,Tsu,1
2023-11-13,Japan,Narita,2
2023-01-30,Japan,Taitō,4
2023-06-30,Japan,Toshima,1
2023-09-27,Japan,Minato,3
2023-03-09,Japan,Shibuya,1
2023-04-02,Japan,Gifu,1
2023-06-11,Japan,Osaka,4
2023-01-14,Japan,Minato,2
2023-01-02,Japan,Sapporo,2
2023-04-09,Japan,Chiyoda,2
2023-04-09,Japan,Kyoto,1
2023-03-30,Japan,Minato,1
2023-04-08,Japan,Nagano,1
2023-01-25,Japan,Taitō,4
2023-09-06,Japan,Nagoya,1
2023-05-01,Japan,Gifu,1
2023-01-13,Japan,Chūō,1
2023-05-18,Japan,Sapporo,1
2023-06-22,Japan,Kyoto,1
2023-11-06,Japan,Taitō,10
2023-05-03,Japan,Hakodate,1
2023-06-24,Japan,Kyoto,2
2023-09-08,Japan,Taitō,1
2023-09-07,Japan,Niseko,1
2023-11-08,Japan,Kanazawa,2
2023-01-26,Japan,Minato,3
2023-02-17,Japan,Osaka,12
2023-06-07,Japan,Asahikawa,1
2023-06-07,Japan,Fukuoka,1
2023-08-20,Japan,Fukuoka,1
2023-02-16,Japan,Kanazawa,1
2023-10-24,Japan,Kamakura,1
2023-01-09,Japan,Narita,3
2023-07-27,Japan,Kyoto,1
2023-02-15,Japan,Kawasaki,1
2023-10-10,Japan,Arakawa,1
2023-10-10,Japan,Osaka,10
2023-10-10,Japan,Toshima,1
2023-02-19,Japan,Chūō,4
2023-02-04,Japan,Edogawa,1
2023-08-22,Japan,Chūō,2
2023-07-01,Japan,Chūō,3
2023-07-01,Japan,Edogawa,1
2023-10-22,Japan,Chūō,2
2023-02-03,Japan,Chiyoda,1
2023-01-06,Japan,Shinjuku,1
2023-08-30,Japan,Shibuya,2
2023-07-23,Japan,Edogawa,1
2023-07-23,Japan,Sapporo,1
2023-10-20,Japan,Morioka,1
2023-07-12,Japan,Shibuya,1
2023-07-26,Japan,Minato,1
2023-07-10,Japan,Fujikawaguchiko,2
2023-07-10,Japan,Ōta,1
2023-03-04,Japan,Kyoto,14
2023-03-04,Japan,Shinjuku,4
2023-10-03,Japan,Taitō,4
2023-07-08,Japan,Izumisano,1
2023-03-03,Japan,Shibuya,1
2023-04-24,Japan,Chiyoda,2
2023-11-10,Japan,Sapporo,1
2023-09-21,Japan,Chūō,2
2023-03-17,Japan,Nagano,2
2023-05-30,Japan,Hachiōji,1
2023-08-28,Japan,Kōtō,3
2023-10-19,Japan,Narita,4
2023-04-23,Japan,Kōtō,1
2023-11-11,Japan,Taitō,5
2023-11-11,Japan,Toyama,1
2023-10-15,Japan,Adachi,1
2023-10-15,Japan,Bunkyō,1
2023-08-03,Japan,Kagoshima,1
2023-08-17,Japan,Nikkō,1
2023-09-24,Japan,Shinjuku,4
2023-09-24,Japan,Fujikawaguchiko,3
2023-04-12,Japan,Nagoya,4
2023-10-02,Japan,Shinagawa,2
2023-08-02,Japan,Fujikawaguchiko,1
2023-04-11,Japan,Izumisano,1
2023-10-13,Japan,Niseko,1
2023-10-13,Japan,Shibuya,1
2023-02-07,Japan,Shibuya,5
2023-03-28,Japan,Shibuya,2
2023-11-20,Japan,Sumida,1
2023-08-10,Japan,Izumisano,1
2023-07-03,Japan,Minato,2
2023-10-14,Japan,Taitō,2
2023-10-25,Japan,Edogawa,3
2023-08-27,Japan,Shinjuku,5
2023-03-01,Japan,Chiyoda,9
2023-10-26,Japan,Aomori,1
2023-08-12,Japan,Narita,1
2023-08-26,Japan,Fukuoka,1
2023-11-19,Japan,Sapporo,3
2023-04-19,Japan,Matsumoto,1
2023-09-01,Japan,Hakodate,1
2023-09-01,Japan,Shibuya,1
2023-04-04,Japan,Edogawa,3
2023-01-20,Japan,Chiyoda,2
2023-01-20,Japan,Edogawa,2
2023-09-15,Japan,Minato,1
2023-11-05,Japan,Shinjuku,3
2023-04-07,Japan,Beppu,2
2023-08-08,Japan,Bunkyō,1
2023-11-03,Japan,Chiba,2
2023-01-23,Japan,Fukuoka,1
2023-11-18,Japan,Kōtō,2
2023-05-28,Japan,Arakawa,1
2023-09-03,Japan,Osaka,9
2023-09-03,Japan,Sumida,1
2023-05-12,Japan,Chūō,1
2023-05-21,Japan,Shinjuku,4
2023-01-31,Japan,Takayama,1
2023-11-01,Japan,Kawasaki,2
2023-11-01,Japan,Sapporo,4
2023-08-19,Japan,Osaka,6
2023-09-11,Japan,Chiyoda,3
2023-09-12,Japan,Toshima,1
2023-04-13,Japan,Niseko,1
2023-09-25,Japan,Sōka,1
2023-09-25,Japan,Sendai,1
2023-09-25,Japan,Kurashiki,1
2023-10-09,Japan,Chiyoda,3
2023-09-14,Japan,Bunkyō,1
2023-06-13,Japan,Chūō,2
2023-03-09,Japan,Narita,5
2023-03-09,Japan,Niseko,1
2023-03-09,Japan,Yokohama,1
2023-02-22,Japan,Sapporo,3
2023-04-01,Japan,Kaizuka,1
2023-04-01,Japan,Taitō,3
2023-04-01,Japan,Aomori,1
2023-06-01,Japan,Izumisano,1
2023-06-01,Japan,Furano,1
2023-02-10,Japan,Kyoto,2
2023-05-19,Japan,Okayama,1
2023-01-17,Japan,Shibuya,1
2023-06-12,Japan,Narita,1
2023-06-12,Japan,Chiyoda,2
2023-06-12,Japan,Kashiwa,1
2023-06-14,Japan,Shinjuku,2
2023-06-15,Japan,Fujiyoshida,1
2023-02-21,Japan,Chiyoda,2
2023-06-23,Japan,Taitō,4
2023-01-03,Japan,Kōtō,2
2023-06-23,Japan,Katsushika,1
2023-01-24,Japan,Karuizawa,1
2023-05-15,Japan,Taitō,4
2023-01-16,Japan,Toyama,1
2023-05-29,Japan,Taitō,7
2023-05-15,Japan,Shibuya,1
2023-09-06,Japan,Fukuoka,1
2023-09-06,Japan,Izumisano,1
2023-11-07,Japan,Otaru,1
2023-11-06,Japan,Hakodate,1
2023-01-27,Japan,Minato,1
2023-01-27,Japan,Shinagawa,1
2023-06-10,Japan,Yokohama,1
2023-01-12,Japan,Monbetsu,1
2023-07-14,Japan,Chiyoda,1
2023-06-07,Japan,Taitō,3
2023-02-02,Japan,Sapporo,2
2023-02-02,Japan,Chūō,3
2023-10-24,Japan,Niigata,1
2023-01-09,Japan,Yamanakako,1
2023-03-22,Japan,Chiyoda,2
2023-07-27,Japan,Sapporo,3
2023-02-15,Japan,Fukuoka,1
2023-10-10,Japan,Shinagawa,1
2023-02-19,Japan,Taitō,11
2023-10-21,Japan,Sapporo,2
2023-07-01,Japan,Fujikawaguchiko,1
2023-03-24,Japan,Shinjuku,3
2023-03-24,Japan,Yuzawa,1
2023-07-24,Japan,Osaka,3
2023-06-17,Japan,Chūō,5
2023-06-02,Japan,Furano,1
2023-02-25,Japan,Kanazawa,1
2023-07-12,Japan,Nagoya,2
2023-01-04,Japan,Edogawa,1
2023-03-21,Japan,Chūō,1
2023-08-31,Japan,Nagano,1
2023-08-01,Japan,Shinjuku,2
2023-08-15,Japan,Mito,1
2023-11-10,Japan,Shinjuku,2
2023-05-30,Japan,Edogawa,2
2023-04-27,Japan,Kobe,1
2023-10-15,Japan,Arakawa,1
2023-11-22,Japan,Fukuoka,1
2023-09-24,Japan,Toyama,1
2023-03-05,Japan,Sapporo,3
2023-03-05,Japan,Kyoto,8
2023-03-05,Japan,Ishigaki,1
2023-04-12,Japan,Osaka,6
2023-10-02,Japan,Matsumoto,2
2023-09-23,Japan,Fukuoka,1
2023-07-04,Japan,Chiyoda,1
2023-03-27,Japan,Nagano,1
2023-08-10,Japan,Aomori,1
2023-10-28,Japan,Hiratsuka,1
2023-09-20,Japan,Nagoya,1
2023-09-30,Japan,Kyoto,3
2023-10-26,Japan,Chūō,5
2023-07-06,Japan,Edogawa,3
2023-03-29,Japan,Ōta,2
2023-08-26,Japan,Minato,5
2023-04-21,Japan,Osaka,3
2023-04-21,Japan,Kyoto,3
2023-07-19,Japan,Fujikawaguchiko,1
2023-11-04,Japan,Yokohama,1
2023-09-02,Japan,Izumisano,2
2023-09-02,Japan,Shinjuku,1
2023-11-19,Japan,Minato,2
2023-09-16,Japan,Osaka,4
2023-09-16,Japan,Taitō,6
2023-08-09,Japan,Shinjuku,5
2023-08-09,Japan,Toyohashi,1
2023-05-25,Japan,Taitō,7
2023-05-25,Japan,Shinjuku,2
2023-01-20,Japan,Narita,1
2023-08-08,Japan,Chiyoda,6
2023-11-03,Japan,Taitō,10
2023-09-18,Japan,Kyoto,3
2023-11-17,Japan,Ōta,1
2023-06-20,Japan,Kyoto,1
2023-09-17,Japan,Minato,2
2023-09-17,Japan,Kita,1
2023-11-14,Japan,Narita,3
2023-04-06,Japan,Hiroshima,1
2023-08-05,Japan,Ikeda,1
2023-04-29,Japan,Naha,1
2023-09-12,Japan,Yokohama,1
2023-09-12,Japan,Izumisano,3
2023-11-15,Japan,Toyama,2
2023-03-07,Japan,Edogawa,7
2023-08-18,Japan,Minato,1
2023-09-25,Japan,Edogawa,1
2023-10-09,Japan,Nagoya,1
2023-10-09,Japan,Okayama,2
2023-10-09,Japan,Fujikawaguchiko,3
2023-09-14,Japan,Chiyoda,3
2023-11-13,Japan,Nagoya,2
2023-08-07,Japan,Osaka,9
2023-04-17,Japan,Sapporo,1
2023-04-17,Japan,Ōta,1
2023-09-14,Japan,Matsumoto,1
2023-05-24,Japan,Chūō,2
2023-06-30,Japan,Edogawa,1
2023-01-01,Japan,Yokohama,1
2023-04-01,Japan,Beppu,2
2023-04-01,Japan,Shinjuku,1
2023-06-27,Japan,Chūō,3
2023-02-21,Japan,Fujikawaguchiko,4
2023-02-21,Japan,Narita,3
2023-06-11,Japan,Kyoto,4
2023-02-10,Japan,Sapporo,1
2023-10-30,Japan,Chūō,5
2023-01-29,Japan,Taitō,5
2023-05-05,Japan,Kyoto,1
2023-01-15,Japan,Chiyoda,2
2023-01-14,Japan,Niseko,1
2023-06-23,Japan,Chūō,2
2023-05-07,Japan,Narita,1
2023-03-30,Japan,Kyoto,3
2023-11-09,Japan,Katsushika,1
2023-01-24,Japan,Shinjuku,1
2023-01-25,Japan,Kyoto,4
2023-01-25,Japan,Chiba,1
2023-09-06,Japan,Meguro,2
2023-02-24,Japan,Ōmuta,1
2023-05-01,Japan,Minato,2
2023-05-04,Japan,Sumida,1
2023-06-24,Japan,Takayama,2
2023-01-27,Japan,Narita,1
2023-01-12,Japan,Minato,2
2023-09-08,Japan,Higashiōsaka,1
2023-09-07,Japan,Nagoya,1
2023-04-30,Japan,Nagoya,1
2023-01-09,Japan,Shibuya,1
2023-03-22,Japan,Fukuoka,1
2023-06-06,Japan,Osaka,8
2023-07-27,Japan,Osaka,5
2023-02-15,Japan,Ōta,1
2023-02-19,Japan,Shinjuku,3
2023-02-04,Japan,Otaru,1
2023-02-04,Japan,Chiyoda,4
2023-06-09,Japan,Osaka,3
2023-02-18,Japan,Sumida,1
2023-06-08,Japan,Nagano,1
2023-03-24,Japan,Kōtō,1
2023-06-03,Japan,Naha,1
2023-06-03,Japan,Kanazawa,2
2023-02-12,Japan,Osaka,11
2023-06-16,Japan,Shibuya,2
2023-05-09,Japan,Shizuoka,1
2023-05-09,Japan,Osaka,6
2023-10-20,Japan,Osaka,4
2023-10-20,Japan,Fujikawaguchiko,3
2023-02-25,Japan,Chūō,1
2023-08-01,Japan,Osaka,1
2023-08-01,Japan,Taitō,2
2023-08-15,Japan,Gotemba,1
2023-04-24,Japan,N/A,1
2023-11-10,Japan,Osaka,13
2023-11-10,Japan,Edogawa,1
2023-09-21,Japan,Narita,3
2023-09-21,Japan,Shinjuku,1
2023-03-17,Japan,Osaka,5
2023-03-02,Japan,Sumida,2
2023-10-19,Japan,Shinjuku,4
2023-04-27,Japan,Chiyoda,1
2023-03-06,Japan,Osaka,17
2023-03-06,Japan,Itabashi,2
2023-03-06,Japan,Ōta,2
2023-09-24,Japan,Fukuoka,1
2023-04-12,Japan,Shinjuku,3
2023-03-28,Japan,Shinjuku,3
2023-07-18,Japan,Narita,1
2023-07-18,Japan,Kyoto,3
2023-07-18,Japan,Nagasaki,1
2023-11-20,Japan,Oyama,1
2023-02-06,Japan,Kutchan,1
2023-07-17,Japan,Toshima,1
2023-03-16,Japan,Edogawa,1
2023-03-16,Japan,Shinjuku,3
2023-10-11,Japan,Kōtō,3
2023-02-09,Japan,Osaka,12
2023-08-27,Japan,Edogawa,2
2023-03-01,Japan,Shinjuku,18
2023-03-01,Japan,Chūō,10
2023-07-06,Japan,Shinjuku,2
2023-08-12,Japan,Katsushika,1
2023-03-01,Japan,Fukuoka,2
2023-11-04,Japan,Hamamatsu,1
2023-09-02,Japan,Taitō,5
2023-11-19,Japan,Narita,1
2023-11-19,Japan,Asahikawa,1
2023-05-26,Japan,Shinagawa,1
2023-05-26,Japan,Narita,1
2023-09-01,Japan,Chūō,4
2023-04-04,Japan,Chiyoda,2
2023-01-20,Japan,Izumisano,1
2023-09-15,Japan,Narita,2
2023-09-15,Japan,Osaka,11
2023-04-18,Japan,Chiyoda,4
2023-11-05,Japan,Takayama,1
2023-04-07,Japan,Minato,1
2023-08-08,Japan,Nagoya,1
2023-08-08,Japan,Narita,2
2023-11-02,Japan,Chiyoda,1
2023-11-02,Japan,Nagano,1
2023-11-02,Japan,Fukuoka,1
2023-11-03,Japan,Nagoya,4
2023-06-20,Japan,Minato,1
2023-06-20,Japan,Taitō,3
2023-01-22,Japan,Amagasaki,2
2023-09-17,Japan,Osaka,2
2023-05-12,Japan,Fujinomiya,1
2023-04-06,Japan,Kyoto,8
2023-03-08,Japan,Matsumoto,1
2023-05-21,Japan,Edogawa,2
2023-05-12,Japan,Narita,1
2023-04-14,Japan,Kagoshima,2
2023-04-28,Japan,Shinjuku,1
2023-03-07,Japan,Matsumoto,1
2023-08-18,Japan,Taitō,1
2023-09-28,Japan,Izumisano,1
2023-08-07,Japan,Funabashi,1
2023-05-24,Japan,Osaka,13
2023-11-01,Japan,Chūō,1
2023-04-03,Japan,Hiroshima,1
2023-10-05,Japan,Minato,3
2023-03-09,Japan,Kobe,2
2023-05-06,Japan,Chiyoda,1
2023-09-13,Japan,Mihara,1
2023-01-18,Japan,Minato,12
2023-06-11,Japan,Kurobe,1
2023-10-30,Japan,Wakayama,1
2023-10-30,Japan,Hiroshima,1
2023-03-31,Japan,Nagoya,1
2023-01-17,Japan,Setagaya,2
2023-01-02,Japan,Kōtō,1
2023-06-14,Japan,Yokohama,1
2023-04-09,Japan,Hiroshima,1
2023-06-26,Japan,Kagoshima,1
2023-06-23,Japan,Osaka,4
2023-03-30,Japan,Nagoya,1
2023-11-09,Japan,Takayama,3
2023-01-24,Japan,Kōtō,2
2023-05-15,Japan,Shinagawa,2
2023-09-09,Japan,Ōta,2
2023-09-09,Japan,Shinjuku,1
2023-05-16,Japan,Shinagawa,1
2023-05-29,Japan,Chatan,1
2023-09-06,Japan,Narita,1
2023-05-01,Japan,Suita,1
2023-01-13,Japan,Katsushika,1
2023-01-28,Japan,Shibuya,3
2023-01-28,Japan,Fukuoka,1
2023-02-20,Japan,Fujikawaguchiko,1
2023-02-20,Japan,Itabashi,1
2023-02-20,Japan,Sapporo,1
2023-06-21,Japan,Nagasaki,2
2023-07-31,Japan,Chūō,6
2023-09-07,Japan,Katsushika,1
2023-09-07,Japan,Chiyoda,3
2023-07-30,Japan,Chiyoda,1
2023-07-14,Japan,Shinagawa,3
2023-02-02,Japan,Minamiuonuma,1
2023-02-02,Japan,Gotemba,2
2023-03-23,Japan,Shibuya,1
2023-02-16,Japan,Chitose,1
2023-01-09,Japan,Chūō,1
2023-02-01,Japan,Edogawa,3
2023-02-15,Japan,Nara,1
2023-02-05,Japan,Tachikawa,1
2023-03-26,Japan,Ōta,1
2023-03-26,Japan,Takayama,3
2023-03-11,Japan,Kyoto,1
2023-02-04,Japan,Hatsukaichi,1
2023-02-18,Japan,Narita,1
2023-10-22,Japan,Chiyoda,2
2023-02-03,Japan,Atami,1
2023-02-27,Japan,Sumida,2
2023-06-17,Japan,Osaka,5
2023-02-25,Japan,Osaka,2
2023-06-05,Japan,Moriguchi,1
2023-07-26,Japan,Hiroshima,1
2023-10-31,Japan,Kōtō,2
2023-02-14,Japan,Fujikawaguchiko,1
2023-06-04,Japan,Edogawa,2
2023-07-11,Japan,Okayama,1
2023-06-18,Japan,Shinjuku,2
2023-02-13,Japan,Fujikawaguchiko,1
2023-02-13,Japan,Edogawa,2
2023-10-03,Japan,Beppu,1
2023-03-04,Japan,Nagano,1
2023-10-03,Japan,Hachinohe,1
2023-03-17,Japan,Kyoto,5
2023-10-18,Japan,Nara,1
2023-10-18,Japan,Chūō,2
2023-05-30,Japan,Yokohama,1
2023-07-07,Japan,Narita,1
2023-07-07,Japan,Kyoto,4
2023-08-14,Japan,Arakawa,1
2023-08-14,Japan,Shinjuku,2
2023-04-23,Japan,Taitō,2
2023-11-11,Japan,Narita,3
2023-03-06,Japan,Nagoya,3
2023-09-23,Japan,Edogawa,1
2023-08-16,Japan,Suita,1
2023-04-11,Japan,Chiyoda,4
2023-08-11,Japan,Ōta,1
2023-08-25,Japan,Fukuoka,1
2023-02-06,Japan,Toshima,1
2023-08-10,Japan,Kyoto,5
2023-10-28,Japan,Chiyoda,2
2023-10-28,Japan,Sapporo,3
2023-08-13,Japan,Suita,2
2023-10-26,Japan,Hakodate,1
2023-10-26,Japan,Itabashi,1
2023-04-22,Japan,Kanazawa,1
2023-07-19,Japan,Fukuoka,2
2023-07-19,Japan,Taitō,2
2023-04-05,Japan,Taitō,2
2023-01-21,Japan,Fujikawaguchiko,1
2023-04-19,Japan,Fukuoka,7
2023-01-20,Japan,Taitō,9
2023-01-20,Japan,Minato,2
2023-09-15,Japan,Taitō,3
2023-11-05,Japan,Kobe,1
2023-04-07,Japan,Chiyoda,3
2023-11-02,Japan,Shibuya,1
2023-11-16,Japan,Utsunomiya,1
2023-05-13,Japan,Taitō,2
2023-09-19,Japan,Shinjuku,5
2023-04-15,Japan,Chiyoda,1
2023-04-15,Japan,Nagoya,4
2023-10-08,Japan,Chiyoda,2
2023-04-14,Japan,Shinjuku,3
2023-11-15,Japan,Shinagawa,1
2023-08-07,Japan,Fujikawaguchiko,1
2023-04-17,Japan,Hakodate,1
2023-04-16,Japan,Edogawa,3
2023-04-03,Japan,Akashi,2
2023-06-30,Japan,Chiyoda,1
2023-10-05,Japan,Osaka,4
2023-10-05,Japan,Hakodate,1
2023-03-09,Japan,Taitō,13
2023-11-13,Japan,Arakawa,1
2023-11-12,Japan,Fukuoka,1
2023-01-01,Japan,Fujikawaguchiko,1
2023-02-22,Japan,Kyoto,5
2023-04-01,Japan,Kobe,1
2023-05-22,Japan,Okayama,1
2023-04-02,Japan,Osaka,6
2023-10-30,Japan,Fuji,1
2023-01-17,Japan,Nakano City,1
2023-01-17,Japan,Toshima,3
2023-06-14,Japan,Izumisano,1
2023-04-09,Japan,Nagoya,1
2023-04-09,Japan,Toshima,1
2023-06-28,Japan,Ōta,1
2023-07-20,Japan,Osaka,5
2023-02-23,Japan,Shinjuku,1
2023-02-23,Japan,Edogawa,1
2023-02-23,Japan,Nagoya,1
2023-05-16,Japan,Izumisano,2
2023-05-29,Japan,Machida,1
2023-09-06,Japan,Shinjuku,2
2023-01-28,Japan,Fujikawaguchiko,1
2023-06-22,Japan,Minato,2
2023-02-20,Japan,Chūō,5
2023-05-04,Japan,Shinjuku,2
2023-11-06,Japan,Ōta,2
2023-01-27,Japan,Itabashi,1
2023-06-10,Japan,Taitō,3
2023-01-12,Japan,Kyoto,3
2023-06-25,Japan,Kobe,1
2023-05-17,Japan,Fujiyoshida,1
2023-05-17,Japan,Taitō,3
2023-09-07,Japan,Chūō,2
2023-05-03,Japan,Osaka,2
2023-05-03,Japan,Shinjuku,4
2023-04-30,Japan,Minato,2
2023-04-30,Japan,Chiyoda,2
2023-10-23,Japan,Shinjuku,1
2023-07-28,Japan,Shinjuku,2
2023-06-06,Japan,Takayama,1
2023-07-27,Japan,Gotemba,1
2023-02-15,Japan,Osaka,12
2023-02-05,Japan,Kōtō,2
2023-03-26,Japan,Fujikawaguchiko,1
2023-03-11,Japan,Ikeda,1
2023-03-11,Japan,Fujikawaguchiko,1
2023-03-25,Japan,Bunkyō,1
2023-02-18,Japan,Nasushiobara,1
2023-07-01,Japan,Shinjuku,6
2023-02-03,Japan,Fukuoka,2
2023-06-03,Japan,Chūō,1
2023-06-17,Japan,Arakawa,1
2023-07-23,Japan,Osaka,5
2023-01-19,Japan,Narita,3
2023-01-19,Japan,Edogawa,2
2023-05-09,Japan,Chūō,1
2023-02-11,Japan,Sapporo,4
2023-02-25,Japan,Fukuoka,1
2023-01-08,Japan,Narita,1
2023-07-26,Japan,Osaka,4
2023-10-31,Japan,Narita,3
2023-03-21,Japan,Kyoto,1
2023-07-11,Japan,Kyoto,2
2023-03-20,Japan,Kyoto,5
2023-08-31,Japan,Taitō,3
2023-10-17,Japan,Tomakomai,1
2023-09-22,Japan,Yokohama,2
2023-10-03,Japan,Toshima,1
2023-03-04,Japan,Izumisano,1
2023-05-31,Japan,Shinjuku,2
2023-11-10,Japan,Kyoto,7
2023-11-10,Japan,Itabashi,1
2023-10-04,Japan,Fuchū,1
2023-05-30,Japan,Shinjuku,4
2023-08-14,Japan,Karuizawa,1
2023-10-29,Japan,Chiba,1
2023-10-29,Japan,Kyoto,10
2023-04-27,Japan,Akashi,1
2023-03-06,Japan,Fujikawaguchiko,1
2023-09-24,Japan,Fuji,1
2023-03-05,Japan,Taitō,6
2023-03-05,Japan,Chiyoda,7
2023-03-19,Japan,Shinjuku,1
2023-09-23,Japan,Sapporo,2
2023-08-16,Japan,Shinjuku,5
2023-10-13,Japan,Toshima,1
2023-07-04,Japan,Minato,1
2023-11-20,Japan,Kusatsu,2
2023-11-20,Japan,Shibuya,2
2023-10-28,Japan,Ikeda,1
2023-07-03,Japan,Edogawa,1
2023-10-28,Japan,Minato,1
2023-03-16,Japan,Yokohama,1
2023-03-16,Japan,Taitō,2
2023-09-30,Japan,Izumisano,1
2023-10-11,Japan,Sapporo,5
2023-08-27,Japan,Taitō,5
2023-08-27,Japan,Meguro,1
2023-03-01,Japan,Narita,7
2023-08-12,Japan,Wakayama,1
2023-04-22,Japan,Chiyoda,2
2023-03-01,Japan,Toshima,2
2023-02-08,Japan,Narita,2
2023-04-05,Japan,Takaishi,1
2023-04-05,Japan,Sodegaura,1
2023-11-04,Japan,Shinagawa,2
2023-11-19,Japan,Yokohama,1
2023-04-19,Japan,Shinagawa,2
2023-05-26,Japan,Nagoya,1
2023-01-20,Japan,Toshima,1
2023-04-18,Japan,Sumida,1
2023-11-05,Japan,Chūō,3
2023-08-08,Japan,Arakawa,2
2023-11-03,Japan,Takayama,2
2023-09-18,Japan,Osaka,9
2023-11-17,Japan,Kyoto,1
2023-11-17,Japan,Shinjuku,2
2023-11-18,Japan,Chiyoda,2
2023-09-17,Japan,Shinjuku,6
2023-05-13,Japan,Osaka,3
2023-09-19,Japan,Chūō,2
2023-09-03,Japan,Edogawa,2
2023-11-14,Japan,Osaka,6
2023-11-14,Japan,Shinjuku,2
2023-04-15,Japan,Edogawa,1
2023-10-07,Japan,Tajiri,1
2023-08-19,Japan,Fukuoka,2
2023-10-08,Japan,Minato,1
2023-10-08,Japan,Taitō,1
2023-09-26,Japan,Nagoya,2
2023-08-05,Japan,Chiyoda,1
2023-04-28,Japan,Kyoto,3
2023-04-28,Japan,Takayama,1
2023-09-12,Japan,Minato,2
2023-03-07,Japan,Hiroshima,1
2023-09-14,Japan,Sumida,1
2023-11-13,Japan,Shinagawa,1
2023-08-07,Japan,Shinjuku,3
2023-08-07,Japan,Toshima,2
2023-08-07,Japan,Sapporo,2
2023-11-01,Japan,Toyama,1
2023-01-30,Japan,Osaka,5
2023-02-22,Japan,Fujikawaguchiko,1
2023-04-01,Japan,Yūki,1
2023-04-02,Japan,Taitō,4
2023-01-18,Japan,Fujikawaguchiko,1
2023-07-22,Japan,Chiyoda,2
2023-01-14,Japan,Taitō,5
2023-01-15,Japan,Narita,2
2023-06-28,Japan,Minato,1
2023-01-03,Japan,Yuzawa,1
2023-01-03,Japan,Ōta,3
2023-01-16,Japan,Minato,1
2023-05-29,Japan,Edogawa,4
2023-09-05,Japan,Nagoya,2
2023-02-24,Japan,Kyoto,1
2023-07-21,Japan,Kōtō,1
2023-09-05,Japan,Hamamatsu,1
2023-01-28,Japan,Noboribetsu,1
2023-11-07,Japan,Chūō,4
2023-02-20,Japan,Ōta,1
2023-02-20,Japan,Tōyako,1
2023-05-03,Japan,Suita,1
2023-06-24,Japan,Shinagawa,1
2023-01-27,Japan,Matsumoto,1
2023-06-25,Japan,Kyoto,3
2023-05-17,Japan,Gifu,1
2023-05-17,Japan,Minato,1
2023-11-08,Japan,Kawasaki,1
2023-02-17,Japan,Kōtō,2
2023-08-21,Japan,Chiyoda,3
2023-08-21,Japan,Naha,1
2023-07-28,Japan,Kyoto,5
2023-08-20,Japan,Osaka,9
2023-01-09,Japan,Shinjuku,4
2023-02-01,Japan,Narita,1
2023-06-06,Japan,Shinjuku,1
2023-02-15,Japan,Kyoto,10
2023-07-16,Japan,Minato,1
2023-06-09,Japan,Sapporo,1
2023-01-06,Japan,Osaka,1
2023-02-27,Japan,Matsumoto,1
2023-02-27,Japan,Shinjuku,1
2023-05-09,Japan,Shibuya,1
2023-02-11,Japan,Chiyoda,5
2023-02-11,Japan,Toyama,2
2023-02-11,Japan,Minato,2
2023-10-20,Japan,Shinjuku,2
2023-01-08,Japan,Taitō,3
2023-07-26,Japan,Nagoya,1
2023-07-26,Japan,Ōta,1
2023-10-31,Japan,Fujikawaguchiko,1
2023-06-04,Japan,Taitō,2
2023-03-20,Japan,Minato,2
2023-02-13,Japan,Yamagata,1
2023-08-01,Japan,Kyoto,4
2023-08-01,Japan,Shinagawa,1
2023-10-03,Japan,Shinjuku,7
2023-10-03,Japan,Nagoya,1
2023-03-03,Japan,Izumisano,3
2023-03-03,Japan,Shinjuku,7
2023-03-17,Japan,Narita,2
2023-03-17,Japan,Kanazawa,1
2023-10-18,Japan,Shinjuku,1
2023-05-30,Japan,Itabashi,1
2023-05-30,Japan,Kyoto,3
2023-07-07,Japan,Arakawa,1
2023-08-28,Japan,Takayama,1
2023-10-19,Japan,Izumisano,1
2023-10-29,Japan,Ōta,2
2023-08-03,Japan,Osaka,8
2023-08-03,Japan,Shibuya,2
2023-08-17,Japan,Nagano,1
2023-11-22,Japan,Narita,1
2023-03-19,Japan,Shinagawa,2
2023-10-02,Japan,Kyoto,4
2023-08-02,Japan,Toyohashi,1
2023-04-11,Japan,Itabashi,1
2023-04-11,Japan,Shinagawa,1
2023-10-13,Japan,Itabashi,4
2023-10-13,Japan,Kōtō,1
2023-08-10,Japan,Takayama,1
2023-10-28,Japan,Ōta,4
2023-10-28,Japan,Osaka,14
2023-10-14,Japan,Kyoto,4
2023-10-14,Japan,Nagoya,2
2023-10-25,Japan,Kōtō,3
2023-10-26,Japan,Kyoto,12
2023-04-22,Japan,Narita,1
2023-03-29,Japan,Kyoto,2
2023-03-29,Japan,Higashiōsaka,2
2023-03-01,Japan,Tokorozawa,1
2023-01-21,Japan,Yokohama,3
2023-11-16,Japan,Toyama,1
2023-09-29,Japan,Kyoto,3
2023-11-02,Japan,Yamanouchi,1
2023-11-02,Japan,Sapporo,1
2023-11-16,Japan,Asahikawa,1
2023-11-03,Japan,Edogawa,1
2023-09-18,Japan,Chūō,5
2023-09-18,Japan,Nagoya,1
2023-06-20,Japan,Shinjuku,1
2023-11-18,Japan,Sumida,2
2023-05-13,Japan,Nagoya,1
2023-09-19,Japan,Osaka,5
2023-05-27,Japan,Kyoto,1
2023-09-03,Japan,Toshima,1
2023-11-14,Japan,Tsu,2
2023-04-15,Japan,Sapporo,1
2023-04-15,Japan,Kōtō,2
2023-03-08,Japan,Chūō,6
2023-05-21,Japan,Sapporo,1
2023-01-31,Japan,Toshima,4
2023-10-08,Japan,Fujikawaguchiko,2
2023-04-14,Japan,Isesaki,1
2023-08-05,Japan,Toshima,1
2023-01-31,Japan,Sapporo,2
2023-09-11,Japan,Shinagawa,1
2023-09-28,Japan,Taitō,10
2023-10-06,Japan,Ōta,2
2023-04-17,Japan,Kanazawa,3
2023-11-01,Japan,Fuji,1
2023-04-03,Japan,Kyoto,4
2023-04-03,Japan,Kanazawa,2
2023-03-09,Japan,Kawasaki,2
2023-03-09,Japan,Kyoto,15
2023-08-06,Japan,Katsushika,1
2023-08-06,Japan,Narita,2
2023-08-06,Japan,Awaji,1
2023-06-01,Japan,Chiyoda,1
2023-06-01,Japan,Hakodate,1
2023-06-01,Japan,Kita,1
2023-06-11,Japan,Shibuya,2
2023-10-30,Japan,Chiyoda,1
2023-07-22,Japan,Shibuya,1
2023-05-19,Japan,Kita,1
2023-05-19,Japan,Fujikawaguchiko,2
2023-01-02,Japan,Narita,3
2023-06-14,Japan,Fukuoka,1
2023-06-28,Japan,Osaka,8
2023-05-02,Japan,Kyoto,4
2023-05-07,Japan,Sapporo,1
2023-05-07,Japan,Minato,1
2023-03-30,Japan,Shinjuku,4
2023-09-09,Japan,Fujikawaguchiko,2
2023-09-09,Japan,Shibuya,3
2023-01-10,Japan,Hakusan,2
2023-01-16,Japan,Chūō,2
2023-01-25,Japan,Sapporo,1
2023-11-07,Japan,Kōtō,2
2023-05-04,Japan,Kyoto,5
2023-05-04,Japan,Shinagawa,1
2023-06-21,Japan,Hakodate,2
2023-01-12,Japan,Chūō,1
2023-09-07,Japan,Toyama,2
2023-09-07,Japan,Naha,1
2023-11-08,Japan,Sapporo,5
2023-08-21,Japan,Matsumoto,1
2023-08-21,Japan,Toshima,2
2023-02-02,Japan,Nagoya,1
2023-08-20,Japan,Taitō,3
2023-08-23,Japan,Kawagoe,1
2023-03-26,Japan,Shinagawa,1
2023-02-04,Japan,Gotemba,1
2023-03-25,Japan,Minato,2
2023-08-22,Japan,Osaka,4
2023-02-03,Japan,Minato,1
2023-02-27,Japan,Osaka,7
2023-02-26,Japan,Fukuoka,1
2023-06-16,Japan,Chiyoda,2
2023-06-16,Japan,Minato,3
2023-02-11,Japan,Edogawa,2
2023-02-11,Japan,Hakone,1
2023-01-08,Japan,Shinjuku,1
2023-01-08,Japan,Toyama,1
2023-10-31,Japan,Takasaki,1
2023-03-20,Japan,Takayama,3
2023-07-10,Japan,Osaka,4
2023-04-25,Japan,Matsumoto,2
2023-10-17,Japan,Taitō,5
2023-10-17,Japan,Fujikawaguchiko,1
2023-11-10,Japan,Chūō,5
2023-08-14,Japan,Narita,1
2023-09-10,Japan,Kyoto,3
2023-09-10,Japan,Nagoya,1
2023-04-23,Japan,Fukuoka,1
2023-04-23,Japan,Minato,1
2023-11-11,Japan,Ōta,2
2023-11-11,Japan,Kanazawa,1
2023-10-15,Japan,Sennan,1
2023-10-15,Japan,Kawaguchi,1
2023-08-17,Japan,Sapporo,2
2023-10-16,Japan,Chiyoda,1
2023-03-05,Japan,Gotemba,4
2023-04-12,Japan,Toyama,4
2023-04-26,Japan,Tendo,1
2023-04-26,Japan,Nagasaki,2
2023-08-16,Japan,Nagoya,1
2023-10-13,Japan,Yamanouchi,1
2023-10-13,Japan,Toyoyama,1
2023-08-11,Japan,Shinagawa,1
2023-08-25,Japan,Kawasaki,2
2023-04-20,Japan,Toyama,1
2023-10-28,Japan,Shinjuku,11
2023-03-12,Japan,Osaka,12
2023-10-25,Japan,Fukuoka,1
2023-09-30,Japan,Edogawa,1
2023-08-13,Japan,Sendai,2
2023-03-15,Japan,Taitō,2
2023-03-15,Japan,Kyoto,3
2023-03-15,Japan,Kumamoto,1
2023-08-12,Japan,Saku,1
2023-03-01,Japan,Izumisano,1
2023-03-01,Japan,Gotemba,1
2023-04-21,Japan,Sapporo,2
2023-04-05,Japan,Nagoya,3
2023-08-09,Japan,Sumida,5
2023-05-11,Japan,Edogawa,2
2023-05-25,Japan,Kanazawa,1
2023-09-01,Japan,Taitō,6
2023-04-04,Japan,Chūō,3
2023-01-20,Japan,Osaka,3
2023-11-16,Japan,Shinjuku,2
2023-05-10,Japan,Narita,1
2023-11-16,Japan,Sapporo,1
2023-05-28,Japan,Osaka,8
2023-05-28,Japan,Chūō,3
2023-11-17,Japan,Chiyoda,1
2023-05-14,Japan,Taitō,3
2023-09-19,Japan,Takayama,1
2023-11-14,Japan,Taitō,5
2023-11-14,Japan,Furano,1
2023-11-14,Japan,Kawasaki,1
2023-09-17,Japan,Hakodate,2
2023-11-01,Japan,Kanazawa,1
2023-09-26,Japan,Kōtō,3
2023-09-26,Japan,Kanazawa,1
2023-09-11,Japan,Taitō,4
2023-09-11,Japan,Shinjuku,1
2023-11-15,Japan,Osaka,14
2023-08-18,Japan,Kanazawa,1
2023-10-09,Japan,Narita,1
2023-11-13,Japan,Hakodate,1
2023-04-03,Japan,Maibara,1
2023-06-30,Japan,Osaka,4
2023-06-30,Japan,Narita,1
2023-10-05,Japan,Shinagawa,1
2023-06-13,Japan,Kumamoto,1
2023-01-01,Japan,Kyoto,1
2023-05-05,Japan,Nagoya,1
2023-02-21,Japan,Taitō,6
2023-06-01,Japan,Shibuya,2
2023-06-11,Japan,Narita,2
2023-05-08,Japan,Minato,1
2023-01-14,Japan,Sapporo,2
2023-06-12,Japan,Edogawa,1
2023-06-14,Japan,Taitō,1
2023-06-15,Japan,Narita,2
2023-06-23,Japan,Sapporo,4
2023-11-09,Japan,Shinjuku,5
2023-01-24,Japan,Matsumoto,2
2023-09-06,Japan,Kagoshima,1
2023-07-21,Japan,Taitō,3
2023-11-07,Japan,Nagoya,3
2023-06-24,Japan,Osaka,1
2023-07-31,Japan,Kyoto,3
2023-11-08,Japan,Chiyoda,3
2023-10-23,Japan,Sapporo,3
2023-07-13,Japan,Shinjuku,1
2023-03-22,Japan,Bunkyō,1
2023-02-05,Japan,Chiyoda,3
2023-02-05,Japan,Izumisano,1
2023-02-05,Japan,Taitō,4
2023-02-19,Japan,Tajiri,1
2023-02-04,Japan,Shinjuku,2
2023-02-04,Japan,Sumida,2
2023-06-09,Japan,Bunkyō,1
2023-07-15,Japan,Nagoya,1
2023-02-18,Japan,Gotemba,1
2023-10-22,Japan,Kashiwa,1
2023-07-29,Japan,Taitō,1
2023-07-29,Japan,Osaka,3
2023-03-10,Japan,Sendai,1
2023-02-03,Japan,Shibuya,3
2023-01-05,Japan,Shinjuku,3
2023-06-16,Japan,Ōta,1
2023-06-05,Japan,Toshima,2
2023-01-08,Japan,Minato,1
2023-01-08,Japan,Chiyoda,1
2023-06-19,Japan,Shinjuku,2
2023-02-14,Japan,Nagoya,2
2023-10-31,Japan,Shinjuku,1
2023-06-04,Japan,Chūō,3
2023-03-20,Japan,Gotemba,1
2023-07-10,Japan,Edogawa,1
2023-02-13,Japan,Osaka,9
2023-02-13,Japan,Sapporo,2
2023-03-04,Japan,Hiroshima,1
2023-08-15,Japan,Chiyoda,4
2023-05-31,Japan,Itabashi,2
2023-03-03,Japan,Narita,2
2023-05-31,Japan,Sumida,1
2023-04-10,Japan,Osaka,7
2023-04-24,Japan,Sumida,1
2023-05-30,Japan,Chiyoda,2
2023-05-30,Japan,Shibuya,2
2023-05-30,Japan,Ōta,1
2023-04-27,Japan,Suginami,1
2023-03-06,Japan,Shibuya,3
2023-10-01,Japan,Chiba,1
2023-10-02,Japan,Adachi,1
2023-09-23,Japan,N/A,1
2023-10-27,Japan,Osaka,20
2023-10-27,Japan,Shinagawa,2
2023-10-13,Japan,Sumida,1
2023-07-04,Japan,Osaka,4
2023-04-20,Japan,Kawasaki,2
2023-11-20,Japan,Kanazawa,1
2023-07-17,Japan,Chūō,2
2023-09-30,Japan,Fujikawaguchiko,2
2023-10-11,Japan,Toshima,1
2023-02-09,Japan,Kawasaki,1
2023-08-27,Japan,Fujikawaguchiko,2
2023-10-26,Japan,Kobe,1
2023-07-06,Japan,Kyoto,2
2023-02-08,Japan,Kanazawa,2
2023-02-08,Japan,Chiyoda,5
2023-07-05,Japan,Shinagawa,1
2023-11-04,Japan,Kita,1
2023-09-02,Japan,Ōta,1
2023-11-19,Japan,Osaka,9
2023-11-19,Japan,Toshima,1
2023-04-19,Japan,Nagoya,1
2023-08-09,Japan,Narita,2
2023-04-04,Japan,Narita,2
2023-04-18,Japan,Taitō,5
2023-11-05,Japan,Ōta,3
2023-05-28,Japan,Shinjuku,3
2023-09-04,Japan,Kōtō,1
2023-11-17,Japan,Taitō,4
2023-09-17,Japan,Kyoto,6
2023-09-03,Japan,Yokohama,1
2023-04-15,Japan,Fujikawaguchiko,2
2023-04-29,Japan,Matsumoto,1
2023-03-08,Japan,Sapporo,2
2023-01-31,Japan,Minato,1
2023-09-11,Japan,Ōta,1
2023-08-04,Japan,Takasaki,1
2023-09-25,Japan,Aomori,1
2023-10-09,Japan,Taitō,3
2023-11-13,Japan,Chūō,2
2023-09-14,Japan,Sapporo,1
2023-01-30,Japan,Kōtō,3
2023-04-03,Japan,Minato,3
2023-05-06,Japan,Kumamoto,1
2023-06-26,Japan,Fujiyoshida,1
2023-02-10,Japan,Shinagawa,2
2023-01-29,Japan,Nagoya,2
2023-06-14,Japan,Otaru,1
2023-06-15,Japan,Sapporo,1
2023-04-09,Japan,Osaka,6
2023-06-28,Japan,Narita,1
2023-02-23,Japan,Osaka,9
2023-02-23,Japan,Minato,1
2023-04-08,Japan,Chūō,1
2023-11-09,Japan,Bunkyō,1
2023-01-24,Japan,Chūō,2
2023-01-24,Japan,Kanazawa,2
2023-05-15,Japan,Nara,1
2023-05-15,Japan,Edogawa,2
2023-09-09,Japan,Chiba,1
2023-09-09,Japan,Minato,2
2023-01-10,Japan,Kanazawa,1
2023-05-15,Japan,Kawasaki,1
2023-01-25,Japan,Toyama,1
2023-09-06,Japan,Kyoto,3
2023-02-24,Japan,Narita,2
2023-05-01,Japan,Chiyoda,7
2023-05-01,Japan,Osaka,10
2023-09-05,Japan,Shinjuku,3
2023-09-05,Japan,Shizuoka,1
2023-01-13,Japan,Sumida,1
2023-06-21,Japan,Edogawa,2
2023-01-27,Japan,Fujikawaguchiko,3
2023-07-31,Japan,Minato,1
2023-11-08,Japan,Izumisano,1
2023-11-08,Japan,Fujiyoshida,1
2023-02-17,Japan,Sumida,2
2023-06-07,Japan,Chūō,2
2023-10-24,Japan,Sapporo,3
2023-10-24,Japan,Takasaki,1
2023-10-10,Japan,Chūō,2
2023-02-05,Japan,Yokohama,1
2023-02-04,Japan,Shinagawa,1
2023-03-10,Japan,Sumida,1
2023-03-24,Japan,Nikkō,1
2023-02-03,Japan,Taitō,3
2023-07-24,Japan,Hakodate,1
2023-02-12,Japan,Takayama,3
2023-01-05,Japan,Minamiuonuma,1
2023-02-26,Japan,Kōtō,1
2023-01-19,Japan,Minato,1
2023-06-02,Japan,Edogawa,1
2023-06-16,Japan,Chūō,3
2023-01-08,Japan,Kyoto,4
2023-07-26,Japan,Chūō,3
2023-07-26,Japan,Mihara,1
2023-10-31,Japan,Shibuya,1
2023-03-21,Japan,Ōta,1
2023-03-20,Japan,Osaka,3
2023-03-20,Japan,Asahi,1
2023-06-18,Japan,Osaka,4
2023-07-25,Japan,Kanazawa,1
2023-08-31,Japan,Fukuoka,1
2023-10-17,Japan,Sumida,2
2023-09-22,Japan,Nikkō,1
2023-09-22,Japan,Sapporo,2
2023-10-03,Japan,Kyoto,6
2023-08-15,Japan,Hiroshima,1
2023-05-31,Japan,Taitō,5
2023-10-04,Japan,Sapporo,1
2023-10-04,Japan,Shibuya,2
2023-10-04,Japan,Shinagawa,2
2023-10-04,Japan,Kitakyūshū,1
2023-10-18,Japan,Shibuya,1
2023-05-30,Japan,Izumisano,1
2023-09-10,Japan,Shibuya,1
2023-10-15,Japan,Fujikawaguchiko,3
2023-08-17,Japan,Hiroshima,1
2023-11-22,Japan,Osaka,1
2023-09-24,Japan,Ōta,1
2023-09-24,Japan,Kanazawa,1
2023-10-16,Japan,Hiroshima,1
2023-03-05,Japan,Arakawa,1
2023-04-12,Japan,Minato,1
2023-04-12,Japan,Taitō,2
2023-04-26,Japan,Saitama,2
2023-09-23,Japan,Ōta,1
2023-07-09,Japan,Kanazawa,1
2023-10-14,Japan,Ōta,1
2023-08-24,Japan,Bunkyō,1
2023-03-12,Japan,Yokohama,1
2023-11-21,Japan,Fujikawaguchiko,2
2023-03-16,Japan,Nagoya,1
2023-03-16,Japan,Wakayama,1
2023-10-25,Japan,Bunkyō,1
2023-09-20,Japan,Itabashi,1
2023-09-30,Japan,Shinjuku,3
2023-08-27,Japan,Chūō,1
2023-08-27,Japan,Sapporo,1
2023-08-12,Japan,Kyoto,3
2023-03-29,Japan,Chūō,2
2023-03-01,Japan,Beppu,1
2023-07-19,Japan,Sapporo,9
2023-07-19,Japan,Narita,2
2023-11-04,Japan,Narita,3
2023-11-04,Japan,Gotemba,1
2023-09-02,Japan,Narita,1
2023-01-21,Japan,Hakodate,1
2023-04-19,Japan,Chiyoda,2
2023-11-16,Japan,Osaka,7
2023-08-08,Japan,Itabashi,2
2023-11-16,Japan,Yokohama,1
2023-09-18,Japan,Ōita,1
2023-01-23,Japan,Kita,1
2023-11-17,Japan,Sapporo,1
2023-09-17,Japan,Fukuoka,2
2023-05-28,Japan,Taitō,2
2023-05-14,Japan,Shinjuku,1
2023-09-19,Japan,Ōta,2
2023-05-12,Japan,Edogawa,1
2023-11-14,Japan,Hakuba,1
2023-09-26,Japan,Kyoto,5
2023-11-01,Japan,Hiroshima,2
2023-08-05,Japan,Taitō,1
2023-09-11,Japan,Nikkō,1
2023-11-15,Japan,Hakone,2
2023-03-07,Japan,Fujikawaguchiko,5
2023-10-09,Japan,Shinjuku,1
2023-09-14,Japan,Narita,2
2023-10-06,Japan,Shinjuku,1
2023-04-17,Japan,Kōtō,1
2023-05-24,Japan,Shibuya,1
2023-03-09,Japan,Minato,1
2023-02-22,Japan,Shibuya,3
2023-05-06,Japan,Taitō,1
2023-06-27,Japan,Kyoto,2
2023-06-26,Japan,Osaka,2
2023-02-10,Japan,Kōtō,2
2023-06-29,Japan,Osaka,3
2023-05-08,Japan,Osaka,3
2023-01-14,Japan,Asahikawa,1
2023-06-14,Japan,Narita,1
2023-05-02,Japan,Shinjuku,4
2023-07-20,Japan,Kyoto,4
2023-07-20,Japan,Shibuya,1
2023-01-03,Japan,Yokohama,2
2023-04-08,Japan,Taitō,2
2023-09-09,Japan,Kita,1
2023-09-09,Japan,Fuchū,1
2023-01-10,Japan,Minato,1
2023-05-01,Japan,N/A,3
2023-01-28,Japan,Tajiri,1
2023-01-28,Japan,Kyoto,4
2023-09-08,Japan,Osaka,4
2023-06-22,Japan,Okayama,1
2023-11-07,Japan,Edogawa,2
2023-11-07,Japan,Hamamatsu,1
2023-07-31,Japan,Chiyoda,2
2023-11-08,Japan,Shibuya,2
2023-11-08,Japan,Fujikawaguchiko,2
2023-02-17,Japan,Shibuya,2
2023-08-21,Japan,Shinjuku,1
2023-07-14,Japan,Kyoto,1
2023-07-13,Japan,Aomori,1
2023-02-01,Japan,Chiyoda,5
2023-03-22,Japan,Toshima,1
2023-10-10,Japan,Chiyoda,4
2023-10-10,Japan,Fujikawaguchiko,1
2023-02-05,Japan,Nagoya,1
2023-02-19,Japan,Fujikawaguchiko,1
2023-02-04,Japan,Shibuya,2
2023-07-15,Japan,Shimukappu,3
2023-02-18,Japan,Fukuoka,4
2023-10-22,Japan,Kyoto,7
2023-10-22,Japan,Bunkyō,1
2023-10-22,Japan,Sapporo,1
2023-03-10,Japan,Chiyoda,7
2023-03-10,Japan,Gotemba,1
2023-03-24,Japan,Hitachinaka,1
2023-02-03,Japan,Hakone,1
2023-02-12,Japan,Chiba,1
2023-06-17,Japan,Sapporo,2
2023-10-20,Japan,Yamagata,3
2023-06-19,Japan,Kyoto,1
2023-07-11,Japan,Narita,1
2023-03-20,Japan,Chiyoda,4
2023-04-25,Japan,Osaka,5
2023-04-25,Japan,Chūō,1
2023-08-01,Japan,Sapporo,2
2023-09-22,Japan,Takayama,1
2023-03-04,Japan,Shibuya,2
2023-10-03,Japan,Narita,1
2023-03-18,Japan,Kyoto,3
2023-03-18,Japan,Suwa,3
2023-08-29,Japan,Nagoya,2
2023-05-31,Japan,Kyoto,6
2023-03-03,Japan,Chiyoda,3
2023-05-31,Japan,Minato,3
2023-03-03,Japan,Isesaki,1
2023-03-02,Japan,Gotemba,1
2023-04-23,Japan,Fujiyoshida,1
2023-10-29,Japan,Takayama,1
2023-10-29,Japan,Fujikawaguchiko,2
2023-04-27,Japan,Chūō,3
2023-03-06,Japan,Kanazawa,2
2023-09-10,Japan,Gotemba,1
2023-10-15,Japan,Kita,1
2023-08-03,Japan,Izumisano,1
2023-08-03,Japan,Fukuoka,1
2023-03-19,Japan,Niigata,1
2023-10-27,Japan,Kobe,1
2023-10-27,Japan,Fukuoka,1
2023-08-11,Japan,Takayama,1
2023-07-04,Japan,Shinjuku,1
2023-08-25,Japan,Itabashi,1
2023-07-03,Japan,Shinjuku,4
2023-07-17,Japan,Kyoto,2
2023-11-21,Japan,Narita,1
2023-09-20,Japan,Sapporo,1
2023-09-30,Japan,Narita,4
2023-08-27,Japan,Fuchū,1
2023-08-13,Japan,Kyoto,4
2023-03-01,Japan,Minato,5
2023-08-26,Japan,Hakuba,1
2023-10-12,Japan,Shinjuku,2
2023-03-14,Japan,Taitō,1
2023-01-21,Japan,Osaka,4
2023-11-19,Japan,Nara,1
2023-05-25,Japan,Chiyoda,1
2023-01-20,Japan,Shinjuku,5
2023-09-29,Japan,Sōka,1
2023-11-03,Japan,Kushiro City,1
2023-01-23,Japan,Toshima,2
2023-11-17,Japan,Osaka,10
2023-01-22,Japan,Osaka,10
2023-11-14,Japan,Chitose,1
2023-10-07,Japan,Taitō,3
2023-04-14,Japan,Taitō,5
2023-03-08,Japan,Nagoya,1
2023-04-13,Japan,Chiba,1
2023-10-09,Japan,Ōta,1
2023-11-13,Japan,Sapporo,3
2023-11-13,Japan,Tokushima,1
2023-08-07,Japan,Kawagoe,1
2023-04-16,Japan,Shinagawa,1
2023-10-06,Japan,Toyama,1
2023-11-01,Japan,Shibuya,1
2023-04-03,Japan,Izumisano,3
2023-06-13,Japan,Nagoya,1
2023-09-13,Japan,Kobe,1
2023-06-27,Japan,Taitō,1
2023-02-10,Japan,Osaka,6
2023-01-29,Japan,Tōyako,1
2023-07-22,Japan,Taitō,4
2023-01-15,Japan,Bunkyō,1
2023-01-15,Japan,Kōtō,1
2023-04-09,Japan,Izumisano,1
2023-05-02,Japan,Narita,3
2023-11-09,Japan,Machida,2
2023-01-24,Japan,Minato,5
2023-06-10,Japan,Osaka,5
2023-06-24,Japan,Ōta,1
2023-01-12,Japan,Narita,1
2023-05-17,Japan,Ichinomiya,1
2023-05-17,Japan,Takayama,1
2023-07-31,Japan,Fujikawaguchiko,3
2023-09-07,Japan,Aomori,1
2023-07-30,Japan,Chūō,2
2023-11-08,Japan,Chiba,1
2023-02-17,Japan,Chiyoda,11
2023-02-17,Japan,Edogawa,2
2023-04-30,Japan,Fujikawaguchiko,1
2023-03-23,Japan,Fujiyoshida,1
2023-08-20,Japan,Kyoto,1
2023-02-16,Japan,Kyoto,3
2023-10-24,Japan,Kōtō,2
2023-10-24,Japan,Narita,1
2023-10-24,Japan,Hiroshima,1
2023-01-09,Japan,Takayama,1
2023-02-15,Japan,Shibuya,1
2023-02-05,Japan,Edogawa,1
2023-07-02,Japan,Nikkō,1
2023-02-19,Japan,N/A,1
2023-07-16,Japan,Sapporo,1
2023-10-21,Japan,Shinjuku,1
2023-03-25,Japan,Maibara,1
2023-06-09,Japan,Kyoto,2
2023-10-22,Japan,Sumida,1
2023-07-29,Japan,Kyoto,3
2023-06-08,Japan,Shinjuku,1
2023-06-02,Japan,Itabashi,1
2023-06-16,Japan,Kyoto,1
2023-01-04,Japan,Shinagawa,2
2023-02-14,Japan,Minato,3
2023-10-31,Japan,Matsuyama,4
2023-02-28,Japan,Nagano,1
2023-02-28,Japan,Chiyoda,1
2023-06-04,Japan,Kyoto,2
2023-07-10,Japan,Toshima,1
2023-04-25,Japan,Taitō,5
2023-10-17,Japan,Kōtō,1
2023-08-15,Japan,Sapporo,2
2023-05-31,Japan,Edogawa,2
2023-03-03,Japan,Edogawa,5
2023-03-03,Japan,Kawasaki,1
2023-03-03,Japan,Kōtō,2
2023-04-10,Japan,Chiyoda,2
2023-04-10,Japan,Otaru,1
2023-09-10,Japan,Shinjuku,3
2023-04-23,Japan,Chiyoda,1
2023-03-06,Japan,Chūō,10
2023-10-15,Japan,Sumida,1
2023-08-17,Japan,Osaka,7
2023-11-22,Japan,Edogawa,1
2023-09-24,Japan,Taitō,14
2023-08-02,Japan,Minato,1
2023-04-11,Japan,Toyama,1
2023-04-11,Japan,Fukuoka,2
2023-08-11,Japan,Sapporo,1
2023-11-20,Japan,Kyoto,1
2023-03-27,Japan,Taitō,7
2023-07-03,Japan,Kanazawa,1
2023-10-14,Japan,Toyama,1
2023-08-24,Japan,Shinjuku,2
2023-10-25,Japan,Nagoya,1
2023-10-25,Japan,Takayama,1
2023-09-20,Japan,Kameoka,1
2023-02-09,Japan,Toshima,1
2023-08-27,Japan,Shibuya,1
2023-08-13,Japan,Arakawa,1
2023-08-13,Japan,Aomori,1
2023-10-26,Japan,Shibuya,2
2023-07-06,Japan,Osaka,2
2023-03-15,Japan,Nagoya,2
2023-04-22,Japan,Minato,1
2023-02-08,Japan,Shinjuku,3
2023-08-26,Japan,Kyoto,3
2023-04-21,Japan,Minato,2
2023-04-21,Japan,Matsumoto,1
2023-04-05,Japan,Osaka,11
2023-01-21,Japan,Isesaki,1
2023-08-09,Japan,Chiyoda,2
2023-05-26,Japan,Osaka,3
2023-11-17,Japan,Kaizuka,1
2023-06-20,Japan,Edogawa,1
2023-09-19,Japan,Kobe,1
2023-04-06,Japan,Gotemba,1
2023-10-07,Japan,Chiyoda,1
2023-03-08,Japan,Kyoto,4
2023-09-26,Japan,Fukuyama,1
2023-09-11,Japan,Narita,1
2023-04-28,Japan,Osaka,5
2023-09-12,Japan,Narita,4
2023-09-12,Japan,Edogawa,2
2023-11-15,Japan,Chūō,2
2023-03-07,Japan,Kita,5
2023-09-25,Japan,Shinjuku,2
2023-09-25,Japan,Suginami,1
2023-09-28,Japan,Nagoya,1
2023-11-01,Japan,Fukui,1
2023-11-12,Japan,Saitama,1
2023-01-01,Japan,Chūō,3
2023-05-06,Japan,Minato,1
2023-09-13,Japan,Fujisawa,1
2023-04-02,Japan,Matsumoto,2
2023-05-05,Japan,Taitō,4
2023-06-01,Japan,Bunkyō,1
2023-10-30,Japan,Kyoto,5
2023-01-29,Japan,Sendai,1
2023-07-22,Japan,Osaka,16
2023-05-08,Japan,Sumida,1
2023-01-15,Japan,Fujikawaguchiko,1
2023-01-02,Japan,Nagoya,5
2023-06-12,Japan,Bunkyō,1
2023-05-02,Japan,Fukuoka,1
2023-03-30,Japan,Chiyoda,2
2023-02-23,Japan,Kawasaki,1
2023-01-03,Japan,Nagoya,2
2023-09-09,Japan,Nara,2
2023-01-10,Japan,Toshima,1
2023-01-10,Japan,Shibuya,1
2023-05-16,Japan,Ueda,1
2023-09-05,Japan,Kyoto,1
2023-01-13,Japan,Osaka,2
2023-05-18,Japan,Takayama,1
2023-06-24,Japan,Toshima,1
2023-01-12,Japan,Shinjuku,2
2023-06-25,Japan,Minato,1
2023-09-08,Japan,Isesaki,1
2023-02-02,Japan,Niigata,1
2023-02-02,Japan,Fukuoka,1
2023-01-09,Japan,Nagano,1
2023-07-27,Japan,Kobe,1
2023-08-23,Japan,Shinjuku,1
2023-03-26,Japan,Hakodate,1
2023-02-19,Japan,Ōta,2
2023-02-04,Japan,Sapporo,1
2023-03-25,Japan,Ōta,4
2023-08-22,Japan,Chiyoda,1
2023-02-18,Japan,Shinjuku,7
2023-07-01,Japan,Taitō,1
2023-02-03,Japan,Shinagawa,1
2023-01-06,Japan,Kyoto,5
2023-07-24,Japan,Bunkyō,1
2023-05-09,Japan,Shinjuku,1
2023-02-11,Japan,Kyoto,7
2023-10-20,Japan,Chiyoda,1
2023-10-31,Japan,Kaizuka,1
2023-06-04,Japan,Narita,2
2023-06-04,Japan,Fujikawaguchiko,1
2023-01-07,Japan,Chūō,2
2023-02-13,Japan,Chūō,2
2023-08-31,Japan,Fujikawaguchiko,1
2023-10-17,Japan,Kaizuka,1
2023-10-03,Japan,Minato,2
2023-08-15,Japan,Kyoto,5
2023-08-29,Japan,Kyoto,3
2023-03-03,Japan,Ōta,2
2023-04-10,Japan,Izumisano,1
2023-11-10,Japan,Chitose,2
2023-11-10,Japan,Chiyoda,1
2023-11-10,Japan,Beppu,2
2023-10-19,Japan,Nagoya,2
2023-11-11,Japan,Shinjuku,8
2023-04-27,Japan,Sapporo,1
2023-03-06,Japan,Shinagawa,1
2023-08-17,Japan,Shiki,1
2023-09-24,Japan,Nagoya,1
2023-10-16,Japan,Shibuya,1
2023-04-12,Japan,Beppu,1
2023-08-16,Japan,Chūō,2
2023-08-16,Japan,Komatsu,1
2023-07-09,Japan,Osaka,3
2023-08-25,Japan,Osaka,5
2023-11-20,Japan,Chūō,5
2023-02-06,Japan,Nagano,1
2023-10-28,Japan,Bunkyō,1
2023-03-16,Japan,Chūō,4
2023-09-20,Japan,Chūō,2
2023-09-30,Japan,Shinagawa,2
2023-10-11,Japan,Kanazawa,1
2023-02-09,Japan,Ōita,1
2023-08-13,Japan,Kawasaki,1
2023-07-06,Japan,Chiyoda,4
2023-03-01,Japan,Shinagawa,7
2023-08-26,Japan,Taitō,3
2023-08-26,Japan,Ōta,1
2023-01-21,Japan,Ōta,1
2023-09-16,Japan,Naoshima,1
2023-08-09,Japan,Aso,1
2023-05-10,Japan,Hakodate,1
2023-04-07,Japan,Sapporo,2
2023-11-02,Japan,Minato,2
2023-11-16,Japan,Kusatsu,1
2023-11-03,Japan,Shinjuku,6
2023-11-17,Japan,Kusatsu,2
2023-09-17,Japan,Ōta,1
2023-09-17,Japan,Fujikawaguchiko,2
2023-05-12,Japan,Kyoto,2
2023-11-14,Japan,Chiba,1
2023-11-14,Japan,Sendai,1
2023-10-07,Japan,Fujikawaguchiko,8
2023-04-29,Japan,Kishiwada,1
2023-01-31,Japan,Tamano,1
2023-01-31,Japan,Narita,1
2023-09-11,Japan,Fujikawaguchiko,1
2023-04-28,Japan,Yokohama,1
2023-09-12,Japan,Sapporo,2
2023-03-07,Japan,Niseko,3
2023-03-07,Japan,Nagoya,2
2023-08-18,Japan,Kyoto,3
2023-09-25,Japan,Sapporo,2
2023-09-14,Japan,Osaka,12
2023-11-13,Japan,Fukuoka,1
2023-08-07,Japan,Sumida,1
2023-04-17,Japan,Taitō,2
2023-11-01,Japan,Edogawa,1
2023-01-30,Japan,Shibuya,1
2023-09-27,Japan,Osaka,7
2023-03-09,Japan,Kanazawa,2
2023-01-01,Japan,Narita,3
2023-05-06,Japan,Edogawa,1
2023-09-13,Japan,Izumisano,2
2023-05-22,Japan,Kanazawa,1
2023-04-02,Japan,Shinagawa,1
2023-01-18,Japan,Edogawa,1
2023-10-30,Japan,Karuizawa,2
2023-01-29,Japan,Sapporo,2
2023-05-19,Japan,Narita,2
2023-03-31,Japan,Yokohama,2
2023-01-15,Japan,Taitō,3
2023-01-02,Japan,Chiyoda,3
2023-01-02,Japan,Chitose,1
2023-06-12,Japan,Hiroshima,1
2023-05-02,Japan,Minato,1
2023-05-07,Japan,Bunkyō,1
2023-01-24,Japan,Nagoya,2
2023-01-24,Japan,Taitō,2
2023-05-29,Japan,Toyama,2
2023-01-11,Japan,Osaka,5
2023-05-18,Japan,Kyoto,1
2023-05-03,Japan,Taitō,7
2023-06-24,Japan,Shinjuku,2
2023-06-25,Japan,Shinjuku,1
2023-07-31,Japan,Nikkō,1
2023-07-31,Japan,Shinjuku,3
2023-09-07,Japan,Osaka,7
2023-01-26,Japan,Kanazawa,1
2023-10-04,Macao,Cotai,1
2023-08-25,Macao,Cathedral Parish,1
2023-10-12,Macao,Cotai,2
2023-09-29,Macao,Santo António,2
2023-04-28,Macao,Santo António,1
2023-08-07,Macao,Cathedral Parish,1
2023-04-17,Macao,São Lourenço,1
2023-08-06,Macao,Cotai,2
2023-02-17,Macao,Cotai,1
2023-07-13,Macao,Cotai,3
2023-07-29,Macao,Cotai,1
2023-06-04,Macao,Santo António,1
2023-04-24,Macao,Cotai,2
2023-10-19,Macao,Cotai,1
2023-11-20,Macao,Cathedral Parish,1
2023-04-19,Macao,Cotai,2
2023-10-05,Macao,Cotai,2
2023-04-08,Macao,Cotai,3
2023-05-16,Macao,Cotai,1
2023-05-03,Macao,Nossa Senhora de Fátima,1
2023-02-02,Macao,Cotai,1
2023-04-12,Macao,São Lourenço,1
2023-08-24,Macao,Cotai,1
2023-07-17,Macao,Cotai,2
2023-07-06,Macao,São Lourenço,1
2023-03-01,Macao,Cathedral Parish,2
2023-09-15,Macao,São Lourenço,2
2023-11-03,Macao,Santo António,1
2023-10-09,Macao,Nossa Senhora de Fátima,1
2023-09-28,Macao,Cathedral Parish,2
2023-09-09,Macao,Santo António,1
2023-09-08,Macao,Cathedral Parish,1
2023-07-16,Macao,Cathedral Parish,1
2023-10-21,Macao,São Lourenço,1
2023-06-09,Macao,São Lourenço,1
2023-08-31,Macao,Cotai,1
2023-03-02,Macao,Cotai,4
2023-11-22,Macao,Cotai,1
2023-10-02,Macao,São Lourenço,1
2023-02-07,Macao,São Lourenço,1
2023-02-07,Macao,Cotai,1
2023-09-20,Macao,Cathedral Parish,1
2023-11-04,Macao,Cathedral Parish,2
2023-08-08,Macao,Nossa Senhora de Fátima,1
2023-05-22,Macao,Cathedral Parish,2
2023-05-05,Macao,Cotai,1
2023-07-20,Macao,São Lourenço,1
2023-11-06,Macao,Cotai,1
2023-03-10,Macao,Cathedral Parish,1
2023-07-26,Macao,Cotai,2
2023-06-18,Macao,Cotai,1
2023-11-10,Macao,São Lourenço,2
2023-10-29,Macao,Cotai,2
2023-07-18,Macao,Santo António,1
2023-11-20,Macao,Cotai,1
2023-04-28,Macao,Cotai,2
2023-09-25,Macao,Cotai,2
2023-05-07,Macao,Cathedral Parish,1
2023-05-29,Macao,Cathedral Parish,1
2023-02-20,Macao,Cotai,2
2023-11-06,Macao,Santo António,1
2023-11-10,Macao,São Francisco Xavier,1
2023-10-27,Macao,Cotai,3
2023-02-09,Macao,Cotai,2
2023-11-19,Macao,Cotai,1
2023-04-29,Macao,Cathedral Parish,1
2023-02-04,Macao,Cathedral Parish,1
2023-03-20,Macao,Santo António,1
2023-04-25,Macao,Cotai,1
2023-07-07,Macao,Cotai,4
2023-11-11,Macao,Cotai,1
2023-03-15,Macao,Cathedral Parish,1
2023-09-04,Macao,Cotai,1
2023-04-28,Macao,Cathedral Parish,1
2023-05-02,Macao,Cathedral Parish,2
2023-06-22,Macao,Cotai,1
2023-05-04,Macao,Nossa Senhora do Carmo,1
2023-03-25,Macao,Cotai,1
2023-06-03,Macao,São Lourenço,1
2023-07-08,Macao,Cathedral Parish,1
2023-04-12,Macao,Nossa Senhora do Carmo,2
2023-09-23,Macao,Cotai,1
2023-08-12,Macao,Cotai,1
2023-05-25,Macao,Cotai,2
2023-09-18,Macao,Cotai,4
2023-01-23,Macao,Cathedral Parish,1
2023-05-21,Macao,Cotai,1
2023-11-13,Macao,Cotai,2
2023-04-17,Macao,Cotai,2
2023-05-23,Macao,Cotai,1
2023-06-15,Macao,Cotai,1
2023-05-01,Macao,São Lázaro,1
2023-10-10,Macao,Nossa Senhora do Carmo,1
2023-07-02,Macao,Cathedral Parish,2
2023-07-10,Macao,Cotai,1
2023-10-17,Macao,Nossa Senhora de Fátima,1
2023-04-10,Macao,Cathedral Parish,1
2023-08-25,Macao,Nossa Senhora de Fátima,1
2023-04-05,Macao,Cotai,6
2023-09-25,Macao,Cathedral Parish,1
2023-02-23,Macao,Cathedral Parish,1
2023-05-04,Macao,Cotai,1
2023-02-01,Macao,Cotai,2
2023-03-12,Macao,São Lourenço,1
2023-10-26,Macao,Nossa Senhora do Carmo,1
2023-04-04,Macao,Cathedral Parish,1
2023-09-18,Macao,Cathedral Parish,1
2023-05-12,Macao,São Lázaro,1
2023-08-19,Macao,Cathedral Parish,1
2023-04-13,Macao,Cotai,2
2023-09-14,Macao,Cathedral Parish,1
2023-03-09,Macao,Cathedral Parish,1
2023-02-21,Macao,Cotai,1
2023-03-31,Macao,Cathedral Parish,1
2023-01-03,Macao,Cotai,1
2023-04-08,Macao,Cathedral Parish,1
2023-05-15,Macao,São Lázaro,1
2023-07-31,Macao,Cotai,2
2023-11-10,Macao,Cathedral Parish,1
2023-07-17,Macao,São Lourenço,1
2023-08-07,Macao,Nossa Senhora do Carmo,1
2023-05-05,Macao,Nossa Senhora de Fátima,1
2023-08-23,Macao,Cotai,1
2023-06-17,Macao,Cathedral Parish,1
2023-05-09,Macao,Nossa Senhora de Fátima,1
2023-10-20,Macao,Cotai,1
2023-08-15,Macao,Cathedral Parish,1
2023-03-03,Macao,Cotai,1
2023-10-19,Macao,Santo António,1
2023-10-29,Macao,São Lourenço,1
2023-02-06,Macao,Santo António,1
2023-02-10,Macao,Santo António,1
2023-06-15,Macao,Santo António,2
2023-06-23,Macao,Cathedral Parish,2
2023-01-12,Macao,Cotai,1
2023-05-03,Macao,Cathedral Parish,3
2023-06-16,Macao,Cathedral Parish,1
2023-10-31,Macao,Cotai,3
2023-07-17,Macao,Cathedral Parish,2
2023-08-07,Macao,Cotai,1
2023-05-24,Macao,Cathedral Parish,1
2023-05-02,Macao,São Lourenço,1
2023-05-04,Macao,São Lourenço,1
2023-02-27,Macao,Cotai,1
2023-08-30,Macao,Cathedral Parish,1
2023-04-24,Macao,São Lourenço,2
2023-10-02,Macao,Cotai,2
2023-07-06,Macao,Cotai,1
2023-10-12,Macao,Cathedral Parish,2
2023-04-19,Macao,Santo António,2
2023-04-18,Macao,Nossa Senhora de Fátima,1
2023-09-29,Macao,Cathedral Parish,1
2023-11-18,Macao,Cotai,2
2023-05-13,Macao,Cathedral Parish,1
2023-08-18,Macao,Cotai,1
2023-05-06,Macao,Cathedral Parish,1
2023-04-02,Macao,Cotai,3
2023-11-07,Macao,Cotai,2
2023-06-18,Macao,Cathedral Parish,1
2023-09-22,Macao,Cathedral Parish,1
2023-10-04,Macao,Cathedral Parish,1
2023-07-18,Macao,Cathedral Parish,1
2023-10-14,Macao,Cotai,2
2023-11-02,Macao,Cathedral Parish,3
2023-11-01,Macao,Santo António,1
2023-06-30,Macao,Cathedral Parish,2
2023-10-05,Macao,Cathedral Parish,1
2023-10-30,Macao,Cotai,7
2023-05-08,Macao,Cathedral Parish,1
2023-03-21,Macao,São Lourenço,1
2023-09-24,Macao,Cathedral Parish,1
2023-10-27,Macao,Cathedral Parish,2
2023-08-25,Macao,Nossa Senhora do Carmo,1
2023-03-14,Macao,Cathedral Parish,2
2023-09-26,Macao,Cotai,1
2023-10-09,Macao,Cotai,2
2023-11-12,Macao,Cotai,1
2023-06-29,Macao,Cotai,1
2023-05-19,Macao,Cotai,1
2023-06-24,Macao,Cotai,2
2023-06-04,Macao,São Lourenço,1
2023-04-23,Macao,Cotai,3
2023-04-23,Macao,Cathedral Parish,1
2023-09-02,Macao,São Lázaro,1
2023-11-03,Macao,Cathedral Parish,1
2023-11-03,Macao,São Lázaro,1
2023-05-19,Macao,São Lourenço,1
2023-09-07,Macao,Cotai,4
2023-04-30,Macao,Santo António,2
2023-05-31,Macao,Cotai,1
2023-08-13,Macao,São Lourenço,1
2023-03-01,Macao,Cotai,3
2023-08-04,Macao,Nossa Senhora do Carmo,1
2023-09-06,Macao,São Lourenço,1
2023-05-09,Macao,Cotai,1
2023-01-07,Macao,Cotai,1
2023-04-24,Macao,Cathedral Parish,4
2023-10-13,Macao,Cotai,1
2023-08-27,Macao,Santo António,1
2023-04-21,Macao,Cotai,4
2023-09-16,Macao,Cotai,4
2023-04-07,Macao,Cotai,2
2023-04-15,Macao,Cotai,1
2023-04-14,Macao,Cotai,2
2023-09-12,Macao,Santo António,1
2023-10-09,Macao,Santo António,1
2023-09-08,Macao,Cotai,2
2023-02-04,Macao,São Lourenço,1
2023-10-22,Macao,Cotai,2
2023-06-04,Macao,Cathedral Parish,1
2023-05-26,Macao,Cathedral Parish,1
2023-05-28,Macao,São Francisco Xavier,1
2023-09-11,Macao,Santo António,1
2023-04-03,Macao,Cathedral Parish,1
2023-08-03,Macao,Cotai,1
2023-08-17,Macao,Santo António,1
2023-10-26,Macao,Santo António,2
2023-05-14,Macao,Cathedral Parish,1
2023-04-06,Macao,Cotai,3
2023-11-13,Macao,Cathedral Parish,2
2023-06-23,Macao,São Lázaro,1
2023-09-07,Macao,Nossa Senhora do Carmo,1
2023-07-30,Macao,Santo António,1
2023-04-30,Macao,Cathedral Parish,1
2023-10-19,Macao,São Lourenço,1
2023-03-06,Macao,Santo António,3
2023-04-22,Macao,Santo António,1
2023-11-17,Macao,Cathedral Parish,3
2023-09-17,Macao,Cathedral Parish,1
2023-10-30,Macao,Cathedral Parish,2
2023-05-07,Macao,Cotai,2
2023-05-17,Macao,Cotai,1
2023-10-10,Macao,Cathedral Parish,8
2023-11-22,Macao,Cathedral Parish,1
2023-10-25,Macao,Cathedral Parish,1
2023-05-14,Macao,Cotai,1
2023-09-12,Macao,São Lourenço,1
2023-04-13,Macao,São Lázaro,1
2023-06-08,Macao,Cathedral Parish,1
2023-07-09,Macao,Cotai,2
2023-07-03,Macao,Cathedral Parish,1
2023-07-03,Macao,Cotai,1
2023-10-28,Macao,Nossa Senhora de Fátima,1
2023-04-04,Macao,Cotai,2
2023-05-10,Macao,Cotai,1
2023-08-18,Macao,Nossa Senhora de Fátima,2
2023-03-31,Macao,Cotai,1
2023-03-30,Macao,São Lourenço,1
2023-07-27,Macao,São Lourenço,1
2023-02-28,Macao,Cotai,1
2023-08-09,Macao,Cotai,3
2023-11-15,Macao,Cotai,1
2023-08-04,Macao,São Lourenço,1
2023-05-22,Macao,Cotai,2
2023-06-25,Macao,Cathedral Parish,1
2023-02-12,Macao,Cotai,1
2023-04-20,Macao,São Lourenço,2
2023-08-06,Macao,Cathedral Parish,1
2023-09-05,Macao,Cotai,1
2023-08-20,Macao,Cathedral Parish,1
2023-07-29,Macao,Cathedral Parish,2
2023-06-05,Macao,São Lourenço,1
2023-05-11,Macao,Nossa Senhora do Carmo,1
2023-04-04,Macao,Santo António,1
2023-08-04,Macao,Cotai,2
2023-05-19,Macao,São Lázaro,1
2023-11-09,Macao,Cotai,5
2023-08-20,Macao,Nossa Senhora do Carmo,1
2023-02-16,Macao,Cotai,1
2023-02-01,Macao,Cathedral Parish,1
2023-03-24,Macao,Cotai,1
2023-10-01,Macao,Cotai,2
2023-03-15,Macao,Cotai,1
2023-04-05,Macao,Cathedral Parish,1
2023-05-13,Macao,Nossa Senhora do Carmo,1
2023-08-19,Macao,Santo António,1
2023-09-11,Macao,Cotai,2
2023-09-06,Macao,Santo António,1
2023-07-01,Macao,Cathedral Parish,1
2023-11-11,Macao,Santo António,1
2023-05-12,Macao,São Lourenço,1
2023-08-05,Macao,Santo António,1
2023-04-29,Macao,Cotai,1
2023-11-01,Macao,Cathedral Parish,4
2023-01-30,Macao,Santo António,1
2023-05-08,Macao,São Lourenço,1
2023-06-12,Macao,Santo António,1
2023-03-21,Macao,Santo António,1
2023-08-11,Macao,Cotai,2
2023-04-15,Macao,Cathedral Parish,1
2023-10-05,Macao,Santo António,2
2023-07-16,Macao,Cotai,2
2023-07-08,Macao,São Lázaro,1
2023-04-10,Macao,São Lázaro,1
2023-03-13,Macao,Cotai,1
2023-11-21,Macao,Cathedral Parish,1
2023-08-26,Macao,São Lourenço,3
2023-09-26,Macao,Cathedral Parish,1
2023-04-03,Macao,Cotai,3
2023-09-13,Macao,Cathedral Parish,1
2023-01-14,Macao,Cathedral Parish,1
2023-05-18,Macao,Cotai,1
2023-07-26,Macao,Cathedral Parish,1
2023-09-22,Macao,Cotai,1
2023-03-04,Macao,Cotai,1
2023-05-30,Macao,Cotai,1
2023-09-10,Macao,Cathedral Parish,1
2023-10-25,Macao,Cotai,6
2023-10-25,Macao,São Lourenço,1
2023-08-12,Macao,Cathedral Parish,1
2023-01-22,Macao,São Lourenço,1
2023-11-01,Macao,Cotai,2
2023-07-14,Macao,São Lourenço,1
2023-10-03,Macao,Cotai,1
2023-08-29,Macao,Cotai,2
2023-11-16,Macao,Cotai,1
2023-08-08,Macao,Nossa Senhora do Carmo,1
2023-04-06,Macao,Santo António,1
2023-10-06,Macao,Cotai,2
2023-07-14,Macao,Cotai,1
2023-04-30,Macao,Cotai,1
2023-10-24,Macao,Cotai,2
2023-07-23,Macao,São Lourenço,1
2023-10-28,Macao,Cotai,3
2023-10-11,Macao,Cathedral Parish,1
2023-10-07,Macao,Cotai,2
2023-04-16,Macao,Cotai,2
2023-06-30,Macao,Cotai,1
2023-10-30,Macao,Nossa Senhora do Carmo,1
2023-09-08,Macao,Nossa Senhora do Carmo,1
2023-10-22,Macao,Cathedral Parish,1
2023-06-18,Macao,Santo António,1
2023-05-10,Macao,Cathedral Parish,2
2023-08-05,Macao,Cotai,1
2023-11-12,Macao,São Lourenço,1
2023-10-21,Macao,Cathedral Parish,1
2023-08-01,Macao,Cotai,2
2023-04-12,Macao,Cotai,2
2023-10-02,Macao,Cathedral Parish,1
2023-10-11,Macao,Cotai,1
2023-11-14,Macao,Cotai,2
2023-06-13,Macao,Cotai,1
2023-08-01,Macao,São Lourenço,3
2023-09-24,Macao,Cotai,4
2023-04-11,Macao,Cathedral Parish,1
2023-09-20,Macao,Cotai,3
2023-05-28,Macao,Cotai,1
2023-08-18,Macao,Santo António,1
2023-09-14,Macao,Nossa Senhora do Carmo,1
2023-05-02,Macao,São Francisco Xavier,1
2023-05-01,Macao,Cotai,2
2023-11-06,Macao,Cathedral Parish,1
2023-03-04,Macao,Cathedral Parish,1
2023-05-30,Macao,Nossa Senhora do Carmo,1
2023-08-13,Macao,Cotai,4
2023-04-07,Macao,Cathedral Parish,1
2023-09-19,Macao,Cotai,3
2023-05-01,Macao,Cathedral Parish,2
2023-11-06,Macao,Nossa Senhora do Carmo,1
2023-09-21,Macao,Cotai,4
2023-08-27,Macao,Cotai,3
2023-09-17,Macao,Cotai,2
2023-05-24,Macao,Cotai,2
2023-01-14,Macao,Cotai,1
2023-09-09,Macao,Cathedral Parish,2
2023-06-21,Macao,Cathedral Parish,1
2023-06-08,Macao,Cotai,5
2023-03-18,Macao,Cotai,1
2023-04-10,Macao,Cotai,3
2023-09-10,Macao,Cotai,2
2023-10-29,Macao,São Lázaro,1
2023-04-18,Macao,Cotai,2
2023-11-03,Macao,Cotai,5
2023-09-25,Macao,São Lourenço,1
2023-10-09,Macao,São Lourenço,1
2023-04-16,Macao,Cathedral Parish,1
2023-10-10,Macao,Cotai,7
2023-10-18,Macao,Cathedral Parish,5
2023-04-11,Macao,Cotai,4
2023-08-11,Macao,Cathedral Parish,1
2023-10-26,Macao,Cotai,6
2023-08-26,Macao,Cotai,1
2023-07-19,Macao,Cathedral Parish,1
2023-08-09,Macao,Cathedral Parish,3
2023-05-10,Macao,Nossa Senhora do Carmo,1
2023-05-06,Macao,Cotai,4
2023-03-24,Macao,Cathedral Parish,2
2023-05-09,Macao,Santo António,1
2023-08-28,Macao,Cathedral Parish,1
2023-11-21,Macao,São Lourenço,2
2023-08-27,Macao,Cathedral Parish,3
2023-09-02,Macao,Cotai,1
2023-09-01,Macao,Cotai,4
2023-09-14,Macao,Cotai,4
2023-03-09,Macao,Cotai,1
2023-02-22,Macao,Cotai,1
2023-05-05,Macao,Santo António,2
2023-06-22,Macao,Nossa Senhora do Carmo,1
2023-11-08,Macao,Cotai,4
2023-08-23,Canada,Division No. 11,3
2023-07-16,Canada,Montréal,1
2023-04-25,Canada,Peel,1
2023-11-20,Canada,Montréal,1
2023-08-24,Canada,Columbia-Shuswap,2
2023-08-12,Canada,Division No. 11,1
2023-01-21,Canada,Montréal,1
2023-09-04,Canada,Division No. 3,1
2023-08-05,Canada,Lake Ontario,1
2023-08-18,Canada,Division No. 1,1
2023-09-07,Canada,Division No. 6,1
2023-07-28,Canada,Lake Ontario,1
2023-06-16,Canada,Greater Vancouver,1
2023-05-30,Canada,Lake Ontario,1
2023-08-11,Canada,Division No. 6,2
2023-08-10,Canada,Central Okanagan,1
2023-05-25,Canada,Montréal,1
2023-01-20,Canada,Communauté-Urbaine-de-Québec,1
2023-09-04,Canada,Toronto,3
2023-05-06,Canada,Montréal,3
2023-07-20,Canada,Division No. 6,1
2023-01-10,Canada,Division No. 1,1
2023-01-21,Canada,Division No. 8,1
2023-01-20,Canada,Niagara,1
2023-08-08,Canada,Niagara,1
2023-05-19,Canada,Leeds and Grenville,1
2023-06-26,Canada,Division No. 11,1
2023-05-04,Canada,Lake Ontario,1
2023-02-17,Canada,Division No. 6,1
2023-08-03,Canada,Niagara,1
2023-08-17,Canada,Division No. 6,1
2023-11-16,Canada,Toronto,1
2023-06-20,Canada,York,1
2023-06-27,Canada,Division No. 6,1
2023-02-04,Canada,Division No. 6,1
2023-03-21,Canada,Division No. 6,2
2023-04-21,Canada,Peel,1
2023-04-19,Canada,Simcoe,1
2023-01-13,Canada,Division No. 1,1
2023-09-07,Canada,Communauté-Urbaine-de-l'Outaouais,1
2023-07-02,Canada,Niagara,1
2023-06-04,Canada,Division No. 6,1
2023-08-31,Canada,Communauté-Urbaine-de-l'Outaouais,2
2023-10-27,Canada,Peel,1
2023-07-18,Canada,Division No. 11,1
2023-07-03,Canada,Durham,1
2023-08-26,Canada,Communauté-Urbaine-de-l'Outaouais,1
2023-04-01,Canada,Greater Vancouver,1
2023-09-09,Canada,Communauté-Urbaine-de-l'Outaouais,3
2023-06-22,Canada,Lake Ontario,1
2023-06-25,Canada,Ottawa,1
2023-05-03,Canada,Division No. 11,1
2023-07-28,Canada,Durham,2
2023-07-01,Canada,Division No. 1,1
2023-07-25,Canada,Lake Ontario,2
2023-04-25,Canada,York,1
2023-09-22,Canada,Toronto,1
2023-09-22,Canada,Division No. 15,1
2023-03-02,Canada,Central Okanagan,1
2023-07-04,Canada,York,1
2023-09-29,Canada,Niagara,1
2023-06-13,Canada,Division No. 17,1
2023-05-05,Canada,Niagara,1
2023-05-18,Canada,Division No. 11,2
2023-05-04,Canada,Montréal,1
2023-07-30,Canada,Toronto,1
2023-03-04,Canada,Division No. 11,1
2023-04-27,Canada,Peel,1
2023-04-27,Canada,Prescott and Russell,1
2023-08-09,Canada,Communauté-Urbaine-de-l'Outaouais,1
2023-08-09,Canada,Division No. 6,1
2023-09-15,Canada,Communauté-Urbaine-de-Québec,1
2023-04-29,Canada,Peel,2
2023-08-04,Canada,Division No. 6,2
2023-06-29,Canada,Brant,1
2023-09-06,Canada,Lake Ontario,1
2023-06-21,Canada,Lake Ontario,1
2023-07-29,Canada,Division No. 1,2
2023-06-19,Canada,York,1
2023-07-26,Canada,Algoma,1
2023-07-06,Canada,Cariboo,1
2023-09-01,Canada,York,1
2023-05-10,Canada,Montréal,1
2023-01-23,Canada,Brant,1
2023-08-21,Canada,Thompson-Nicola,1
2023-06-17,Canada,York,1
2023-07-26,Canada,Division No. 11,1
2023-08-02,Canada,Durham,1
2023-09-30,Canada,Toronto,1
2023-02-08,Canada,Greater Vancouver,1
2023-09-15,Canada,Columbia-Shuswap,1
2023-09-03,Canada,Division No. 6,1
2023-08-01,Canada,Durham,1
2023-09-01,Canada,Communauté-Urbaine-de-l'Outaouais,4
2023-08-08,Canada,Division No. 11,1
2023-04-16,Canada,Lake Ontario,1
2023-06-01,Canada,Brant,3
2023-01-25,Canada,York,1
2023-08-23,Canada,Communauté-Urbaine-de-l'Outaouais,1
2023-07-12,Canada,Division No. 6,1
2023-08-14,Canada,Squamish-Lillooet,1
2023-05-10,Canada,York,1
2023-08-04,Canada,Niagara,1
2023-09-09,Canada,Division No. 3,1
2023-05-16,Canada,Greater Vancouver,3
2023-01-25,Canada,Division No. 2,1
2023-08-30,Canada,Communauté-Urbaine-de-l'Outaouais,3
2023-06-04,Canada,Lake Ontario,1
2023-08-25,Canada,Leeds and Grenville,1
2023-08-27,Canada,Toronto,2
2023-03-01,Canada,Capital,1
2023-09-16,Canada,Division No. 6,1
2023-05-27,Canada,Niagara,2
2023-06-23,Canada,Lake Ontario,1
2023-09-09,Canada,Communauté-Urbaine-de-Québec,1
2023-07-30,Canada,Brant,1
2023-08-20,Canada,Squamish-Lillooet,1
2023-01-04,Canada,Greater Vancouver,1
2023-10-17,Canada,Greater Vancouver,1
2023-08-02,Canada,Division No. 6,1
2023-07-09,Canada,Lake Ontario,1
2023-03-28,Canada,Greater Vancouver,1
2023-08-13,Canada,Division No. 6,1
2023-09-04,Canada,Montréal,1
2023-09-18,Canada,Division No. 6,1
2023-06-07,Canada,Lake Ontario,2
2023-06-03,Canada,Lake Ontario,1
2023-07-12,Canada,Greater Vancouver,1
2023-07-08,Canada,Niagara,1
2023-04-11,Canada,Greater Vancouver,1
2023-03-01,Canada,Greater Vancouver,2
2023-09-03,Canada,Greater Vancouver,1
2023-09-05,Canada,Division No. 11,1
2023-08-03,Canada,Division No. 6,1
2023-08-12,Canada,Division No. 15,1
2023-08-19,Canada,Central Okanagan,1
2023-06-26,Canada,Ottawa,1
2023-01-02,Canada,Communauté-Urbaine-de-Québec,1
2023-07-21,Canada,Niagara,1
2023-07-14,Canada,Cariboo,1
2023-03-01,Canada,Squamish-Lillooet,1
2023-05-14,Canada,Greater Vancouver,1
2023-09-19,Canada,Division No. 6,3
2023-09-03,Canada,Northumberland,1
2023-04-15,Canada,Division No. 8,1
2023-06-14,Canada,Division No. 6,2
2023-06-10,Canada,Toronto,2
2023-03-23,Canada,Division No. 6,1
2023-08-30,Canada,Division No. 11,1
2023-10-04,Canada,Division No. 6,1
2023-09-02,Canada,Division No. 11,2
2023-08-09,Canada,Division No. 15,2
2023-07-22,Canada,Lake Ontario,1
2023-01-11,Canada,Division No. 1,1
2023-05-02,Canada,Division No. 15,1
2023-06-10,Canada,Brant,1
2023-09-08,Canada,Durham,1
2023-07-16,Canada,Cariboo,1
2023-06-09,Canada,Division No. 15,1
2023-04-23,Canada,Essex,1
2023-08-27,Canada,Lake Ontario,1
2023-08-27,Canada,Communauté-Urbaine-de-l'Outaouais,1
2023-08-26,Canada,Durham,1
2023-09-03,Canada,Division No. 11,1
2023-05-18,Canada,Niagara,1
2023-02-26,Canada,Montréal,1
2023-07-26,Canada,Greater Vancouver,1
2023-05-31,Canada,Cariboo,1
2023-09-10,Canada,Leeds and Grenville,2
2023-09-10,Canada,Division No. 11,1
2023-07-05,Canada,Lake Ontario,1
2023-05-10,Canada,Toronto,1
2023-04-07,Canada,Division No. 1,1
2023-09-12,Canada,Communauté-Urbaine-de-l'Outaouais,1
2023-09-13,Canada,Communauté-Urbaine-de-l'Outaouais,1
2023-11-09,Canada,Brant,1
2023-02-01,Canada,Squamish-Lillooet,1
2023-06-05,Canada,Toronto,1
2023-07-17,Canada,Division No. 1,1
2023-09-30,Canada,Niagara,1
2023-04-21,Canada,Greater Vancouver,1
2023-09-02,Canada,Prescott and Russell,2
2023-08-09,Canada,Toronto,1
2023-09-03,Canada,Communauté-Urbaine-de-l'Outaouais,1
2023-01-02,Canada,Greater Vancouver,1
2023-02-01,Canada,Greater Vancouver,2
2023-08-10,Canada,Greater Vancouver,1
2023-08-26,Canada,Montréal,1
2023-05-10,Canada,Lake Ontario,2
2023-06-20,Canada,Lake Ontario,1
2023-09-14,Canada,Lake Ontario,2
2023-06-12,Canada,Division No. 6,2
2023-01-25,Canada,Division No. 6,1
2023-09-08,Canada,Communauté-Urbaine-de-l'Outaouais,3
2023-08-21,Canada,Greater Vancouver,1
2023-03-25,Canada,Division No. 6,2
2023-08-15,Canada,Division No. 11,1
2023-02-07,Canada,Niagara,1
2023-03-28,Canada,Simcoe,1
2023-08-26,Canada,Capital,1
2023-05-21,Canada,Leeds and Grenville,1
2023-08-07,Canada,Squamish-Lillooet,1
2023-03-30,Canada,Toronto,1
2023-07-30,Canada,Division No. 1,1
2023-07-10,Canada,Division No. 11,1
2023-07-25,Canada,Division No. 6,1
2023-05-31,Canada,Brant,1
2023-11-17,Canada,Communauté-Urbaine-de-Québec,1
2023-03-31,Canada,Greater Vancouver,1
2023-05-07,Canada,Montréal,1
2023-05-01,Canada,Lake Ontario,1
2023-08-13,Canada,Lake Ontario,1
2023-05-26,Canada,Niagara,1
2023-09-19,Canada,Division No. 15,1
2023-09-11,Canada,Leeds and Grenville,1
2023-06-27,Canada,Montréal,1
2023-05-15,Canada,Lake Ontario,1
2023-05-03,Canada,Peel,2
2023-06-16,Canada,Durham,1
2023-02-13,Canada,Division No. 15,1
2023-08-29,Canada,Communauté-Urbaine-de-l'Outaouais,2
2023-04-23,Canada,York,1
2023-10-25,Canada,Lake Ontario,1
2023-08-12,Canada,Division No. 6,2
2023-07-05,Canada,Division No. 6,1
2023-08-06,Canada,Toronto,1
2023-07-20,Canada,Lake Ontario,1
2023-09-07,Canada,Durham,1
2023-08-23,Canada,Division No. 6,1
2023-08-22,Canada,Lake Ontario,2
2023-07-29,Canada,Division No. 6,2
2023-07-26,Canada,Montréal,1
2023-08-10,Canada,Durham,1
2023-10-14,Canada,Division No. 15,1
2023-08-12,Canada,Division No. 3,1
2023-07-19,Canada,Division No. 6,1
2023-04-03,Canada,Ottawa,1
2023-05-05,Canada,Greater Vancouver,2
2023-06-21,Canada,Cariboo,1
2023-08-31,Canada,Leeds and Grenville,1
2023-10-26,Canada,Greater Vancouver,1
2023-07-06,Canada,York,1
2023-01-20,Canada,Division No. 1,1
2023-04-16,Canada,Greater Vancouver,1
2023-09-13,Canada,Niagara,1
2023-06-01,Canada,Lake Ontario,1
2023-09-09,Canada,Lake Ontario,1
2023-07-11,Canada,Greater Vancouver,2
2023-07-07,Canada,Lake Ontario,1
2023-08-17,Canada,Division No. 11,1
2023-09-02,Canada,Division No. 8,1
2023-05-11,Canada,Montréal,2
2023-08-07,Canada,Communauté-Urbaine-de-Québec,1
2023-05-06,Canada,Niagara,1
2023-05-05,Canada,Cariboo,1
2023-07-30,Canada,Lake Ontario,2
2023-07-30,Canada,Division No. 6,2
2023-06-08,Canada,Division No. 6,1
2023-07-08,Canada,Lake Ontario,1
2023-09-27,Canada,Greater Vancouver,1
2023-04-01,Canada,Ottawa,1
2023-05-08,Canada,Montréal,1
2023-06-26,Canada,Lake Ontario,2
2023-09-05,Canada,Communauté-Urbaine-de-l'Outaouais,2
2023-01-27,Canada,Division No. 17,1
2023-09-08,Canada,Lake Ontario,1
2023-10-20,Canada,Toronto,1
2023-08-28,Canada,Division No. 11,1
2023-04-21,Canada,Simcoe,1
2023-06-15,Canada,Division No. 6,2
2023-07-01,Canada,Brant,1
2023-06-05,Canada,York,1
2023-05-30,Canada,Leeds and Grenville,1
2023-08-03,Canada,Lake Ontario,1
2023-04-12,Canada,Division No. 7,1
2023-09-04,Canada,Division No. 1,1
2023-05-13,Canada,Division No. 11,1
2023-04-28,Canada,Division No. 6,1
2023-07-14,Canada,Durham,2
2023-08-17,Canada,Division No. 1,1
2023-04-20,Canada,Cariboo,1
2023-08-24,Canada,Division No. 6,3
2023-03-29,Canada,Greater Vancouver,1
2023-01-21,Canada,Ottawa,1
2023-08-08,Canada,Durham,1
2023-06-28,Canada,Niagara,1
2023-05-17,Canada,Toronto,2
2023-07-12,Canada,Division No. 3,1
2023-07-26,Canada,Leeds and Grenville,1
2023-06-04,Canada,Durham,1
2023-08-31,Canada,Lake Ontario,1
2023-07-08,Canada,Division No. 3,1
2023-08-24,Canada,Greater Vancouver,1
2023-07-19,Canada,Niagara,1
2023-09-03,Canada,York,1
2023-04-06,Canada,Lake Ontario,1
2023-09-13,Canada,Leeds and Grenville,1
2023-03-31,Canada,Division No. 6,1
2023-06-14,Canada,Ottawa,1
2023-05-16,Canada,Columbia-Shuswap,1
2023-05-04,Canada,Division No. 11,1
2023-07-31,Canada,Ottawa,1
2023-03-22,Canada,Division No. 6,1
2023-08-23,Canada,Greater Vancouver,1
2023-07-07,Canada,Division No. 6,2
2023-09-24,Canada,Toronto,1
2023-10-14,Canada,Greater Vancouver,1
2023-08-26,Canada,Toronto,1
2023-05-12,Canada,Montréal,2
2023-05-05,Canada,Lake Ontario,1
2023-11-09,Canada,Montréal,1
2023-08-17,Canada,Division No. 15,1
2023-08-12,Canada,North Okanagan,2
2023-05-26,Canada,Division No. 11,1
2023-09-11,Canada,Communauté-Urbaine-de-l'Outaouais,1
2023-04-28,Canada,Peel,1
2023-06-01,Canada,Leeds and Grenville,1
2023-05-17,Canada,Division No. 11,1
2023-08-15,Canada,Durham,1
2023-08-24,Canada,Toronto,1
2023-09-15,Canada,Division No. 6,1
2023-05-20,Canada,Durham,1
2023-05-02,Canada,Peel,1
2023-08-15,Canada,Division No. 6,1
2023-07-04,Canada,Lake Ontario,1
2023-07-21,Canada,Division No. 11,1
2023-07-02,Canada,Division No. 6,1
2023-06-17,Canada,Lake Ontario,1
2023-06-02,Canada,Division No. 8,1
2023-07-26,Canada,Division No. 6,1
2023-10-13,Canada,Toronto,2
2023-08-11,Canada,Lake Ontario,1
2023-01-20,Canada,Toronto,1
2023-11-03,Canada,Niagara,1
2023-01-23,Canada,Greater Vancouver,4
2023-05-12,Canada,Greater Vancouver,1
2023-06-11,Canada,Division No. 6,1
2023-05-02,Canada,Niagara,2
2023-06-18,Canada,Lake Ontario,1
2023-10-15,Canada,Toronto,1
2023-08-25,Canada,Greater Vancouver,2
2023-08-27,Canada,Division No. 11,3
2023-04-22,Canada,Greater Vancouver,1
2023-04-21,Canada,Lake Ontario,1
2023-08-18,Canada,Division No. 11,1
2023-09-14,Canada,Communauté-Urbaine-de-l'Outaouais,1
2023-02-01,Canada,Capital,1
2023-06-09,Canada,Lake Ontario,1
2023-08-14,Canada,Division No. 3,1
2023-04-29,Canada,Niagara,1
2023-09-12,Canada,Toronto,1
2023-06-30,Canada,Brant,1
2023-06-08,Canada,Lake Ontario,1
2023-10-16,Canada,York,1
2023-08-10,Canada,Division No. 11,3
2023-08-24,Canada,Division No. 11,1
2023-09-01,Canada,Division No. 3,1
2023-01-20,Canada,Greater Vancouver,1
2023-08-19,Canada,Division No. 11,1
2023-08-05,Canada,Toronto,1
2023-08-05,Canada,Division No. 1,1
2023-05-05,Canada,Division No. 6,1
2023-05-05,Canada,Division No. 11,1
2023-06-15,Canada,Toronto,1
2023-03-23,France,Paris,1
2023-02-15,France,Ain,1
2023-01-04,France,Bouches-du-Rhône,1
2023-03-20,France,Seine-Saint-Denis,2
2023-05-31,France,Val-d'Oise,1
2023-08-26,France,Paris,1
2023-05-11,France,Paris,4
2023-09-17,France,Paris,5
2023-09-26,France,Paris,1
2023-08-19,France,Paris,1
2023-04-14,France,Rhône,1
2023-01-31,France,Paris,1
2023-11-01,France,Haut-Rhin,1
2023-05-02,France,Hauts-de-Seine,1
2023-06-23,France,Paris,2
2023-01-10,France,Paris,1
2023-07-30,France,Rhône,1
2023-05-03,France,Seine-Saint-Denis,1
2023-10-24,France,Calvados,1
2023-03-11,France,Paris,3
2023-02-26,France,Paris,1
2023-10-03,France,Seine-Saint-Denis,1
2023-04-24,France,Haut-Rhin,1
2023-10-16,France,Rhône,1
2023-07-18,France,Paris,1
2023-11-04,France,Haute-Savoie,1
2023-04-19,France,Bas-Rhin,1
2023-05-13,France,Paris,1
2023-05-14,France,Hauts-de-Seine,1
2023-05-14,France,Seine-Saint-Denis,1
2023-10-08,France,Seine-Saint-Denis,1
2023-09-26,France,Rhône,1
2023-09-28,France,Haut-Rhin,1
2023-02-21,France,Val-d'Oise,1
2023-06-01,France,Hauts-de-Seine,1
2023-07-21,France,Drôme,1
2023-02-04,France,Paris,1
2023-03-10,France,Bas-Rhin,1
2023-06-03,France,Seine-Maritime,1
2023-04-23,France,Paris,3
2023-10-25,France,Haute-Garonne,1
2023-03-01,France,Paris,2
2023-05-21,France,Alpes-Maritimes,1
2023-09-25,France,Hautes-Pyrénées,1
2023-10-30,France,Paris,2
2023-05-19,France,Hauts-de-Seine,1
2023-10-24,France,Seine-et-Marne,1
2023-01-09,France,Gironde,1
2023-02-01,France,Paris,1
2023-01-06,France,Paris,3
2023-06-05,France,Paris,3
2023-08-01,France,Paris,1
2023-08-28,France,Paris,2
2023-10-19,France,Paris,4
2023-11-11,France,Paris,2
2023-10-16,France,Paris,2
2023-10-25,France,Seine-et-Marne,1
2023-03-01,France,Val-d'Oise,1
2023-09-13,France,Seine-Maritime,1
2023-05-29,France,Seine-et-Marne,1
2023-05-03,France,Paris,1
2023-10-27,France,Val-de-Marne,1
2023-07-03,France,Paris,2
2023-04-21,France,Paris,3
2023-10-12,France,Seine-Saint-Denis,1
2023-07-19,France,Val-de-Marne,1
2023-05-10,France,Alpes-Maritimes,1
2023-05-14,France,Paris,2
2023-04-14,France,Paris,4
2023-05-23,France,Haute-Corse,1
2023-02-10,France,Paris,1
2023-05-05,France,Seine-Saint-Denis,2
2023-01-26,France,Hauts-de-Seine,1
2023-02-28,France,Paris,6
2023-07-07,France,Paris,2
2023-08-03,France,Paris,1
2023-10-26,France,Hauts-de-Seine,1
2023-08-08,France,Ille-et-Vilaine,1
2023-01-22,France,Seine-Saint-Denis,1
2023-08-18,France,Val-de-Marne,1
2023-04-01,France,Seine-Saint-Denis,1
2023-09-13,France,Alpes-Maritimes,2
2023-06-11,France,Seine-Saint-Denis,1
2023-06-07,France,Bas-Rhin,1
2023-03-25,France,Hauts-de-Seine,1
2023-06-17,France,Paris,1
2023-10-20,France,Paris,3
2023-03-04,France,Paris,1
2023-04-24,France,Seine-Saint-Denis,1
2023-10-26,France,Paris,3
2023-04-13,France,Seine-Saint-Denis,1
2023-11-13,France,Hauts-de-Seine,1
2023-08-06,France,Haute-Savoie,1
2023-02-21,France,Paris,1
2023-05-04,France,Paris,3
2023-07-30,France,Bas-Rhin,1
2023-07-08,France,Alpes-Maritimes,1
2023-03-13,France,Haut-Rhin,1
2023-10-28,France,Seine-Saint-Denis,1
2023-09-20,France,Paris,2
2023-08-26,France,Seine-Saint-Denis,1
2023-10-12,France,Paris,3
2023-05-26,France,Haut-Rhin,1
2023-05-21,France,Paris,1
2023-10-06,France,Seine-et-Marne,1
2023-09-13,France,Bouches-du-Rhône,1
2023-01-14,France,Paris,3
2023-04-09,France,Paris,1
2023-05-09,France,Paris,2
2023-10-13,France,Val-de-Marne,2
2023-02-06,France,Paris,1
2023-09-30,France,Paris,1
2023-03-08,France,Val-d'Oise,1
2023-08-04,France,Paris,2
2023-05-24,France,Paris,1
2023-01-29,France,Rhône,1
2023-01-16,France,Seine-Saint-Denis,1
2023-06-10,France,Val-d'Oise,1
2023-09-08,France,Hauts-de-Seine,1
2023-02-02,France,Seine-Saint-Denis,1
2023-03-10,France,Seine-Saint-Denis,3
2023-07-25,France,Seine-Saint-Denis,1
2023-03-02,France,Paris,1
2023-03-02,France,Rhône,5
2023-10-25,France,Bas-Rhin,1
2023-02-09,France,Paris,2
2023-11-19,France,Val-d'Oise,1
2023-04-19,France,Paris,3
2023-05-24,France,Hauts-de-Seine,1
2023-02-21,France,Seine-Saint-Denis,1
2023-01-27,France,Alpes-Maritimes,1
2023-09-08,France,Paris,2
2023-07-28,France,Paris,1
2023-10-31,France,Paris,3
2023-07-25,France,Nord,1
2023-03-18,France,Bas-Rhin,1
2023-04-23,France,Hauts-de-Seine,1
2023-09-23,France,Haute-Savoie,1
2023-10-25,France,Paris,2
2023-03-29,France,Val-de-Marne,1
2023-09-15,France,Hauts-de-Seine,1
2023-05-28,France,Paris,1
2023-09-26,France,Seine-Saint-Denis,2
2023-09-25,France,Paris,6
2023-06-13,France,Alpes-Maritimes,1
2023-01-17,France,Seine-Saint-Denis,1
2023-06-12,France,Haute-Savoie,1
2023-11-09,France,Val-de-Marne,1
2023-02-02,France,Paris,2
2023-01-08,France,Paris,1
2023-10-26,France,Nord,2
2023-10-26,France,Bouches-du-Rhône,1
2023-11-16,France,Paris,1
2023-09-29,France,Seine-et-Marne,1
2023-11-03,France,Paris,4
2023-10-08,France,Val-d'Oise,1
2023-11-13,France,Paris,3
2023-05-23,France,Paris,2
2023-06-15,France,Hauts-de-Seine,1
2023-01-11,France,Alpes-Maritimes,1
2023-11-08,France,Val-d'Oise,1
2023-02-16,France,Haute-Garonne,1
2023-10-31,France,Val-d'Oise,1
2023-05-30,France,Haut-Rhin,1
2023-09-10,France,Val-d'Oise,1
2023-10-11,France,Paris,2
2023-01-20,France,Alpes-Maritimes,1
2023-01-20,France,Paris,1
2023-04-07,France,Seine-et-Marne,1
2023-08-08,France,Manche,1
2023-11-17,France,Paris,1
2023-06-13,France,Paris,2
2023-01-03,France,Paris,4
2023-03-17,France,Seine-Saint-Denis,1
2023-03-06,France,Paris,3
2023-03-06,France,Hauts-de-Seine,1
2023-03-15,France,Paris,2
2023-08-12,France,Bas-Rhin,1
2023-10-12,France,Val-d'Oise,1
2023-11-19,France,Paris,1
2023-11-16,France,Moselle,1
2023-11-17,France,Val-d'Oise,1
2023-09-28,France,Paris,1
2023-05-22,France,Val-de-Marne,2
2023-01-11,France,Seine-Saint-Denis,1
2023-04-08,France,Rhône,1
2023-11-09,France,Paris,5
2023-10-10,France,Paris,2
2023-03-26,France,Seine-Saint-Denis,2
2023-07-01,France,Alpes-Maritimes,1
2023-06-02,France,Seine-Maritime,1
2023-10-31,France,Seine-et-Marne,1
2023-11-10,France,Seine-Saint-Denis,1
2023-10-14,France,Rhône,1
2023-11-21,France,Val-de-Marne,1
2023-10-25,France,Rhône,1
2023-07-05,France,Paris,1
2023-10-06,France,Bas-Rhin,1
2023-11-12,France,Paris,4
2023-07-22,France,Val-d'Oise,1
2023-07-20,France,Nord,1
2023-01-26,France,Paris,1
2023-10-10,France,Bas-Rhin,1
2023-06-09,France,Paris,2
2023-07-01,France,Paris,1
2023-03-20,France,Paris,1
2023-03-05,France,Paris,3
2023-10-26,France,Hautes-Pyrénées,1
2023-07-05,France,Seine-Saint-Denis,1
2023-04-05,France,Alpes-Maritimes,1
2023-09-15,France,Paris,5
2023-11-02,France,Val-d'Oise,1
2023-09-14,France,Hautes-Pyrénées,1
2023-10-05,France,Paris,1
2023-01-28,France,Paris,1
2023-01-12,France,Paris,2
2023-03-26,France,Paris,2
2023-02-03,France,Paris,1
2023-01-05,France,Bouches-du-Rhône,1
2023-06-02,France,Paris,2
2023-07-26,France,Paris,1
2023-08-15,France,Alpes-Maritimes,1
2023-04-24,France,Hauts-de-Seine,1
2023-08-09,France,Seine-Saint-Denis,2
2023-09-04,France,Paris,2
2023-11-03,France,Val-d'Oise,1
2023-11-18,France,Seine-et-Marne,1
2023-05-27,France,Paris,1
2023-08-19,France,Bouches-du-Rhône,1
2023-01-25,France,Hauts-de-Seine,1
2023-11-06,France,Ain,1
2023-07-13,France,Val-d'Oise,1
2023-02-01,France,Alpes-Maritimes,1
2023-10-17,France,Paris,1
2023-09-22,France,Seine-et-Marne,1
2023-08-15,France,Paris,4
2023-10-01,France,Paris,1
2023-11-03,France,Hautes-Pyrénées,1
2023-03-07,France,Paris,2
2023-06-27,France,Paris,2
2023-07-16,France,Paris,1
2023-02-27,France,Seine-Saint-Denis,1
2023-10-17,France,Seine-Saint-Denis,2
2023-10-27,France,Eure,1
2023-10-27,France,Seine-Saint-Denis,1
2023-08-25,France,Paris,2
2023-11-20,France,Meurthe-et-Moselle,1
2023-10-14,France,Hautes-Pyrénées,1
2023-04-28,France,Seine-Saint-Denis,1
2023-06-23,France,Bas-Rhin,1
2023-05-17,France,Alpes-Maritimes,1
2023-08-31,France,Paris,1
2023-08-15,France,Seine-et-Marne,1
2023-10-04,France,Paris,1
2023-10-04,France,Bouches-du-Rhône,1
2023-08-11,France,Paris,2
2023-07-04,France,Haute-Savoie,1
2023-03-27,France,Hauts-de-Seine,1
2023-03-12,France,Paris,1
2023-05-25,France,Ain,1
2023-05-10,France,Val-d'Oise,1
2023-11-17,France,Moselle,1
2023-11-12,France,Seine-Saint-Denis,1
2023-06-11,France,Paris,3
2023-01-02,France,Paris,2
2023-02-23,France,Haute-Savoie,1
2023-02-01,France,Bouches-du-Rhône,1
2023-10-22,France,Seine-et-Marne,1
2023-05-31,France,Paris,2
2023-10-29,France,Haut-Rhin,1
2023-08-25,France,Seine-Saint-Denis,1
2023-10-28,France,Seine-et-Marne,2
2023-11-02,France,Seine-et-Marne,2
2023-11-14,France,Paris,6
2023-08-05,France,Seine-et-Marne,1
2023-06-11,France,Hauts-de-Seine,3
2023-03-30,France,Seine-Saint-Denis,2
2023-06-17,France,Hauts-de-Seine,3
2023-01-04,France,Val-d'Oise,1
2023-09-24,France,Paris,2
2023-10-27,France,Seine-et-Marne,2
2023-03-16,France,Seine-Saint-Denis,1
2023-03-15,France,Seine-Saint-Denis,1
2023-08-12,France,Val-d'Oise,1
2023-09-17,France,Seine-Saint-Denis,1
2023-09-05,France,Paris,2
2023-10-24,France,Indre-et-Loire,1
2023-10-21,France,Val-d'Oise,1
2023-03-24,France,Seine-Saint-Denis,1
2023-06-17,France,Seine-Saint-Denis,1
2023-01-04,France,Gironde,1
2023-04-24,France,Val-d'Oise,1
2023-05-30,France,Bas-Rhin,1
2023-03-02,France,Alpes-Maritimes,2
2023-03-13,France,Haute-Garonne,1
2023-03-29,France,Haute-Garonne,2
2023-04-21,France,Seine-Saint-Denis,1
2023-03-14,France,Paris,3
2023-09-04,France,Bas-Rhin,2
2023-05-18,France,Paris,1
2023-10-24,France,Paris,2
2023-03-10,France,Hautes-Pyrénées,1
2023-02-14,France,Hauts-de-Seine,1
2023-05-31,France,Alpes-Maritimes,1
2023-04-12,France,Alpes-Maritimes,1
2023-03-12,France,Haute-Savoie,1
2023-11-21,France,Seine-Saint-Denis,1
2023-10-25,France,Val-d'Oise,1
2023-08-27,France,Val-d'Oise,1
2023-11-02,France,Bas-Rhin,1
2023-11-18,France,Paris,3
2023-05-27,France,Rhône,1
2023-04-14,France,Bouches-du-Rhône,1
2023-08-07,France,Paris,3
2023-06-26,France,Alpes-Maritimes,1
2023-11-06,France,Seine-Saint-Denis,1
2023-02-16,France,Paris,3
2023-07-29,France,Paris,2
2023-10-07,France,Paris,2
2023-09-27,France,Doubs,1
2023-11-08,France,Paris,2
2023-06-03,France,Paris,1
2023-09-22,France,Paris,2
2023-10-19,France,Hautes-Pyrénées,1
2023-08-17,France,Alpes-Maritimes,1
2023-08-08,France,Paris,5
2023-06-20,France,Paris,3
2023-10-06,France,Paris,1
2023-11-09,France,Alpes-Maritimes,1
2023-01-11,France,Val-de-Marne,1
2023-11-07,France,Paris,1
2023-06-21,France,Paris,1
2023-11-06,France,Rhône,1
2023-11-06,France,Hauts-de-Seine,1
2023-07-27,France,Paris,1
2023-01-06,France,Val-de-Marne,1
2023-02-13,France,Val-de-Marne,1
2023-10-16,France,Haut-Rhin,1
2023-04-22,France,Paris,1
2023-04-07,France,Nord,1
2023-09-17,France,Hauts-de-Seine,1
2023-05-28,France,Oise,1
2023-11-01,France,Paris,5
2023-08-19,France,Seine-et-Marne,2
2023-03-31,France,Rhône,1
2023-07-21,France,Paris,1
2023-01-05,France,Pyrénées-Orientales,1
2023-10-20,France,Val-de-Marne,1
2023-09-23,France,Paris,1
2023-03-29,France,Bouches-du-Rhône,1
2023-11-17,France,Hauts-de-Seine,1
2023-09-03,France,Paris,1
2023-09-26,France,Nord,2
2023-09-12,France,Hautes-Pyrénées,1
2023-09-14,France,Alpes-Maritimes,1
2023-09-13,France,Ain,1
2023-06-29,France,Paris,1
2023-07-13,France,Seine-et-Marne,1
2023-06-09,France,Seine-Saint-Denis,1
2023-03-10,France,Paris,4
2023-06-16,France,Paris,1
2023-06-04,France,Bouches-du-Rhône,1
2023-05-30,France,Paris,1
2023-02-07,France,Paris,2
2023-09-01,France,Paris,2
2023-03-07,France,Haute-Garonne,1
2023-10-09,France,Paris,2
2023-09-28,France,Bouches-du-Rhône,1
2023-11-13,France,Nord,1
2023-09-13,France,Paris,6
2023-03-31,France,Paris,2
2023-01-17,France,Paris,1
2023-06-15,France,Paris,1
2023-06-26,France,Seine-et-Marne,1
2023-07-20,France,Drôme,1
2023-11-06,France,Val-d'Oise,1
2023-02-02,France,Val-d'Oise,1
2023-11-11,France,Haute-Savoie,1
2023-09-15,France,Val-d'Oise,1
2023-01-22,France,Paris,1
2023-06-12,France,Paris,1
2023-01-10,France,Alpes-Maritimes,1
2023-11-07,France,Seine-et-Marne,1
2023-01-26,France,Seine-et-Marne,1
2023-04-24,France,Paris,5
2023-03-17,France,Paris,2
2023-11-11,France,Val-de-Marne,1
2023-05-25,France,Puy-de-Dôme,1
2023-09-29,France,Val-d'Oise,1
2023-09-14,France,Paris,2
2023-09-27,France,Seine-Saint-Denis,1
2023-01-24,France,Bouches-du-Rhône,1
2023-01-25,France,Seine-Saint-Denis,1
2023-11-07,France,Seine-Saint-Denis,1
2023-11-06,France,Paris,3
2023-07-31,France,Bas-Rhin,1
2023-10-22,France,Paris,1
2023-04-25,France,Bas-Rhin,1
2023-08-10,France,Seine-et-Marne,1
2023-10-28,France,Hautes-Pyrénées,1
2023-01-20,France,Haut-Rhin,1
2023-04-06,France,Paris,1
2023-08-18,France,Seine-Saint-Denis,1
2023-04-13,France,Seine-et-Marne,2
2023-05-08,France,Paris,2
2023-06-14,France,Paris,4
2023-06-26,France,Rhône,1
2023-05-07,France,Seine-Saint-Denis,1
2023-02-17,France,Val-d'Oise,1
2023-06-09,France,Alpes-Maritimes,1
2023-01-04,France,Seine-Saint-Denis,1
2023-04-25,France,Seine-Saint-Denis,1
2023-03-03,France,Paris,3
2023-10-19,France,Seine-Saint-Denis,1
2023-03-19,France,Seine-Saint-Denis,1
2023-11-21,France,Paris,1
2023-09-20,France,Val-d'Oise,1
2023-09-16,France,Paris,2
2023-01-16,France,Seine-et-Marne,1
2023-06-10,France,Paris,7
2023-04-30,France,Seine-Saint-Denis,1
2023-08-20,France,Val-de-Marne,1
2023-06-06,France,Paris,2
2023-09-21,France,Paris,1
2023-03-01,France,Seine-Saint-Denis,1
2023-05-28,France,Seine-Maritime,3
2023-05-12,France,Paris,3
2023-03-08,France,Paris,6
2023-11-15,France,Paris,3
2023-09-28,France,Val-d'Oise,1
2023-01-25,France,Paris,3
2023-01-13,France,Seine-Saint-Denis,2
2023-02-17,France,Paris,2
2023-02-17,France,Hauts-de-Seine,1
2023-01-09,France,Paris,2
2023-10-21,France,Val-de-Marne,1
2023-03-10,France,Ille-et-Vilaine,1
2023-02-11,France,Hautes-Pyrénées,1
2023-03-21,France,Haute-Garonne,1
2023-10-13,France,Paris,1
2023-05-25,France,Paris,3
2023-09-15,France,Bouches-du-Rhône,1
2023-03-09,France,Marne,1
2023-10-30,France,Doubs,1
2023-03-30,France,Bouches-du-Rhône,1
2023-05-01,France,Paris,2
2023-07-14,France,Paris,2
2023-07-24,France,Paris,2
2023-01-07,France,Paris,1
2023-09-10,France,Rhône,1
2023-08-12,France,Paris,2
2023-08-09,France,Seine-et-Marne,2
2023-01-31,France,Seine-et-Marne,1
2023-03-31,France,Bas-Rhin,1
2023-01-05,France,Alpes-Maritimes,1
2023-02-14,France,Paris,6
2023-03-21,France,Paris,4
2023-06-18,France,Paris,1
2023-09-24,France,Bas-Rhin,2
2023-11-20,France,Seine-et-Marne,1
2023-08-13,France,Paris,3
2023-11-02,France,Paris,5
2023-08-19,France,Loire-Atlantique,1
2023-03-09,France,Paris,2
2023-01-14,France,Val-d'Oise,1
2023-01-11,France,Paris,3
2023-10-24,France,Val-de-Marne,1
2023-07-01,France,Haute-Garonne,1
2023-06-08,France,Paris,1
2023-08-15,France,Ille-et-Vilaine,1
2023-09-10,France,Hauts-de-Seine,1
2023-07-09,France,Paris,1
2023-11-20,France,Paris,1
2023-08-13,France,Haut-Rhin,1
2023-04-21,France,Val-de-Marne,1
2023-09-02,France,Paris,3
2023-05-10,France,Hauts-de-Seine,3
2023-05-20,France,Seine-Saint-Denis,2
2023-01-16,France,Haute-Savoie,1
2023-01-25,France,Seine-et-Marne,1
2023-03-22,France,Paris,1
2023-07-12,France,Seine-et-Marne,1
2023-08-14,France,Alpes-Maritimes,1
2023-03-27,France,Paris,4
2023-08-27,France,Hautes-Pyrénées,3
2023-10-26,France,Côte-d'Or,1
2023-08-26,France,Hautes-Pyrénées,1
2023-04-18,France,Paris,3
2023-11-03,France,Yvelines,4
2023-04-13,France,Paris,3
2023-09-13,France,Rhône,2
2023-10-21,France,Paris,1
2023-01-05,France,Seine-Saint-Denis,1
2023-01-05,France,Paris,1
2023-01-19,France,Paris,1
2023-01-04,France,Paris,2
2023-03-04,France,Seine-Saint-Denis,1
2023-11-10,France,Paris,1
2023-10-19,France,Seine-et-Marne,1
2023-04-12,France,Paris,1
2023-10-02,France,Bouches-du-Rhône,1
2023-03-28,France,Paris,1
2023-07-19,France,Seine-et-Marne,1
2023-05-10,France,Seine-et-Marne,1
2023-09-26,France,Val-de-Marne,2
2023-05-20,France,Paris,1
2023-05-24,France,Puy-de-Dôme,1
2023-05-15,France,Val-d'Oise,1
2023-02-24,France,Paris,2
2023-02-20,France,Paris,1
2023-02-15,France,Paris,1
2023-04-25,France,Paris,1
2023-08-15,France,Manche,1
2023-11-14,France,Hauts-de-Seine,2
2023-04-28,France,Bas-Rhin,1
2023-04-16,France,Seine-et-Marne,1
2023-10-30,France,Haute-Savoie,1
2023-10-24,France,Hauts-de-Seine,1
2023-02-18,France,Paris,5
2023-10-03,France,Seine-Maritime,1
2023-11-10,France,Yvelines,1
2023-08-14,France,Val-de-Marne,1
2023-03-02,France,Hauts-de-Seine,1
2023-10-28,France,Paris,1
2023-04-19,France,Alpes-Maritimes,1
2023-11-03,France,Seine-Saint-Denis,1
2023-11-17,France,Ain,1
2023-09-19,France,Yvelines,1
2023-04-03,France,Hérault,1
2023-01-18,France,Val-d'Oise,1
2023-01-29,France,Alpes-Maritimes,1
2023-01-15,France,Paris,2
2023-05-16,France,Paris,1
2023-01-12,France,Seine-Saint-Denis,1
2023-02-19,Taiwan,Taipei City,4
2023-07-16,Taiwan,Tainan,1
2023-02-26,Taiwan,Taipei City,1
2023-01-07,Taiwan,Kaohsiung,1
2023-05-31,Taiwan,Taipei City,2
2023-11-10,Taiwan,Nantou,1
2023-09-21,Taiwan,Taichung,1
2023-03-05,Taiwan,Tainan,1
2023-04-11,Taiwan,Taipei City,3
2023-10-13,Taiwan,Taipei City,3
2023-10-25,Taiwan,Taipei City,7
2023-03-01,Taiwan,Taipei City,13
2023-04-18,Taiwan,Pingtung,3
2023-04-15,Taiwan,Hualien,3
2023-09-11,Taiwan,Taipei City,5
2023-03-07,Taiwan,Yilan,1
2023-01-29,Taiwan,New Taipei City,1
2023-01-14,Taiwan,Kaohsiung,2
2023-06-15,Taiwan,Kaohsiung,1
2023-04-09,Taiwan,Taipei City,3
2023-04-09,Taiwan,New Taipei City,1
2023-05-02,Taiwan,Taichung,1
2023-01-03,Taiwan,Taichung,1
2023-11-07,Taiwan,Kaohsiung,2
2023-04-30,Taiwan,Kaohsiung,1
2023-07-29,Taiwan,Kaohsiung,1
2023-07-12,Taiwan,Taoyuan,4
2023-07-12,Taiwan,Tainan,1
2023-01-08,Taiwan,Taipei City,6
2023-10-17,Taiwan,Taipei City,1
2023-10-03,Taiwan,Taipei City,2
2023-08-15,Taiwan,Kaohsiung,1
2023-08-14,Taiwan,Tainan,1
2023-11-21,Taiwan,Taipei City,4
2023-10-11,Taiwan,Taipei City,1
2023-02-08,Taiwan,Taoyuan,4
2023-08-09,Taiwan,Taoyuan,1
2023-09-03,Taiwan,Taichung,2
2023-09-26,Taiwan,Taoyuan,1
2023-04-16,Taiwan,Taoyuan,1
2023-09-27,Taiwan,Taoyuan,1
2023-01-10,Taiwan,Hualien,1
2023-05-15,Taiwan,Taoyuan,1
2023-06-07,Taiwan,Tainan,2
2023-10-21,Taiwan,Taipei City,1
2023-06-03,Taiwan,New Taipei City,1
2023-01-04,Taiwan,Nantou,1
2023-04-25,Taiwan,Taipei City,4
2023-11-10,Taiwan,Taoyuan,1
2023-10-01,Taiwan,Taipei City,2
2023-03-19,Taiwan,Taoyuan,1
2023-08-02,Taiwan,Taipei City,1
2023-04-11,Taiwan,Tainan,1
2023-07-03,Taiwan,Taichung,1
2023-02-09,Taiwan,Kaohsiung,1
2023-04-21,Taiwan,Kaohsiung,1
2023-07-19,Taiwan,Taipei City,2
2023-09-26,Taiwan,Taipei City,4
2023-10-08,Taiwan,New Taipei City,1
2023-08-05,Taiwan,Taipei City,2
2023-09-12,Taiwan,New Taipei City,1
2023-08-07,Taiwan,Tainan,2
2023-04-03,Taiwan,Nantou,1
2023-04-02,Taiwan,Nantou,1
2023-01-18,Taiwan,Taipei City,1
2023-01-24,Taiwan,New Taipei City,1
2023-07-28,Taiwan,New Taipei City,1
2023-03-22,Taiwan,Kaohsiung,1
2023-10-10,Taiwan,Taipei City,3
2023-03-26,Taiwan,Taipei City,1
2023-10-31,Taiwan,Tainan,1
2023-07-08,Taiwan,Taipei City,2
2023-03-17,Taiwan,Taoyuan,1
2023-04-23,Taiwan,Pingtung,1
2023-03-05,Taiwan,Kaohsiung,2
2023-08-16,Taiwan,Taipei City,5
2023-02-07,Taiwan,Taoyuan,1
2023-03-13,Taiwan,New Taipei City,1
2023-08-24,Taiwan,Taipei City,2
2023-11-16,Taiwan,Taipei City,3
2023-09-19,Taiwan,Taipei City,1
2023-04-06,Taiwan,Taoyuan,1
2023-10-07,Taiwan,Taichung,1
2023-10-05,Taiwan,Hualien,1
2023-08-06,Taiwan,Tainan,1
2023-05-16,Taiwan,Kaohsiung,2
2023-09-06,Taiwan,Kaohsiung,1
2023-10-23,Taiwan,Taipei City,1
2023-01-09,Taiwan,Taipei City,1
2023-03-11,Taiwan,Chiayi County,1
2023-07-16,Taiwan,Taoyuan,1
2023-03-25,Taiwan,Taoyuan,1
2023-08-22,Taiwan,Taichung,1
2023-07-01,Taiwan,Tainan,1
2023-02-03,Taiwan,Kaohsiung,1
2023-02-26,Taiwan,Nantou,1
2023-03-21,Taiwan,Tainan,2
2023-08-01,Taiwan,Taoyuan,1
2023-08-28,Taiwan,Taipei City,5
2023-10-11,Taiwan,Kaohsiung,1
2023-03-15,Taiwan,Taipei City,1
2023-08-05,Taiwan,Tainan,1
2023-03-07,Taiwan,Taipei City,6
2023-06-26,Taiwan,Taipei City,3
2023-05-08,Taiwan,Chiayi City,1
2023-07-20,Taiwan,Taoyuan,1
2023-06-07,Taiwan,Taipei City,3
2023-03-23,Taiwan,Taichung,1
2023-01-09,Taiwan,Kaohsiung,2
2023-02-01,Taiwan,Taoyuan,1
2023-06-06,Taiwan,Taoyuan,3
2023-08-22,Taiwan,Tainan,2
2023-06-08,Taiwan,Taichung,1
2023-01-06,Taiwan,Kaohsiung,1
2023-01-05,Taiwan,Taoyuan,1
2023-06-05,Taiwan,Taoyuan,1
2023-01-04,Taiwan,Taipei City,3
2023-03-21,Taiwan,Taoyuan,3
2023-02-13,Taiwan,Nantou,2
2023-08-29,Taiwan,Taipei City,3
2023-03-17,Taiwan,Kaohsiung,1
2023-10-29,Taiwan,New Taipei City,1
2023-07-09,Taiwan,Taichung,1
2023-10-28,Taiwan,Taoyuan,4
2023-03-12,Taiwan,Taipei City,2
2023-01-21,Taiwan,Taipei City,6
2023-09-17,Taiwan,Hualien,1
2023-01-22,Taiwan,Chiayi City,1
2023-11-14,Taiwan,Kaohsiung,2
2023-04-29,Taiwan,Taipei City,3
2023-08-19,Taiwan,Taipei City,2
2023-08-19,Taiwan,Changhua,1
2023-09-13,Taiwan,Taipei City,3
2023-07-22,Taiwan,Tainan,1
2023-01-15,Taiwan,Taipei City,1
2023-06-26,Taiwan,Taoyuan,1
2023-02-23,Taiwan,Hualien,1
2023-01-26,Taiwan,Taichung,1
2023-02-02,Taiwan,Chiayi City,1
2023-02-16,Taiwan,Taoyuan,1
2023-10-24,Taiwan,Taoyuan,4
2023-02-01,Taiwan,Taipei City,8
2023-07-01,Taiwan,Taichung,1
2023-02-03,Taiwan,Tainan,1
2023-01-05,Taiwan,New Taipei City,2
2023-10-31,Taiwan,New Taipei City,1
2023-09-22,Taiwan,Taipei City,2
2023-09-23,Taiwan,Taipei City,1
2023-04-11,Taiwan,Taoyuan,2
2023-08-27,Taiwan,Tainan,2
2023-08-12,Taiwan,Taipei City,2
2023-08-26,Taiwan,Taipei City,7
2023-04-18,Taiwan,Hsinchu City,1
2023-09-12,Taiwan,Taipei City,3
2023-11-15,Taiwan,New Taipei City,1
2023-09-13,Taiwan,Chiayi City,1
2023-09-13,Taiwan,Kaohsiung,1
2023-01-10,Taiwan,Taoyuan,1
2023-01-28,Taiwan,Taoyuan,1
2023-03-26,Taiwan,Taoyuan,1
2023-08-30,Taiwan,Tainan,2
2023-06-05,Taiwan,Taipei City,2
2023-07-25,Taiwan,Taichung,1
2023-08-01,Taiwan,Taipei City,4
2023-03-03,Taiwan,Taoyuan,3
2023-05-30,Taiwan,New Taipei City,1
2023-04-26,Taiwan,Taipei City,2
2023-10-27,Taiwan,Taichung,2
2023-08-25,Taiwan,Kaohsiung,1
2023-10-28,Taiwan,Taipei City,1
2023-11-19,Taiwan,Taipei City,2
2023-04-19,Taiwan,Taipei City,4
2023-09-01,Taiwan,New Taipei City,1
2023-11-02,Taiwan,Chiayi City,1
2023-09-19,Taiwan,Kaohsiung,1
2023-04-14,Taiwan,Taichung,1
2023-08-04,Taiwan,Tainan,1
2023-08-18,Taiwan,New Taipei City,1
2023-08-07,Taiwan,Taichung,1
2023-02-22,Taiwan,Taipei City,2
2023-05-02,Taiwan,Taipei City,3
2023-01-11,Taiwan,Taichung,1
2023-11-06,Taiwan,Taipei City,2
2023-11-06,Taiwan,Taoyuan,1
2023-06-07,Taiwan,Kaohsiung,1
2023-06-09,Taiwan,Tainan,1
2023-01-19,Taiwan,Taichung,2
2023-10-20,Taiwan,Taipei City,3
2023-07-12,Taiwan,Taipei City,2
2023-07-11,Taiwan,Taipei City,5
2023-08-31,Taiwan,Taichung,2
2023-09-22,Taiwan,Taoyuan,1
2023-09-22,Taiwan,Taichung,1
2023-11-10,Taiwan,Tainan,1
2023-10-15,Taiwan,Taipei City,4
2023-02-07,Taiwan,Tainan,1
2023-03-12,Taiwan,Chiayi City,1
2023-10-25,Taiwan,Taoyuan,6
2023-07-06,Taiwan,Taipei City,1
2023-04-22,Taiwan,Kaohsiung,1
2023-04-21,Taiwan,Taipei City,4
2023-10-12,Taiwan,Taoyuan,1
2023-03-14,Taiwan,Taipei City,5
2023-06-20,Taiwan,Taipei City,1
2023-05-21,Taiwan,Taipei City,3
2023-09-28,Taiwan,Kaohsiung,1
2023-03-09,Taiwan,Hualien,2
2023-04-02,Taiwan,Tainan,1
2023-01-25,Taiwan,Kaohsiung,1
2023-05-03,Taiwan,Hsinchu City,1
2023-07-31,Taiwan,Taipei City,1
2023-02-01,Taiwan,Kaohsiung,1
2023-06-16,Taiwan,Kaohsiung,4
2023-06-16,Taiwan,New Taipei City,1
2023-02-11,Taiwan,Taoyuan,2
2023-06-19,Taiwan,Kaohsiung,1
2023-06-04,Taiwan,Taoyuan,3
2023-11-10,Taiwan,Taipei City,4
2023-08-28,Taiwan,New Taipei City,2
2023-09-24,Taiwan,Chiayi City,1
2023-10-27,Taiwan,Taipei City,2
2023-02-07,Taiwan,Taipei City,4
2023-08-11,Taiwan,Tainan,2
2023-03-28,Taiwan,Taichung,1
2023-03-13,Taiwan,Chiayi City,1
2023-01-20,Taiwan,Taipei City,2
2023-05-10,Taiwan,New Taipei City,1
2023-09-04,Taiwan,Kaohsiung,1
2023-01-23,Taiwan,New Taipei City,1
2023-09-17,Taiwan,Taipei City,3
2023-04-06,Taiwan,Hualien,1
2023-06-30,Taiwan,Taipei City,1
2023-09-27,Taiwan,Kaohsiung,1
2023-10-30,Taiwan,Taipei City,3
2023-07-22,Taiwan,Kaohsiung,1
2023-01-16,Taiwan,Taoyuan,1
2023-06-25,Taiwan,Kaohsiung,2
2023-02-18,Taiwan,Chiayi City,1
2023-02-18,Taiwan,Taoyuan,1
2023-06-17,Taiwan,Taoyuan,1
2023-08-30,Taiwan,Taipei City,1
2023-09-10,Taiwan,Kaohsiung,1
2023-10-14,Taiwan,Taipei City,2
2023-08-24,Taiwan,Taichung,1
2023-05-28,Taiwan,Kaohsiung,1
2023-09-19,Taiwan,Taoyuan,2
2023-08-18,Taiwan,Tainan,1
2023-04-13,Taiwan,New Taipei City,1
2023-10-06,Taiwan,Taipei City,4
2023-04-17,Taiwan,Kaohsiung,1
2023-05-23,Taiwan,New Taipei City,1
2023-05-02,Taiwan,Hsinchu City,1
2023-01-13,Taiwan,Taichung,1
2023-05-03,Taiwan,Taipei City,6
2023-02-02,Taiwan,Taichung,1
2023-03-23,Taiwan,New Taipei City,1
2023-03-26,Taiwan,Nantou,2
2023-01-05,Taiwan,Taichung,1
2023-06-04,Taiwan,Taipei City,1
2023-10-03,Taiwan,Taoyuan,2
2023-04-10,Taiwan,Taoyuan,1
2023-09-10,Taiwan,Taipei City,1
2023-10-29,Taiwan,Taipei City,6
2023-03-06,Taiwan,Taipei City,5
2023-04-11,Taiwan,Nantou,1
2023-07-18,Taiwan,Tainan,1
2023-03-13,Taiwan,Taoyuan,2
2023-08-27,Taiwan,Taipei City,2
2023-10-26,Taiwan,Kaohsiung,1
2023-09-16,Taiwan,Taoyuan,2
2023-05-11,Taiwan,Keelung,1
2023-11-05,Taiwan,Taipei City,4
2023-06-10,Taiwan,Taipei City,1
2023-07-02,Taiwan,Taipei City,3
2023-03-11,Taiwan,Taoyuan,2
2023-07-16,Taiwan,Taipei City,2
2023-02-04,Taiwan,Taichung,1
2023-02-18,Taiwan,Tainan,2
2023-02-12,Taiwan,Taipei City,1
2023-01-05,Taiwan,Kaohsiung,1
2023-06-19,Taiwan,Taoyuan,1
2023-08-29,Taiwan,Tainan,5
2023-04-27,Taiwan,Keelung,1
2023-10-02,Taiwan,Taichung,3
2023-08-10,Taiwan,Taipei City,5
2023-05-10,Taiwan,Taipei City,3
2023-04-07,Taiwan,Taipei City,3
2023-10-07,Taiwan,Taipei City,2
2023-10-08,Taiwan,Taoyuan,1
2023-04-14,Taiwan,Tainan,1
2023-02-23,Taiwan,Taipei City,1
2023-04-30,Taiwan,Hualien,1
2023-02-03,Taiwan,Taichung,2
2023-07-23,Taiwan,Taipei City,3
2023-01-08,Taiwan,Taitung,1
2023-03-20,Taiwan,Taipei City,1
2023-03-18,Taiwan,Taoyuan,1
2023-05-30,Taiwan,Kaohsiung,1
2023-03-27,Taiwan,Taipei City,2
2023-08-13,Taiwan,Taoyuan,1
2023-04-22,Taiwan,Hualien,2
2023-04-04,Taiwan,Taoyuan,1
2023-11-17,Taiwan,Taoyuan,1
2023-01-31,Taiwan,Taipei City,6
2023-03-07,Taiwan,Taichung,3
2023-09-28,Taiwan,Taoyuan,1
2023-04-03,Taiwan,Taichung,1
2023-11-09,Taiwan,Taipei City,1
2023-01-25,Taiwan,Taipei City,4
2023-09-08,Taiwan,Taipei City,2
2023-10-22,Taiwan,Taipei City,2
2023-01-19,Taiwan,Taipei City,1
2023-06-02,Taiwan,Taipei City,7
2023-10-31,Taiwan,Taipei City,3
2023-01-07,Taiwan,Taipei City,2
2023-03-16,Taiwan,Taipei City,3
2023-04-21,Taiwan,Miaoli,2
2023-01-20,Taiwan,Kaohsiung,2
2023-11-18,Taiwan,New Taipei City,1
2023-05-14,Taiwan,Tainan,1
2023-05-12,Taiwan,New Taipei City,1
2023-04-17,Taiwan,Taipei City,5
2023-01-30,Taiwan,Taipei City,4
2023-10-30,Taiwan,Taoyuan,4
2023-03-31,Taiwan,Taoyuan,1
2023-01-15,Taiwan,Taoyuan,2
2023-04-09,Taiwan,Kaohsiung,1
2023-05-02,Taiwan,Hualien,1
2023-04-30,Taiwan,Taipei City,3
2023-10-22,Taiwan,Nantou,1
2023-06-03,Taiwan,Taipei City,5
2023-02-28,Taiwan,Taoyuan,2
2023-03-05,Taiwan,Taoyuan,2
2023-10-28,Taiwan,Taichung,2
2023-03-12,Taiwan,Taoyuan,1
2023-08-13,Taiwan,Tainan,1
2023-04-18,Taiwan,Taoyuan,1
2023-11-02,Taiwan,Taichung,1
2023-04-15,Taiwan,Taipei City,1
2023-08-07,Taiwan,Taipei City,6
2023-11-01,Taiwan,Hualien,2
2023-06-13,Taiwan,Taoyuan,1
2023-11-12,Taiwan,Taichung,1
2023-01-01,Taiwan,Taipei City,1
2023-06-11,Taiwan,Taipei City,1
2023-05-15,Taiwan,Hsinchu City,1
2023-05-15,Taiwan,Taipei City,3
2023-07-31,Taiwan,New Taipei City,1
2023-11-08,Taiwan,Taipei City,2
2023-07-14,Taiwan,Kaohsiung,1
2023-07-27,Taiwan,Taipei City,2
2023-08-03,Taiwan,Taoyuan,1
2023-03-19,Taiwan,Taipei City,1
2023-04-11,Taiwan,New Taipei City,1
2023-11-20,Taiwan,Taipei City,1
2023-08-10,Taiwan,Taitung,1
2023-09-30,Taiwan,Taoyuan,1
2023-10-11,Taiwan,Taoyuan,1
2023-09-15,Taiwan,Taipei City,1
2023-03-08,Taiwan,Nantou,2
2023-05-20,Taiwan,Taipei City,1
2023-11-13,Taiwan,Taipei City,2
2023-04-17,Taiwan,New Taipei City,1
2023-01-01,Taiwan,Taichung,2
2023-05-22,Taiwan,Taipei City,1
2023-06-28,Taiwan,Taipei City,2
2023-07-13,Taiwan,Kaohsiung,1
2023-02-03,Taiwan,Taoyuan,1
2023-01-05,Taiwan,Taipei City,1
2023-03-18,Taiwan,Taichung,1
2023-03-17,Taiwan,Taipei City,2
2023-09-10,Taiwan,Tainan,1
2023-10-02,Taiwan,Taoyuan,1
2023-10-27,Taiwan,Taoyuan,1
2023-03-27,Taiwan,Kaohsiung,1
2023-09-30,Taiwan,Yilan,1
2023-02-09,Taiwan,Taipei City,1
2023-04-19,Taiwan,Tainan,1
2023-09-01,Taiwan,Taipei City,3
2023-08-06,Taiwan,New Taipei City,1
2023-01-16,Taiwan,Tainan,1
2023-05-29,Taiwan,Taipei City,7
2023-01-12,Taiwan,Taoyuan,1
2023-01-12,Taiwan,Taichung,1
2023-01-26,Taiwan,Kaohsiung,2
2023-03-23,Taiwan,Tainan,1
2023-02-05,Taiwan,Taipei City,4
2023-03-10,Taiwan,Nantou,1
2023-02-12,Taiwan,Taoyuan,4
2023-01-04,Taiwan,Taoyuan,4
2023-01-08,Taiwan,Kaohsiung,1
2023-08-01,Taiwan,New Taipei City,1
2023-03-04,Taiwan,Taichung,1
2023-03-03,Taiwan,Chiayi County,1
2023-08-28,Taiwan,Taoyuan,1
2023-11-11,Taiwan,Taipei City,3
2023-10-26,Taiwan,Taoyuan,2
2023-05-26,Taiwan,Taipei City,9
2023-11-03,Taiwan,Taipei City,1
2023-06-20,Taiwan,Kaohsiung,1
2023-11-15,Taiwan,Taichung,1
2023-03-07,Taiwan,Hualien,1
2023-09-25,Taiwan,Taipei City,1
2023-01-18,Taiwan,Kaohsiung,6
2023-06-01,Taiwan,Taipei City,6
2023-07-01,Taiwan,Taipei City,2
2023-10-20,Taiwan,Kaohsiung,1
2023-06-05,Taiwan,Tainan,1
2023-02-13,Taiwan,Taipei City,1
2023-05-30,Taiwan,Taipei City,2
2023-08-03,Taiwan,Taichung,1
2023-10-13,Taiwan,Taoyuan,3
2023-09-04,Taiwan,Taichung,1
2023-10-06,Taiwan,Taichung,1
2023-04-03,Taiwan,Taipei City,1
2023-05-06,Taiwan,Taipei City,3
2023-05-05,Taiwan,Taipei City,2
2023-01-24,Taiwan,Taipei City,5
2023-01-10,Taiwan,Taipei City,2
2023-01-11,Taiwan,Taoyuan,4
2023-02-17,Taiwan,Taichung,3
2023-02-16,Taiwan,New Taipei City,1
2023-02-15,Taiwan,Taipei City,2
2023-02-27,Taiwan,Taipei City,2
2023-02-28,Taiwan,New Taipei City,1
2023-03-04,Taiwan,Taipei City,4
2023-04-10,Taiwan,Hualien,1
2023-10-04,Taiwan,Taipei City,4
2023-07-07,Taiwan,Kaohsiung,1
2023-07-18,Taiwan,Kaohsiung,1
2023-08-24,Taiwan,Taoyuan,2
2023-07-17,Taiwan,Tainan,2
2023-11-21,Taiwan,Taichung,2
2023-03-08,Taiwan,Taoyuan,2
2023-04-13,Taiwan,Taichung,1
2023-07-22,Taiwan,Taipei City,3
2023-05-19,Taiwan,Kaohsiung,1
2023-07-20,Taiwan,Taipei City,3
2023-05-07,Taiwan,Hualien,1
2023-05-16,Taiwan,Taoyuan,1
2023-06-10,Taiwan,Tainan,1
2023-02-17,Taiwan,Taoyuan,4
2023-02-02,Taiwan,Tainan,1
2023-02-01,Taiwan,Taichung,2
2023-03-22,Taiwan,Taoyuan,3
2023-01-06,Taiwan,Taipei City,3
2023-07-24,Taiwan,Tainan,2
2023-05-09,Taiwan,Kaohsiung,1
2023-02-13,Taiwan,Hsinchu City,1
2023-02-13,Taiwan,Taoyuan,1
2023-08-31,Taiwan,Kaohsiung,1
2023-10-18,Taiwan,Tainan,1
2023-05-30,Taiwan,Taichung,2
2023-07-07,Taiwan,Taipei City,1
2023-10-19,Taiwan,Taipei City,4
2023-04-12,Taiwan,Taipei City,2
2023-04-20,Taiwan,Taipei City,6
2023-09-30,Taiwan,Taipei City,3
2023-03-29,Taiwan,Taichung,1
2023-08-26,Taiwan,Taoyuan,1
2023-04-05,Taiwan,Taipei City,4
2023-08-08,Taiwan,Taoyuan,1
2023-09-13,Taiwan,Taoyuan,1
2023-06-29,Taiwan,Tainan,1
2023-05-08,Taiwan,Taipei City,1
2023-06-23,Taiwan,Taipei City,2
2023-09-06,Taiwan,Taipei City,1
2023-09-05,Taiwan,Taichung,3
2023-09-07,Taiwan,Taipei City,5
2023-08-20,Taiwan,Taichung,1
2023-03-25,Taiwan,Taipei City,3
2023-02-03,Taiwan,Taipei City,4
2023-07-25,Taiwan,Taipei City,5
2023-04-25,Taiwan,Miaoli,1
2023-07-07,Taiwan,Taoyuan,1
2023-09-10,Taiwan,Taichung,1
2023-04-26,Taiwan,New Taipei City,1
2023-08-16,Taiwan,Tainan,2
2023-03-01,Taiwan,Taichung,1
2023-10-08,Taiwan,Kaohsiung,1
2023-08-04,Taiwan,Taipei City,2
2023-08-18,Taiwan,Kaohsiung,1
2023-11-01,Taiwan,Taoyuan,3
2023-05-02,Taiwan,Taoyuan,1
2023-05-29,Taiwan,Tainan,1
2023-05-29,Taiwan,Chiayi City,1
2023-10-24,Taiwan,Taipei City,1
2023-03-25,Taiwan,Taichung,2
2023-07-29,Taiwan,Taipei City,5
2023-07-29,Taiwan,Tainan,1
2023-03-10,Taiwan,Taichung,1
2023-02-03,Taiwan,Chiayi City,1
2023-02-25,Taiwan,Taipei City,1
2023-03-21,Taiwan,Taipei City,8
2023-08-01,Taiwan,Tainan,1
2023-04-10,Taiwan,Taipei City,5
2023-03-02,Taiwan,Taichung,2
2023-03-06,Taiwan,Taichung,1
2023-03-06,Taiwan,Taoyuan,4
2023-10-16,Taiwan,Taichung,2
2023-03-27,Taiwan,Taoyuan,1
2023-09-20,Taiwan,Taichung,3
2023-03-08,Taiwan,Kaohsiung,1
2023-04-28,Taiwan,Taipei City,2
2023-11-15,Taiwan,Taipei City,1
2023-09-25,Taiwan,Tainan,1
2023-09-28,Taiwan,Keelung,1
2023-05-24,Taiwan,Taipei City,1
2023-11-12,Taiwan,Taipei City,2
2023-09-13,Taiwan,Tainan,1
2023-10-30,Taiwan,Kaohsiung,1
2023-05-19,Taiwan,Taichung,1
2023-06-15,Taiwan,Taoyuan,1
2023-01-24,Taiwan,Taoyuan,1
2023-05-16,Taiwan,Taipei City,2
2023-02-24,Taiwan,Taipei City,4
2023-01-28,Taiwan,Taipei City,5
2023-05-17,Taiwan,Taoyuan,4
2023-08-21,Taiwan,Taichung,1
2023-10-31,Taiwan,Taoyuan,2
2023-02-13,Taiwan,New Taipei City,1
2023-09-10,Taiwan,Hualien,1
2023-08-17,Taiwan,Taipei City,1
2023-04-22,Taiwan,Taichung,4
2023-05-10,Taiwan,Taichung,1
2023-04-07,Taiwan,Taoyuan,1
2023-11-02,Taiwan,Taipei City,5
2023-11-16,Taiwan,Tainan,1
2023-01-23,Taiwan,Taoyuan,3
2023-04-15,Taiwan,New Taipei City,1
2023-04-06,Taiwan,Taipei City,1
2023-08-18,Taiwan,Taipei City,2
2023-04-13,Taiwan,Taipei City,6
2023-06-30,Taiwan,New Taipei City,1
2023-03-09,Taiwan,Taichung,1
2023-06-27,Taiwan,Taipei City,4
2023-01-02,Taiwan,Taipei City,1
2023-07-21,Taiwan,Taoyuan,1
2023-05-01,Taiwan,Tainan,1
2023-01-09,Taiwan,Chiayi City,1
2023-06-06,Taiwan,Taipei City,4
2023-08-23,Taiwan,New Taipei City,1
2023-07-15,Taiwan,Taipei City,1
2023-07-15,Taiwan,Kaohsiung,2
2023-10-18,Taiwan,Taoyuan,1
2023-03-05,Taiwan,New Taipei City,1
2023-10-02,Taiwan,Tainan,2
2023-10-13,Taiwan,Kaohsiung,2
2023-04-20,Taiwan,Kaohsiung,1
2023-10-25,Taiwan,Taichung,2
2023-04-05,Taiwan,Taichung,1
2023-09-03,Taiwan,Taipei City,1
2023-04-29,Taiwan,Taoyuan,1
2023-09-14,Taiwan,Kaohsiung,1
2023-08-07,Taiwan,New Taipei City,1
2023-08-07,Taiwan,Taoyuan,1
2023-02-10,Taiwan,Taoyuan,3
2023-05-19,Taiwan,Chiayi County,1
2023-01-17,Taiwan,Taipei City,2
2023-06-12,Taiwan,Taipei City,4
2023-04-08,Taiwan,Taoyuan,1
2023-06-22,Taiwan,Taoyuan,1
2023-01-12,Taiwan,Taipei City,2
2023-08-21,Taiwan,Taoyuan,1
2023-02-01,Taiwan,New Taipei City,1
2023-02-04,Taiwan,Taipei City,1
2023-10-22,Taiwan,Taoyuan,1
2023-06-08,Taiwan,Tainan,1
2023-02-03,Taiwan,Hsinchu City,1
2023-07-23,Taiwan,Tainan,2
2023-08-15,Taiwan,Hualien,1
2023-09-21,Taiwan,Taipei City,5
2023-03-17,Taiwan,Taichung,1
2023-08-14,Taiwan,Taipei City,3
2023-03-02,Taiwan,Taipei City,9
2023-09-10,Taiwan,New Taipei City,1
2023-04-27,Taiwan,Nantou,1
2023-10-02,Taiwan,Taipei City,3
2023-11-21,Taiwan,Taoyuan,1
2023-05-11,Taiwan,Kaohsiung,1
2023-08-08,Taiwan,Tainan,1
2023-09-04,Taiwan,Taipei City,1
2023-09-28,Taiwan,Taipei City,5
2023-09-27,Taiwan,Taipei City,4
2023-02-23,Taiwan,Taoyuan,1
2023-01-25,Taiwan,Taichung,4
2023-06-10,Taiwan,Taoyuan,1
2023-08-20,Taiwan,Taipei City,2
2023-10-10,Taiwan,Keelung,1
2023-05-30,Taiwan,Tainan,1
2023-08-28,Taiwan,Chiayi City,1
2023-10-16,Taiwan,Kaohsiung,1
2023-03-19,Taiwan,Kaohsiung,2
2023-04-26,Taiwan,Kaohsiung,2
2023-03-28,Taiwan,Taoyuan,1
2023-04-22,Taiwan,Tainan,1
2023-04-05,Taiwan,Taoyuan,1
2023-08-09,Taiwan,Tainan,3
2023-08-09,Taiwan,Taichung,1
2023-05-12,Taiwan,Taipei City,2
2023-06-01,Taiwan,Hualien,1
2023-05-05,Taiwan,Kaohsiung,1
2023-02-21,Taiwan,Taoyuan,1
2023-05-29,Taiwan,Hualien,2
2023-02-04,Taiwan,New Taipei City,1
2023-03-24,Taiwan,Taichung,2
2023-01-06,Taiwan,Taoyuan,1
2023-06-19,Taiwan,Tainan,1
2023-10-31,Taiwan,Taichung,1
2023-11-11,Taiwan,Taoyuan,1
2023-11-11,Taiwan,Kaohsiung,1
2023-10-29,Taiwan,Taoyuan,1
2023-08-03,Taiwan,Taipei City,2
2023-08-17,Taiwan,Chiayi City,4
2023-10-14,Taiwan,Kaohsiung,1
2023-05-26,Taiwan,Taichung,1
2023-05-28,Taiwan,Taipei City,5
2023-09-17,Taiwan,Taoyuan,1
2023-04-15,Taiwan,Tainan,1
2023-05-20,Taiwan,Taichung,2
2023-04-28,Taiwan,Kaohsiung,1
2023-03-07,Taiwan,Taoyuan,1
2023-03-09,Taiwan,Taipei City,4
2023-02-10,Taiwan,Kaohsiung,1
2023-05-08,Taiwan,Taoyuan,3
2023-01-03,Taiwan,Hualien,1
2023-11-07,Taiwan,Tainan,1
2023-11-07,Taiwan,Taoyuan,1
2023-02-18,Taiwan,Taipei City,4
2023-05-31,Taiwan,Nantou,1
2023-03-03,Taiwan,Taipei City,2
2023-11-11,Taiwan,Taichung,1
2023-04-12,Taiwan,New Taipei City,1
2023-04-11,Taiwan,Hualien,2
2023-08-11,Taiwan,Kaohsiung,1
2023-09-30,Taiwan,Hualien,1
2023-09-30,Taiwan,Kaohsiung,1
2023-04-22,Taiwan,Taipei City,5
2023-05-11,Taiwan,Taipei City,3
2023-04-04,Taiwan,Taipei City,2
2023-11-14,Taiwan,Taoyuan,2
2023-04-15,Taiwan,Yilan,1
2023-09-11,Taiwan,Tainan,1
2023-04-28,Taiwan,Taoyuan,1
2023-04-16,Taiwan,Taichung,1
2023-07-13,Taiwan,Taipei City,1
2023-03-22,Taiwan,Taichung,2
2023-06-19,Taiwan,Taipei City,1
2023-02-14,Taiwan,Taipei City,3
2023-02-28,Taiwan,Taipei City,2
2023-07-08,Taiwan,Kaohsiung,1
2023-07-03,Taiwan,Taipei City,5
2023-11-02,Taiwan,Taoyuan,1
2023-05-13,Taiwan,Taipei City,4
2023-10-07,Taiwan,Taoyuan,2
2023-09-12,Taiwan,Tainan,2
2023-10-09,Taiwan,Kaohsiung,1
2023-01-30,Taiwan,Taichung,2
2023-03-09,Taiwan,Kaohsiung,1
2023-03-30,Taiwan,Taipei City,1
2023-06-22,Taiwan,Taipei City,1
2023-03-10,Taiwan,Taipei City,10
2023-02-27,Taiwan,Taoyuan,2
2023-03-04,Taiwan,Kaohsiung,1
2023-03-03,Taiwan,Kaohsiung,1
2023-11-10,Taiwan,New Taipei City,1
2023-10-18,Taiwan,Taipei City,4
2023-10-29,Taiwan,Tainan,1
2023-11-22,Taiwan,Taichung,1
2023-07-17,Taiwan,Taipei City,3
2023-08-13,Taiwan,Taipei City,1
2023-11-04,Taiwan,Taipei City,2
2023-09-29,Taiwan,Taichung,1
2023-04-14,Taiwan,Taipei City,2
2023-05-08,Taiwan,Hualien,1
2023-01-13,Taiwan,Taipei City,3
2023-06-25,Taiwan,Taipei City,1
2023-01-26,Taiwan,Hsinchu City,1
2023-03-24,Taiwan,Taoyuan,1
2023-05-09,Taiwan,Hualien,1
2023-02-28,Taiwan,Taichung,1
2023-06-18,Taiwan,Taoyuan,1
2023-04-10,Taiwan,New Taipei City,1
2023-08-12,Taiwan,New Taipei City,1
2023-11-05,Taiwan,Taoyuan,4
2023-05-13,Taiwan,Taichung,1
2023-09-19,Taiwan,Tainan,1
2023-03-08,Taiwan,Taipei City,8
2023-04-03,Taiwan,New Taipei City,1
2023-06-11,Taiwan,Tainan,1
2023-03-23,Taiwan,Taoyuan,1
2023-01-09,Taiwan,Taichung,1
2023-07-23,Taiwan,Taichung,1
2023-08-15,Taiwan,Taipei City,3
2023-09-21,Taiwan,Taoyuan,1
2023-04-22,Taiwan,Changhua,1
2023-03-29,Taiwan,Taipei City,3
2023-03-01,Taiwan,Taoyuan,1
2023-11-04,Taiwan,Taoyuan,2
2023-04-18,Taiwan,Kaohsiung,2
2023-05-12,Taiwan,Taoyuan,1
2023-01-30,Taiwan,Tainan,1
2023-04-01,Taiwan,Taipei City,5
2023-06-14,Taiwan,Taipei City,4
2023-04-09,Taiwan,Taoyuan,1
2023-05-15,Taiwan,Kaohsiung,1
2023-07-21,Taiwan,Taipei City,1
2023-05-17,Taiwan,Taipei City,5
2023-07-31,Taiwan,Tainan,1
2023-11-08,Taiwan,Kaohsiung,1
2023-04-30,Taiwan,Hsinchu City,1
2023-08-30,Taiwan,Hualien,2
2023-05-31,Taiwan,Taoyuan,1
2023-10-18,Taiwan,Kaohsiung,1
2023-04-27,Taiwan,Taipei City,1
2023-04-27,Taiwan,Taoyuan,3
2023-08-17,Taiwan,Taoyuan,1
2023-08-25,Taiwan,Taoyuan,2
2023-07-18,Taiwan,Taipei City,3
2023-03-13,Taiwan,Taipei City,4
2023-04-22,Taiwan,New Taipei City,2
2023-02-08,Taiwan,Taipei City,2
2023-09-29,Taiwan,Taipei City,3
2023-01-23,Taiwan,Taipei City,3
2023-05-24,Taiwan,Kaohsiung,1
2023-04-16,Taiwan,Taipei City,4
2023-05-23,Taiwan,Taipei City,3
2023-01-14,Taiwan,Tainan,1
2023-01-11,Taiwan,Taipei City,1
2023-11-07,Taiwan,Miaoli,1
2023-05-04,Taiwan,Taipei City,1
2023-07-30,Taiwan,Tainan,2
2023-03-11,Taiwan,Taipei City,3
2023-07-15,Taiwan,Taoyuan,3
2023-03-24,Taiwan,Taipei City,2
2023-07-24,Taiwan,Taipei City,2
2023-08-30,Taiwan,Kaohsiung,1
2023-07-11,Taiwan,Kaohsiung,1
2023-02-13,Taiwan,Taichung,4
2023-07-07,Taiwan,Tainan,1
2023-08-11,Taiwan,New Taipei City,1
2023-01-20,Taiwan,Taichung,2
2023-04-07,Taiwan,Kaohsiung,1
2023-05-28,Taiwan,Taichung,1
2023-10-09,Taiwan,Taipei City,1
2023-11-13,Taiwan,Taoyuan,1
2023-01-18,Taiwan,Taoyuan,2
2023-01-02,Taiwan,Kaohsiung,1
2023-03-30,Taiwan,Keelung,1
2023-01-03,Taiwan,Kaohsiung,1
2023-07-13,Taiwan,Tainan,1
2023-06-09,Taiwan,Kaohsiung,1
2023-03-10,Taiwan,New Taipei City,1
2023-06-03,Taiwan,Tainan,1
2023-06-17,Taiwan,Taipei City,4
2023-06-02,Taiwan,Kaohsiung,2
2023-08-31,Taiwan,Tainan,2
2023-08-14,Taiwan,Taoyuan,2
2023-03-02,Taiwan,Taoyuan,2
2023-04-27,Taiwan,Hualien,1
2023-03-05,Taiwan,Taipei City,4
2023-10-02,Taiwan,Kaohsiung,2
2023-04-26,Taiwan,Chiayi City,1
2023-08-11,Taiwan,Taipei City,4
2023-04-20,Taiwan,Chiayi County,1
2023-08-10,Taiwan,Hualien,1
2023-03-29,Taiwan,New Taipei City,1
2023-09-29,Taiwan,Taoyuan,2
2023-11-03,Taiwan,Kaohsiung,3
2023-09-19,Taiwan,Taichung,1
2023-04-15,Taiwan,Nantou,1
2023-04-17,Taiwan,Taichung,1
2023-09-09,Taiwan,Taipei City,1
2023-05-01,Taiwan,Hualien,2
2023-05-03,Taiwan,Kaohsiung,1
2023-02-02,Taiwan,Taipei City,3
2023-07-01,Taiwan,Taoyuan,1
2023-06-03,Taiwan,Taoyuan,1
2023-05-30,Taiwan,Taoyuan,2
2023-07-09,Taiwan,Taipei City,4
2023-10-14,Taiwan,Taoyuan,1
2023-03-01,Taiwan,Kaohsiung,1
2023-04-21,Taiwan,Nantou,1
2023-04-19,Taiwan,Hualien,1
2023-01-22,Taiwan,Taipei City,2
2023-05-27,Taiwan,Taipei City,1
2023-10-09,Taiwan,Yilan,1
2023-06-29,Taiwan,Taipei City,3
2023-01-14,Taiwan,Hualien,2
2023-06-15,Taiwan,Taipei City,2
2023-09-09,Taiwan,Tainan,1
2023-05-01,Taiwan,Taoyuan,1
2023-09-05,Taiwan,New Taipei City,1
2023-02-20,Taiwan,Taipei City,3
2023-03-23,Taiwan,Taipei City,1
2023-03-10,Taiwan,Hualien,1
2023-06-17,Taiwan,Taichung,2
2023-10-31,Taiwan,Hualien,1
2023-09-24,Taiwan,Taipei City,1
2023-08-10,Taiwan,Tainan,1
2023-10-25,Taiwan,Hualien,1
2023-09-02,Taiwan,Kaohsiung,1
2023-04-19,Taiwan,Taichung,2
2023-09-16,Taiwan,Taipei City,1
2023-04-18,Taiwan,Taipei City,4
2023-01-31,Taiwan,Hualien,1
2023-11-01,Taiwan,Tainan,1
2023-08-06,Taiwan,Taipei City,3
2023-04-01,Taiwan,Hsinchu County,1
2023-01-14,Taiwan,Taipei City,1
2023-01-03,Taiwan,Taipei City,4
2023-04-08,Taiwan,Nantou,1
2023-01-02,Taiwan,Taoyuan,1
2023-09-05,Taiwan,Taipei City,4
2023-01-28,Taiwan,Taichung,2
2023-05-03,Taiwan,Taichung,2
2023-02-02,Taiwan,New Taipei City,1
2023-03-22,Taiwan,Taipei City,3
2023-03-10,Taiwan,Taoyuan,1
2023-01-07,Taiwan,Taoyuan,1
2023-10-03,Taiwan,Kaohsiung,2
2023-09-20,Taiwan,Taipei City,2
2023-05-26,Taiwan,Kaohsiung,1
2023-09-04,Taiwan,Tainan,3
2023-09-18,Taiwan,Hualien,1
2023-03-08,Taiwan,Hualien,3
2023-04-14,Taiwan,Hualien,1
2023-11-01,Taiwan,Taichung,2
2023-11-12,Taiwan,Kaohsiung,1
2023-01-01,Taiwan,Kaohsiung,2
2023-05-05,Taiwan,Taoyuan,3
2023-04-08,Taiwan,Taipei City,4
2023-06-21,Taiwan,Tainan,1
2023-08-21,Taiwan,Taipei City,2
2023-02-01,Taiwan,Chiayi City,2
2023-01-19,Taiwan,Chiayi City,2
2023-05-09,Taiwan,Taipei City,2
2023-02-11,Taiwan,Taipei City,1
2023-07-26,Taiwan,Taipei City,1
2023-06-18,Taiwan,Taipei City,3
2023-08-29,Taiwan,Taoyuan,1
2023-09-20,Taiwan,Kaohsiung,1
2023-10-12,Taiwan,Taipei City,2
2023-09-02,Taiwan,Taipei City,3
2023-05-25,Taiwan,Taichung,1
2023-04-18,Taiwan,Yilan,1
2023-01-22,Taiwan,Taoyuan,2
2023-11-14,Taiwan,Taipei City,3
2023-04-03,Taiwan,Taoyuan,1
2023-02-21,Taiwan,Tainan,1
2023-03-30,Taiwan,Taoyuan,1
2023-06-24,Taiwan,Tainan,1
2023-01-27,Taiwan,Taipei City,4
2023-07-14,Taiwan,Taipei City,2
2023-06-07,Taiwan,Taoyuan,1
2023-08-23,Taiwan,Taipei City,1
2023-02-14,Taiwan,Taichung,1
2023-06-18,Taiwan,Tainan,2
2023-08-31,Taiwan,New Taipei City,1
2023-04-25,Taiwan,Taoyuan,1
2023-03-18,Taiwan,Taipei City,2
2023-04-24,Taiwan,Taipei City,4
2023-09-24,Taiwan,Kaohsiung,1
2023-07-03,Taiwan,Taoyuan,1
2023-04-19,Taiwan,New Taipei City,1
2023-08-09,Taiwan,Taipei City,3
2023-04-15,Taiwan,Taoyuan,2
2023-10-09,Taiwan,Keelung,2
2023-11-13,Taiwan,New Taipei City,1
2023-10-05,Taiwan,Taipei City,1
2023-02-21,Taiwan,Taipei City,4
2023-05-07,Taiwan,Taipei City,5
2023-01-25,Taiwan,Taoyuan,2
2023-02-24,Taiwan,Taichung,2
2023-01-26,Taiwan,Taipei City,3
2023-07-12,Turkey,Yıldırım,1
2023-09-23,Turkey,Konak,1
2023-02-07,Turkey,Pendik,1
2023-10-14,Turkey,Kağıthane,1
2023-10-11,Turkey,Yıldırım,1
2023-04-21,Turkey,Konak,1
2023-09-26,Turkey,Fatih,1
2023-04-13,Turkey,Fatih,1
2023-03-09,Turkey,Bakırköy,1
2023-04-02,Turkey,Melikgazi,1
2023-01-03,Turkey,Eyüp,1
2023-01-28,Turkey,Beyoğlu,1
2023-02-20,Turkey,Çankaya,1
2023-03-22,Turkey,Çankaya,1
2023-02-04,Turkey,Çankaya,2
2023-02-11,Turkey,Çankaya,1
2023-06-05,Turkey,Merkez,1
2023-02-13,Turkey,Şişli,1
2023-07-08,Turkey,Merkez,1
2023-11-10,Turkey,Merkez,2
2023-02-06,Turkey,Fatih,1
2023-03-13,Turkey,Şehitkamil,1
2023-03-07,Turkey,Şişli,3
2023-01-18,Turkey,Fatih,1
2023-03-31,Turkey,Arnavutkoy,1
2023-01-02,Turkey,Fatih,1
2023-09-06,Turkey,Merkez,1
2023-10-24,Turkey,Fatih,1
2023-07-02,Turkey,Merkez,1
2023-07-16,Turkey,Ürgüp,2
2023-01-07,Turkey,Fatih,1
2023-10-15,Turkey,Bahçelievler,1
2023-08-03,Turkey,Merkez,1
2023-07-09,Turkey,Beyoğlu,1
2023-02-09,Turkey,Fatih,6
2023-02-08,Turkey,Kadıköy,1
2023-11-01,Turkey,Beyoğlu,1
2023-11-15,Turkey,Beyoğlu,1
2023-02-10,Turkey,Beyoğlu,2
2023-05-07,Turkey,Şişli,1
2023-11-06,Turkey,Konak,1
2023-02-16,Turkey,Pendik,1
2023-07-27,Turkey,Fatih,1
2023-02-04,Turkey,Fatih,1
2023-06-09,Turkey,Bakırköy,1
2023-02-27,Turkey,Beyoğlu,1
2023-01-08,Turkey,Selçuklu,1
2023-06-04,Turkey,Tuzla,1
2023-07-25,Turkey,Beyoğlu,1
2023-09-21,Turkey,Küçükçekmece,1
2023-03-06,Turkey,Şişli,1
2023-10-15,Turkey,Pendik,1
2023-04-05,Turkey,Fatih,1
2023-09-04,Turkey,Çankaya,1
2023-01-31,Turkey,Fatih,7
2023-04-09,Turkey,Bodrum,1
2023-07-14,Turkey,Akköy,1
2023-10-20,Turkey,Ümraniye,1
2023-03-20,Turkey,Fatih,1
2023-09-22,Turkey,Konak,1
2023-10-19,Turkey,Merkez,1
2023-09-24,Turkey,Urla,2
2023-03-29,Turkey,Kadıköy,1
2023-11-17,Turkey,Beşiktaş,1
2023-02-22,Turkey,Bakırköy,1
2023-05-05,Turkey,Merkez,2
2023-05-01,Turkey,Fatih,1
2023-07-14,Turkey,Beşiktaş,3
2023-03-23,Turkey,Beşiktaş,1
2023-07-13,Turkey,Çankaya,1
2023-02-01,Turkey,Akköy,1
2023-01-05,Turkey,Nilüfer,1
2023-02-28,Turkey,Beyoğlu,1
2023-08-17,Turkey,Fatih,1
2023-07-17,Turkey,Çankaya,1
2023-03-01,Turkey,Arnavutkoy,1
2023-04-29,Turkey,Fatih,1
2023-03-09,Turkey,Şişli,1
2023-01-01,Turkey,Fatih,2
2023-01-25,Turkey,Fatih,1
2023-09-07,Turkey,Atasehir,1
2023-03-23,Turkey,Fatih,1
2023-05-30,Turkey,Zeytinburnu,1
2023-10-02,Turkey,Fatih,2
2023-08-10,Turkey,Fatih,1
2023-08-10,Turkey,Esenler,7
2023-03-16,Turkey,Arnavutkoy,1
2023-04-05,Turkey,Beyoğlu,1
2023-09-16,Turkey,Fatih,1
2023-09-01,Turkey,Merkez,1
2023-09-15,Turkey,Fatih,3
2023-11-18,Turkey,Fatih,1
2023-04-06,Turkey,Beyoğlu,1
2023-01-30,Turkey,Beyoğlu,2
2023-05-08,Turkey,Beyoğlu,1
2023-01-02,Turkey,Kadıköy,1
2023-07-21,Turkey,Çubuk,1
2023-04-30,Turkey,Eyüp,1
2023-10-10,Turkey,Beyoğlu,1
2023-02-03,Turkey,Merkez,1
2023-07-23,Turkey,Beyoğlu,1
2023-03-05,Turkey,Akköy,1
2023-11-03,Turkey,Fatih,2
2023-05-21,Turkey,Fatih,2
2023-09-14,Turkey,Fatih,1
2023-04-16,Turkey,Fatih,1
2023-01-29,Turkey,Çankaya,1
2023-01-02,Turkey,Esenler,1
2023-05-29,Turkey,Merkez,1
2023-10-23,Turkey,Şişli,1
2023-07-13,Turkey,Ürgüp,1
2023-10-10,Turkey,Merkez,1
2023-07-24,Turkey,Yıldırım,1
2023-03-02,Turkey,Akköy,1
2023-09-23,Turkey,Çeşme,1
2023-09-20,Turkey,Merkez,1
2023-10-26,Turkey,Fatih,3
2023-03-29,Turkey,Fatih,2
2023-01-21,Turkey,Merkez,2
2023-01-20,Turkey,Pendik,1
2023-11-03,Turkey,Merkez,2
2023-09-19,Turkey,Esenler,1
2023-08-05,Turkey,Arnavutkoy,1
2023-04-13,Turkey,Arnavutkoy,1
2023-05-24,Turkey,Beyoğlu,1
2023-09-27,Turkey,Beyoğlu,1
2023-06-12,Turkey,Kadıköy,1
2023-06-23,Turkey,Fatih,3
2023-09-09,Turkey,Merkez,1
2023-01-10,Turkey,Beyoğlu,1
2023-09-05,Turkey,Melikgazi,1
2023-07-21,Turkey,Arnavutkoy,1
2023-08-21,Turkey,Fatih,1
2023-10-10,Turkey,Fatih,1
2023-07-15,Turkey,Kestel,2
2023-06-02,Turkey,Yıldırım,1
2023-10-17,Turkey,Fatih,1
2023-03-28,Turkey,Fatih,1
2023-11-20,Turkey,Beyoğlu,1
2023-03-01,Turkey,Fatih,1
2023-08-26,Turkey,Şişli,1
2023-04-21,Turkey,Arnavutkoy,1
2023-09-02,Turkey,Beyoğlu,1
2023-09-02,Turkey,Karamürsel,1
2023-11-17,Turkey,Fatih,1
2023-04-14,Turkey,Beyoğlu,1
2023-01-30,Turkey,Fatih,3
2023-02-10,Turkey,Arnavutkoy,1
2023-05-19,Turkey,Konak,1
2023-06-12,Turkey,Beyoğlu,1
2023-01-03,Turkey,Tuzla,1
2023-09-09,Turkey,Beyoğlu,4
2023-02-17,Turkey,Arnavutkoy,1
2023-06-08,Turkey,Çankaya,1
2023-01-08,Turkey,Kızıltepe,1
2023-03-04,Turkey,Beyoğlu,3
2023-07-08,Turkey,Çankaya,1
2023-03-05,Turkey,Fatih,1
2023-05-21,Turkey,Esenler,1
2023-05-20,Turkey,Beşiktaş,1
2023-02-10,Turkey,Selçuklu,1
2023-11-09,Turkey,Fatih,2
2023-10-23,Turkey,Beyoğlu,2
2023-02-02,Turkey,Merkez,1
2023-03-25,Turkey,Melikgazi,1
2023-03-24,Turkey,Zeytinburnu,1
2023-02-03,Turkey,Fatih,2
2023-02-03,Turkey,Çankaya,2
2023-06-17,Turkey,Bodrum,1
2023-02-25,Turkey,Fatih,1
2023-03-20,Turkey,Beyoğlu,1
2023-03-19,Turkey,Beşiktaş,1
2023-03-27,Turkey,Fatih,1
2023-10-14,Turkey,Fatih,2
2023-09-04,Turkey,Şişli,1
2023-11-03,Turkey,Yıldırım,1
2023-06-20,Turkey,Merkez,2
2023-03-08,Turkey,Fatih,2
2023-11-15,Turkey,Fatih,2
2023-10-09,Turkey,Ürgüp,1
2023-02-10,Turkey,Çankaya,2
2023-05-19,Turkey,Arnavutkoy,1
2023-07-14,Turkey,Merkez,1
2023-03-20,Turkey,Merkez,2
2023-04-10,Turkey,Beyoğlu,1
2023-07-03,Turkey,Beşiktaş,1
2023-03-15,Turkey,Fatih,2
2023-01-21,Turkey,Yıldırım,1
2023-09-15,Turkey,Selçuk,1
2023-09-25,Turkey,Esenler,1
2023-04-02,Turkey,Akköy,1
2023-06-29,Turkey,Fatih,1
2023-03-30,Turkey,Çankaya,2
2023-02-23,Turkey,Pendik,1
2023-04-08,Turkey,Basaksehir,1
2023-05-15,Turkey,Fatih,1
2023-02-24,Turkey,Melikgazi,1
2023-01-11,Turkey,Kadıköy,1
2023-04-30,Turkey,Fatih,1
2023-06-07,Turkey,Merkez,1
2023-01-08,Turkey,Merkez,1
2023-10-17,Turkey,Beyoğlu,1
2023-11-11,Turkey,Fatih,2
2023-10-01,Turkey,Fatih,1
2023-09-20,Turkey,Fatih,2
2023-07-19,Turkey,Beyoğlu,1
2023-05-11,Turkey,Merkez,3
2023-09-25,Turkey,Fatih,1
2023-05-19,Turkey,Merkez,1
2023-01-12,Turkey,Çankaya,2
2023-02-15,Turkey,Beyoğlu,1
2023-06-02,Turkey,Beyoğlu,3
2023-08-31,Turkey,Beyoğlu,2
2023-03-18,Turkey,Beyoğlu,1
2023-04-10,Turkey,Şişli,4
2023-02-07,Turkey,Fatih,1
2023-07-06,Turkey,Balçova,1
2023-02-08,Turkey,Akköy,1
2023-04-07,Turkey,Şişli,1
2023-01-23,Turkey,Fatih,1
2023-09-19,Turkey,"Avanos
",1
2023-09-12,Turkey,Fatih,2
2023-09-12,Turkey,Merkez,1
2023-06-13,Turkey,Beyoğlu,1
2023-03-31,Turkey,Alaşehir,1
2023-06-22,Turkey,Gebze,1
2023-01-06,Turkey,Fatih,5
2023-02-13,Turkey,Fatih,1
2023-10-17,Turkey,Pendik,1
2023-10-02,Turkey,Zeytinburnu,1
2023-09-16,Turkey,Yıldırım,1
2023-01-02,Turkey,Konak,1
2023-06-10,Turkey,Beyoğlu,1
2023-09-08,Turkey,Fatih,1
2023-10-21,Turkey,Kadıköy,1
2023-07-12,Turkey,Beyoğlu,1
2023-03-21,Turkey,Beşiktaş,1
2023-03-21,Turkey,Merkez,1
2023-03-18,Turkey,Fatih,3
2023-05-30,Turkey,Beyoğlu,1
2023-04-23,Turkey,Fatih,1
2023-03-12,Turkey,Fatih,1
2023-05-26,Turkey,Yıldırım,1
2023-05-14,Turkey,Fatih,1
2023-09-11,Turkey,Beyoğlu,2
2023-01-01,Turkey,Beyoğlu,1
2023-03-30,Turkey,Fatih,2
2023-01-03,Turkey,Merkez,3
2023-04-08,Turkey,Arnavutkoy,1
2023-11-06,Turkey,Şişli,2
2023-01-27,Turkey,Fatih,2
2023-01-26,Turkey,Beyoğlu,1
2023-02-17,Turkey,Melikgazi,1
2023-03-26,Turkey,Melikgazi,1
2023-08-22,Turkey,Beyoğlu,1
2023-07-15,Turkey,Beşiktaş,1
2023-01-08,Turkey,Yıldırım,1
2023-08-17,Turkey,Eyüp,1
2023-03-16,Turkey,Fatih,1
2023-10-25,Turkey,Beyoğlu,1
2023-08-08,Turkey,Çeşme,1
2023-01-22,Turkey,Polatlı,1
2023-03-08,Turkey,Merkez,1
2023-11-01,Turkey,Şişli,2
2023-08-06,Turkey,Beyoğlu,1
2023-11-09,Turkey,Tire,1
2023-11-09,Turkey,Kemer,1
2023-01-26,Turkey,Merkez,1
2023-10-23,Turkey,Beşiktaş,1
2023-02-16,Turkey,Tuzla,2
2023-02-19,Turkey,Fatih,5
2023-03-10,Turkey,Fatih,3
2023-01-19,Turkey,Ürgüp,1
2023-05-31,Turkey,Melikgazi,1
2023-07-07,Turkey,Beşiktaş,1
2023-08-28,Turkey,Fatih,2
2023-04-27,Turkey,Fatih,2
2023-10-28,Turkey,Fatih,1
2023-09-29,Turkey,Beyoğlu,1
2023-05-10,Turkey,Beyoğlu,1
2023-11-16,Turkey,Merkez,1
2023-01-23,Turkey,Şişli,1
2023-09-12,Turkey,Akköy,1
2023-05-23,Turkey,Merkez,1
2023-10-05,Turkey,Arnavutkoy,1
2023-05-08,Turkey,Çankaya,1
2023-02-21,Turkey,Merkez,1
2023-01-24,Turkey,Beyoğlu,2
2023-02-20,Turkey,Fatih,1
2023-05-04,Turkey,Fatih,1
2023-06-21,Turkey,Fatih,2
2023-03-25,Turkey,Bakırköy,1
2023-01-04,Turkey,Merkez,2
2023-07-08,Turkey,Beyoğlu,2
2023-11-10,Turkey,Selçuklu,1
2023-03-17,Turkey,Yıldırım,1
2023-07-03,Turkey,Merkez,1
2023-04-18,Turkey,Selçuk,1
2023-01-22,Turkey,Fatih,4
2023-09-03,Turkey,Develi,1
2023-09-25,Turkey,Şişli,1
2023-03-09,Turkey,Beyoğlu,2
2023-11-12,Turkey,Kuşadası,1
2023-05-07,Turkey,Büyükçekmece,1
2023-01-25,Turkey,Merkez,1
2023-07-21,Turkey,Balçova,1
2023-10-24,Turkey,Yıldırım,1
2023-03-26,Turkey,Yıldırım,1
2023-07-29,Turkey,Fatih,1
2023-07-12,Turkey,Merkez,2
2023-01-08,Turkey,Çankaya,2
2023-09-22,Turkey,Zeytinburnu,1
2023-08-28,Turkey,Merkez,1
2023-10-15,Turkey,Şişli,1
2023-03-05,Turkey,Beyoğlu,3
2023-05-11,Turkey,Fatih,4
2023-11-18,Turkey,Çankaya,1
2023-05-28,Turkey,Beyoğlu,1
2023-05-24,Turkey,Zeytinburnu,1
2023-01-14,Turkey,Beyoğlu,2
2023-06-15,Turkey,Fatih,1
2023-07-01,Turkey,Pendik,1
2023-07-01,Turkey,Fatih,1
2023-03-10,Turkey,Beyoğlu,1
2023-02-12,Turkey,Beyoğlu,2
2023-08-30,Turkey,Beyoğlu,1
2023-04-10,Turkey,Küçükçekmece,1
2023-10-29,Turkey,Beyoğlu,1
2023-09-23,Turkey,Beyoğlu,2
2023-10-13,Turkey,Akköy,1
2023-10-28,Turkey,Tuzla,1
2023-09-29,Turkey,Merkez,1
2023-09-27,Turkey,Fatih,1
2023-08-06,Turkey,Merkez,1
2023-02-20,Turkey,Merkez,1
2023-06-24,Turkey,Merkez,1
2023-07-30,Turkey,Çankaya,1
2023-07-27,Turkey,Beyoğlu,1
2023-01-19,Turkey,Şişli,1
2023-02-28,Turkey,Melikgazi,1
2023-11-21,Turkey,Çankaya,1
2023-03-16,Turkey,Selçuk,1
2023-05-21,Turkey,Beyoğlu,1
2023-09-11,Turkey,Üsküdar,1
2023-08-07,Turkey,Yıldırım,1
2023-09-13,Turkey,Beyoğlu,2
2023-03-31,Turkey,Fatih,1
2023-11-09,Turkey,Kuşadası,1
2023-01-16,Turkey,Konak,1
2023-01-11,Turkey,Fatih,2
2023-01-13,Turkey,Fatih,1
2023-11-07,Turkey,Merkez,1
2023-05-17,Turkey,Beyoğlu,1
2023-02-04,Turkey,Merkez,1
2023-10-16,Turkey,Merkez,2
2023-04-12,Turkey,Beyoğlu,1
2023-02-06,Turkey,Arnavutkoy,2
2023-10-28,Turkey,Beyoğlu,1
2023-11-21,Turkey,Konak,1
2023-10-25,Turkey,Pendik,1
2023-03-08,Turkey,Şişli,1
2023-04-29,Turkey,Büyükçekmece,1
2023-10-09,Turkey,Şişli,1
2023-03-09,Turkey,Fatih,4
2023-01-17,Turkey,Beşiktaş,1
2023-01-02,Turkey,Yıldırım,1
2023-02-16,Turkey,Beşiktaş,1
2023-03-11,Turkey,Fatih,1
2023-07-24,Turkey,Beyoğlu,3
2023-02-26,Turkey,Merkez,1
2023-10-01,Turkey,Çankaya,1
2023-10-27,Turkey,Merkez,1
2023-02-07,Turkey,Yüreğir,1
2023-03-27,Turkey,Merkez,1
2023-10-08,Turkey,Yıldırım,1
2023-03-08,Turkey,Beyoğlu,2
2023-04-16,Turkey,Merkez,2
2023-06-30,Turkey,Fatih,1
2023-05-06,Turkey,Akköy,1
2023-03-31,Turkey,Beyoğlu,1
2023-01-10,Turkey,Esenler,2
2023-04-30,Turkey,Ürgüp,1
2023-02-16,Turkey,Merkez,1
2023-01-09,Turkey,Bahçelievler,1
2023-07-24,Turkey,Fatih,1
2023-02-26,Turkey,Beyoğlu,1
2023-07-26,Turkey,Şişli,1
2023-10-18,Turkey,Beylikduzu,1
2023-08-28,Turkey,Esenler,1
2023-03-06,Turkey,Fatih,2
2023-08-03,Turkey,Beyoğlu,1
2023-08-02,Turkey,Balçova,1
2023-08-11,Turkey,Fatih,3
2023-10-28,Turkey,Arnavutkoy,1
2023-09-01,Turkey,Beyoğlu,1
2023-04-18,Turkey,Fatih,1
2023-09-18,Turkey,Beyoğlu,1
2023-08-04,Turkey,Fatih,2
2023-05-24,Turkey,Esenler,1
2023-06-27,Turkey,Merkez,1
2023-05-19,Turkey,Fatih,1
2023-04-09,Turkey,Beyoğlu,1
2023-06-10,Turkey,Fatih,4
2023-11-08,Turkey,Fatih,2
2023-10-31,Turkey,Merkez,1
2023-03-18,Turkey,Gebze,2
2023-04-24,Turkey,Çankaya,2
2023-09-21,Turkey,Merkez,2
2023-10-29,Turkey,Pendik,1
2023-03-19,Turkey,Merkez,1
2023-04-04,Turkey,Beyoğlu,1
2023-01-20,Turkey,Fatih,2
2023-09-25,Turkey,Kuşadası,1
2023-09-28,Turkey,Fatih,4
2023-08-07,Turkey,Beşiktaş,1
2023-01-29,Turkey,Fatih,1
2023-01-16,Turkey,Beyoğlu,2
2023-05-01,Turkey,Kadıköy,1
2023-07-30,Turkey,Fatih,2
2023-10-23,Turkey,Nilüfer,1
2023-02-05,Turkey,Fatih,1
2023-03-24,Turkey,Selçuk,1
2023-11-20,Turkey,Şişli,1
2023-08-24,Turkey,Beyoğlu,1
2023-09-30,Turkey,Fatih,1
2023-11-02,Turkey,Basaksehir,1
2023-09-18,Turkey,Nilüfer,1
2023-08-19,Turkey,Beşiktaş,1
2023-09-26,Turkey,Bodrum,1
2023-11-12,Turkey,Küçükçekmece,1
2023-04-02,Turkey,Selçuk,1
2023-05-03,Turkey,Arnavutkoy,1
2023-03-23,Turkey,Yıldırım,1
2023-03-22,Turkey,Beyoğlu,2
2023-02-18,Turkey,Beyoğlu,1
2023-02-28,Turkey,Merkez,1
2023-04-25,Turkey,Ürgüp,1
2023-07-08,Turkey,Fatih,2
2023-08-16,Turkey,Fatih,1
2023-04-20,Turkey,Akköy,1
2023-01-21,Turkey,Beyoğlu,2
2023-08-05,Turkey,Beyoğlu,1
2023-04-02,Turkey,Çankaya,1
2023-01-28,Turkey,Fatih,1
2023-07-14,Turkey,Konak,1
2023-07-28,Turkey,Fatih,2
2023-10-24,Turkey,Merkez,1
2023-02-26,Turkey,Fatih,1
2023-02-11,Turkey,Tuzla,1
2023-11-10,Turkey,Fatih,3
2023-09-24,Turkey,Yıldırım,1
2023-08-25,Turkey,Nilüfer,1
2023-04-07,Turkey,Fatih,1
2023-01-23,Turkey,Gebze,1
2023-09-27,Turkey,Bodrum,1
2023-01-09,Turkey,Yıldırım,1
2023-01-09,Turkey,Tuzla,1
2023-08-23,Turkey,Beyoğlu,1
2023-05-31,Turkey,Fatih,1
2023-07-06,Turkey,Fatih,1
2023-09-16,Turkey,Merkez,1
2023-04-15,Turkey,Beyoğlu,2
2023-04-03,Turkey,Merkez,1
2023-02-02,Turkey,Arnavutkoy,1
2023-02-02,Turkey,Şişli,1
2023-01-09,Turkey,Fatih,1
2023-02-12,Turkey,Bakırköy,1
2023-06-05,Turkey,Beyoğlu,1
2023-01-04,Turkey,Akköy,1
2023-01-08,Turkey,Fatih,3
2023-10-17,Turkey,Merkez,1
2023-03-06,Turkey,Merkez,1
2023-09-10,Turkey,Arnavutkoy,1
2023-09-23,Turkey,Arnavutkoy,1
2023-11-21,Turkey,Beşiktaş,1
2023-10-25,Turkey,Çankaya,1
2023-11-04,Turkey,Beyoğlu,1
2023-11-02,Turkey,Pendik,1
2023-05-13,Turkey,Fatih,1
2023-05-27,Turkey,Zeytinburnu,1
2023-05-21,Turkey,Merkez,1
2023-08-19,Turkey,Merkez,1
2023-04-17,Turkey,Fatih,1
2023-03-09,Turkey,Merkez,1
2023-04-01,Turkey,Yıldırım,1
2023-01-29,Turkey,Şişli,1
2023-07-22,Turkey,Fatih,2
2023-03-30,Turkey,Beyoğlu,1
2023-01-10,Turkey,Fatih,2
2023-01-11,Turkey,Beyoğlu,1
2023-01-28,Turkey,Merkez,1
2023-06-16,Turkey,Akköy,1
2023-10-04,Turkey,Selçuk,1
2023-08-09,Turkey,Beyoğlu,2
2023-01-20,Turkey,Arnavutkoy,1
2023-11-03,Turkey,Şişli,2
2023-08-19,Turkey,Fatih,1
2023-10-05,Turkey,Kuşadası,1
2023-02-22,Turkey,Melikgazi,1
2023-01-14,Turkey,Fatih,1
2023-05-07,Turkey,Nilüfer,2
2023-11-07,Turkey,Fatih,1
2023-11-08,Turkey,Tuzla,1
2023-04-30,Turkey,Beyoğlu,1
2023-07-15,Turkey,Ürgüp,1
2023-02-11,Turkey,Akköy,1
2023-02-25,Turkey,Akköy,1
2023-02-14,Turkey,Kağıthane,1
2023-06-18,Turkey,Merkez,1
2023-02-09,Turkey,Beyoğlu,1
2023-02-09,Turkey,Merkez,3
2023-10-12,Turkey,Beyoğlu,1
2023-04-19,Turkey,Beyoğlu,1
2023-04-04,Turkey,Fatih,4
2023-11-16,Turkey,Fatih,1
2023-11-01,Turkey,Kadıköy,1
2023-01-31,Turkey,Esenler,1
2023-11-15,Turkey,Akköy,1
2023-08-07,Turkey,Fatih,1
2023-04-01,Turkey,Beyoğlu,2
2023-02-22,Turkey,Fatih,1
2023-05-06,Turkey,Fatih,2
2023-01-17,Turkey,Fatih,1
2023-02-21,Turkey,Kuşadası,1
2023-04-30,Turkey,Merkez,1
2023-10-23,Turkey,Selçuklu,1
2023-08-20,Turkey,Çankaya,1
2023-03-11,Turkey,Beyoğlu,2
2023-07-16,Turkey,Çankaya,1
2023-01-04,Turkey,Beyoğlu,1
2023-08-15,Turkey,Melikgazi,1
2023-10-04,Turkey,Şişli,1
2023-10-19,Turkey,Fatih,1
2023-10-01,Turkey,Şehitkamil,1
2023-10-13,Turkey,Merkez,2
2023-05-10,Turkey,Merkez,1
2023-02-22,Turkey,Tuzla,1
2023-03-30,Turkey,Alaşehir,1
2023-01-24,Turkey,Merkez,1
2023-05-29,Turkey,Fatih,2
2023-01-25,Turkey,Melikgazi,1
2023-01-28,Turkey,Selçuklu,1
2023-10-23,Turkey,Fatih,2
2023-02-16,Turkey,Melikgazi,1
2023-07-27,Turkey,Balçova,1
2023-02-15,Turkey,Şişli,1
2023-06-03,Turkey,Fatih,1
2023-06-17,Turkey,Fatih,1
2023-02-14,Turkey,Fatih,2
2023-08-31,Turkey,Merkez,1
2023-10-04,Turkey,Bahçelievler,1
2023-08-14,Turkey,Kadıköy,1
2023-03-19,Turkey,Avcılar,1
2023-03-19,Turkey,Beyoğlu,1
2023-08-11,Turkey,Beyoğlu,1
2023-08-09,Turkey,Merkez,1
2023-05-10,Turkey,Fatih,1
2023-04-13,Turkey,Tuzla,1
2023-05-24,Turkey,Selçuklu,1
2023-06-30,Turkey,Beyoğlu,1
2023-06-01,Turkey,Yıldırım,1
2023-01-19,Turkey,Fatih,1
2023-02-11,Turkey,Fatih,2
2023-01-04,Turkey,Fatih,2
2023-03-21,Turkey,Fatih,1
2023-06-18,Turkey,Arnavutkoy,1
2023-03-02,Turkey,Beyoğlu,3
2023-10-27,Turkey,Beyoğlu,1
2023-10-12,Turkey,Merkez,1
2023-10-08,Turkey,Merkez,1
2023-09-27,Turkey,Yıldırım,2
2023-10-30,Turkey,Tuzla,1
2023-03-31,Turkey,Beylikduzu,1
2023-03-30,Turkey,Bakırköy,1
2023-01-03,Turkey,Fatih,1
2023-01-24,Turkey,Gebze,1
2023-01-26,Turkey,Fatih,3
2023-11-08,Turkey,Nilüfer,1
2023-02-03,Turkey,Şişli,1
2023-02-28,Turkey,Fatih,2
2023-04-25,Turkey,Yıldırım,1
2023-07-04,Turkey,Fatih,2
2023-03-29,Turkey,Akköy,1
2023-11-03,Turkey,Pendik,1
2023-11-13,Turkey,Fatih,1
2023-11-12,Turkey,Fatih,2
2023-09-09,Turkey,Arnavutkoy,1
2023-03-26,Turkey,Üsküdar,1
2023-07-15,Turkey,Beyoğlu,1
2023-09-22,Turkey,Çankaya,2
2023-03-13,Turkey,Fatih,1
2023-01-20,Turkey,Beyoğlu,1
2023-09-17,Turkey,Zeytinburnu,1
2023-01-03,Turkey,Kadıköy,1
2023-01-10,Turkey,Kadıköy,1
2023-01-05,Turkey,Melikgazi,1
2023-10-03,Turkey,Üsküdar,1
2023-07-08,Turkey,Esenler,1
2023-10-18,Turkey,Maltepe,1
2023-10-29,Turkey,Merkez,1
2023-04-27,Turkey,Merkez,2
2023-09-24,Turkey,Fatih,3
2023-10-13,Turkey,Beyoğlu,1
2023-08-24,Turkey,Nilüfer,1
2023-03-16,Turkey,Beyoğlu,1
2023-02-08,Turkey,Fatih,2
2023-01-21,Turkey,Eyüp,1
2023-11-02,Turkey,Beyoğlu,2
2023-05-12,Turkey,Fatih,3
2023-03-07,Turkey,Fatih,2
2023-09-25,Turkey,Arnavutkoy,1
2023-05-06,Turkey,Merkez,1
2023-10-30,Turkey,Beyoğlu,2
2023-01-29,Turkey,Beyoğlu,1
2023-05-07,Turkey,Fatih,2
2023-05-16,Turkey,Fatih,1
2023-06-10,Turkey,Bakırköy,1
2023-06-07,Turkey,Fatih,1
2023-01-09,Turkey,Şişli,3
2023-02-15,Turkey,Pozantı,1
2023-06-09,Turkey,Küçükçekmece,1
2023-04-25,Turkey,Fatih,1
2023-10-18,Turkey,Pendik,1
2023-08-03,Turkey,Fatih,1
2023-10-02,Turkey,Beyoğlu,2
2023-09-23,Turkey,Fatih,1
2023-08-24,Turkey,Fatih,1
2023-10-26,Turkey,Beyoğlu,1
2023-04-19,Turkey,Fatih,2
2023-05-26,Turkey,Beyoğlu,3
2023-05-25,Turkey,Beyoğlu,1
2023-11-16,Turkey,Beyoğlu,1
2023-09-17,Turkey,Merkez,1
2023-04-15,Turkey,Fatih,1
2023-04-14,Turkey,Fatih,1
2023-04-28,Turkey,Tuzla,1
2023-09-12,Turkey,Üsküdar,1
2023-08-18,Turkey,Fatih,1
2023-04-01,Turkey,Konak,1
2023-05-16,Turkey,Yıldırım,1
2023-11-06,Turkey,Merkez,1
2023-02-16,Turkey,Fatih,3
2023-02-01,Turkey,Fatih,6
2023-02-18,Turkey,Tuzla,1
2023-02-12,Turkey,Fatih,1
2023-01-05,Turkey,Tuzla,1
2023-08-29,Turkey,Sarıyer,2
2023-02-06,Turkey,Beyoğlu,2
2023-04-19,Turkey,Akköy,1
2023-08-08,Turkey,Akköy,1
2023-09-13,Turkey,Zeytinburnu,1
2023-05-16,Turkey,Zeytinburnu,1
2023-01-27,Turkey,Çankaya,1
2023-07-27,Germany,Berlin,1
2023-03-04,Germany,Frankfurt am Main,1
2023-09-10,Germany,München,3
2023-10-19,Germany,Essen,1
2023-10-15,Germany,Erding,1
2023-08-02,Germany,Berlin,1
2023-04-20,Germany,Köln,3
2023-10-11,Germany,Berlin,1
2023-05-11,Germany,Düsseldorf,2
2023-09-01,Germany,Dortmund,1
2023-04-04,Germany,München,1
2023-05-10,Germany,Berlin,1
2023-11-16,Germany,Bremen,1
2023-05-13,Germany,Düsseldorf,2
2023-11-14,Germany,Leipzig,1
2023-10-09,Germany,Region Hannover,1
2023-10-06,Germany,Frankfurt am Main,1
2023-06-26,Germany,Düsseldorf,1
2023-06-24,Germany,Köln,1
2023-01-27,Germany,Stuttgart,1
2023-05-03,Germany,Freising,1
2023-10-23,Germany,Frankfurt am Main,1
2023-10-21,Germany,Düsseldorf,3
2023-10-31,Germany,Hamburg,2
2023-07-11,Germany,Frankfurt am Main,1
2023-04-23,Germany,Erding,1
2023-08-03,Germany,Frankfurt am Main,1
2023-08-02,Germany,Hamburg,1
2023-07-04,Germany,Rheingau-Taunus-Kreis,1
2023-03-28,Germany,Erding,2
2023-08-13,Germany,München,1
2023-03-01,Germany,Erding,1
2023-07-19,Germany,Frankfurt am Main,1
2023-11-19,Germany,Heidelberg,1
2023-05-13,Germany,Berlin,1
2023-11-14,Germany,Köln,1
2023-06-30,Germany,Frankfurt am Main,3
2023-02-24,Germany,Frankfurt am Main,1
2023-05-17,Germany,Dortmund,1
2023-03-23,Germany,Wolfsburg,1
2023-06-06,Germany,Köln,3
2023-03-11,Germany,Frankfurt am Main,1
2023-03-11,Germany,Dresden,1
2023-10-21,Germany,Köln,1
2023-07-01,Germany,Düsseldorf,1
2023-02-03,Germany,München,1
2023-02-26,Germany,Düsseldorf,1
2023-06-02,Germany,Essen,1
2023-06-18,Germany,Heidelberg,1
2023-05-31,Germany,Köln,2
2023-03-03,Germany,Berlin,1
2023-08-28,Germany,Düsseldorf,1
2023-09-10,Germany,Berlin,1
2023-08-03,Germany,Berlin,1
2023-03-05,Germany,Erding,2
2023-03-28,Germany,Oberhausen,1
2023-09-20,Germany,Städteregion Aachen,2
2023-03-01,Germany,Düsseldorf,1
2023-02-08,Germany,München,1
2023-04-21,Germany,Düsseldorf,1
2023-04-04,Germany,Erding,2
2023-09-11,Germany,Köln,1
2023-11-12,Germany,Berlin,1
2023-02-22,Germany,Frankfurt am Main,4
2023-06-11,Germany,Stuttgart,1
2023-02-23,Germany,Heidelberg,1
2023-04-08,Germany,Region Hannover,2
2023-09-09,Germany,Heidelberg,1
2023-01-28,Germany,Köln,1
2023-11-07,Germany,Ansbach,2
2023-08-20,Germany,Berlin,1
2023-10-24,Germany,Düsseldorf,1
2023-02-27,Germany,Düsseldorf,2
2023-10-31,Germany,München,1
2023-03-21,Germany,Frankfurt am Main,3
2023-10-03,Germany,München,2
2023-07-08,Germany,Frankfurt am Main,1
2023-09-24,Germany,Köln,1
2023-07-03,Germany,Heidelberg,1
2023-08-24,Germany,Essen,1
2023-10-25,Germany,Berlin,1
2023-08-13,Germany,Köln,1
2023-10-26,Germany,Stuttgart,1
2023-11-16,Germany,Essen,1
2023-09-04,Germany,München,3
2023-04-17,Germany,Frankfurt am Main,1
2023-04-03,Germany,München,1
2023-10-05,Germany,Bremen,1
2023-02-22,Germany,Berlin,1
2023-02-21,Germany,Köln,1
2023-10-30,Germany,Berlin,1
2023-06-15,Germany,Frankfurt am Main,1
2023-06-28,Germany,München,1
2023-06-28,Germany,Erding,1
2023-05-07,Germany,Berlin,1
2023-02-20,Germany,Düsseldorf,1
2023-04-30,Germany,Berlin,1
2023-10-21,Germany,Berlin,1
2023-02-27,Germany,Erding,1
2023-06-05,Germany,München,2
2023-06-19,Germany,Frankfurt am Main,1
2023-03-04,Germany,Berlin,2
2023-11-10,Germany,Düsseldorf,1
2023-04-27,Germany,Erding,3
2023-04-12,Germany,Erding,1
2023-04-12,Germany,Region Hannover,1
2023-03-19,Germany,Erding,1
2023-08-11,Germany,Köln,2
2023-07-17,Germany,Erding,1
2023-07-06,Germany,Frankfurt am Main,1
2023-08-12,Germany,Köln,2
2023-03-29,Germany,Düsseldorf,3
2023-04-21,Germany,Erding,3
2023-05-11,Germany,Dahme-Spreewald,1
2023-11-16,Germany,Berlin,1
2023-05-10,Germany,Heidelberg,1
2023-09-26,Germany,Dresden,1
2023-04-14,Germany,Heidelberg,1
2023-08-05,Germany,Düsseldorf,1
2023-08-18,Germany,Heidelberg,1
2023-09-25,Germany,Berlin,1
2023-09-14,Germany,Groß-Gerau,1
2023-04-08,Germany,Düsseldorf,1
2023-02-24,Germany,Köln,1
2023-05-17,Germany,Heidelberg,1
2023-05-03,Germany,Hamburg,1
2023-06-06,Germany,Berlin,1
2023-02-05,Germany,Düsseldorf,1
2023-02-11,Germany,Hamburg,1
2023-03-03,Germany,Stuttgart,1
2023-03-27,Germany,Leipzig,1
2023-10-28,Germany,Kiel,1
2023-03-01,Germany,Dresden,1
2023-11-17,Germany,Köln,1
2023-08-19,Germany,Essen,1
2023-06-15,Germany,München,1
2023-02-28,Germany,Erding,1
2023-02-28,Germany,Heidelberg,1
2023-02-13,Germany,Düsseldorf,2
2023-04-25,Germany,Köln,2
2023-07-08,Germany,Köln,1
2023-05-30,Germany,München,1
2023-10-15,Germany,Düsseldorf,2
2023-04-12,Germany,Stuttgart,1
2023-04-12,Germany,Wolfsburg,4
2023-10-13,Germany,München,1
2023-04-22,Germany,Düsseldorf,1
2023-04-07,Germany,Region Hannover,1
2023-09-18,Germany,Frankfurt am Main,2
2023-09-19,Germany,Düsseldorf,1
2023-11-14,Germany,Freiburg im Breisgau,1
2023-04-06,Germany,Region Hannover,2
2023-09-11,Germany,München,1
2023-05-20,Germany,Erding,1
2023-09-12,Germany,Berlin,1
2023-11-13,Germany,Düsseldorf,1
2023-02-22,Germany,Köln,1
2023-05-18,Germany,Erding,1
2023-06-06,Germany,Städteregion Aachen,1
2023-06-03,Germany,München,1
2023-10-20,Germany,Region Hannover,1
2023-02-13,Germany,Freiburg im Breisgau,1
2023-09-24,Germany,Frankfurt am Main,1
2023-04-20,Germany,Frankfurt am Main,1
2023-04-20,Germany,Hamburg,1
2023-04-18,Germany,Offenbach am Main,1
2023-04-14,Germany,Düsseldorf,2
2023-03-31,Germany,Heidelberg,1
2023-05-08,Germany,Altenburger Land,1
2023-05-03,Germany,Borken,1
2023-07-27,Germany,Heidelberg,1
2023-06-08,Germany,Heidelberg,1
2023-10-20,Germany,Frankfurt am Main,1
2023-10-17,Germany,Freising,1
2023-09-22,Germany,Köln,2
2023-03-02,Germany,Düsseldorf,6
2023-11-11,Germany,Düsseldorf,1
2023-04-11,Germany,Region Hannover,1
2023-08-25,Germany,Köln,1
2023-08-13,Germany,Hamburg,1
2023-03-14,Germany,Ortenaukreis,1
2023-09-02,Germany,Düsseldorf,1
2023-04-19,Germany,Berlin,1
2023-01-20,Germany,München,2
2023-09-29,Germany,München,1
2023-11-14,Germany,Düsseldorf,1
2023-10-07,Germany,Berlin,2
2023-10-07,Germany,Darmstadt,1
2023-03-08,Germany,Berlin,2
2023-11-01,Germany,Berlin,1
2023-06-11,Germany,Erding,3
2023-04-09,Germany,Köln,1
2023-05-17,Germany,Freiburg im Breisgau,1
2023-02-19,Germany,Düsseldorf,1
2023-07-15,Germany,Heidelberg,1
2023-02-12,Germany,Stuttgart,1
2023-06-16,Germany,Erding,2
2023-11-10,Germany,Nürnberg,1
2023-07-07,Germany,Berlin,2
2023-04-26,Germany,Region Hannover,2
2023-03-13,Germany,München,2
2023-10-14,Germany,Köln,2
2023-03-14,Germany,Berlin,1
2023-11-04,Germany,Bremen,1
2023-04-19,Germany,Erlangen,2
2023-05-26,Germany,Köln,1
2023-11-16,Germany,Freising,1
2023-11-12,Germany,Reutlingen,2
2023-05-19,Germany,München,1
2023-04-09,Germany,Stuttgart,1
2023-05-16,Germany,Frankfurt am Main,2
2023-05-15,Germany,Erding,2
2023-09-06,Germany,Berlin,1
2023-01-26,Germany,Essen,1
2023-10-23,Germany,Freising,1
2023-10-24,Germany,Stuttgart,1
2023-07-27,Germany,München,2
2023-02-18,Germany,Düsseldorf,1
2023-07-01,Germany,München,1
2023-06-18,Germany,Frankfurt am Main,1
2023-10-29,Germany,Düsseldorf,2
2023-11-22,Germany,Freiburg im Breisgau,1
2023-04-12,Germany,Augsburg,1
2023-03-13,Germany,Köln,1
2023-10-25,Germany,Düsseldorf,1
2023-08-13,Germany,Region Hannover,1
2023-07-19,Germany,Düsseldorf,2
2023-11-16,Germany,Frankfurt am Main,1
2023-11-18,Germany,Reutlingen,1
2023-08-19,Germany,Köln,1
2023-11-01,Germany,Düsseldorf,1
2023-04-03,Germany,Düsseldorf,1
2023-03-09,Germany,Düsseldorf,1
2023-01-18,Germany,Erding,1
2023-04-09,Germany,Frankfurt am Main,1
2023-06-28,Germany,Frankfurt am Main,2
2023-11-09,Germany,Köln,2
2023-11-09,Germany,Wiesbaden,1
2023-05-18,Germany,Mannheim,1
2023-06-22,Germany,Heidelberg,1
2023-06-24,Germany,Stuttgart,1
2023-05-17,Germany,Stuttgart,1
2023-08-22,Germany,Berlin,1
2023-06-05,Germany,Erding,5
2023-02-13,Germany,Köln,1
2023-11-10,Germany,München,1
2023-11-11,Germany,Frankfurt am Main,1
2023-03-05,Germany,Mannheim,1
2023-08-25,Germany,Berlin,1
2023-02-08,Germany,Frankfurt am Main,1
2023-09-16,Germany,Wuppertal,1
2023-05-25,Germany,Berlin,1
2023-11-14,Germany,Hamburg,2
2023-03-08,Germany,München,1
2023-11-01,Germany,Köln,1
2023-10-09,Germany,Heidelberg,1
2023-05-22,Germany,Freiburg im Breisgau,1
2023-06-21,Germany,Erding,1
2023-11-08,Germany,München,3
2023-07-14,Germany,Heidelberg,1
2023-10-23,Germany,Köln,2
2023-06-07,Germany,Düsseldorf,2
2023-06-06,Germany,Erding,1
2023-07-02,Germany,Frankfurt am Main,1
2023-10-22,Germany,Hamburg,1
2023-06-19,Germany,Rostock,3
2023-07-11,Germany,München,1
2023-08-16,Germany,Marburg-Biedenkopf,1
2023-10-27,Germany,Düsseldorf,1
2023-08-25,Germany,Dortmund,1
2023-11-21,Germany,Essen,1
2023-03-15,Germany,Berlin,1
2023-04-04,Germany,Düsseldorf,1
2023-04-18,Germany,München,3
2023-01-31,Germany,Region Hannover,1
2023-08-04,Germany,Heidelberg,3
2023-09-28,Germany,München,1
2023-02-22,Germany,Lübeck,1
2023-05-22,Germany,Frankfurt am Main,1
2023-02-23,Germany,Frankfurt am Main,1
2023-05-16,Germany,Düsseldorf,2
2023-01-25,Germany,Stuttgart,1
2023-01-27,Germany,Dresden,1
2023-04-30,Germany,Düsseldorf,3
2023-07-15,Germany,Düsseldorf,2
2023-10-17,Germany,München,1
2023-04-26,Germany,Düsseldorf,1
2023-07-03,Germany,Berlin,2
2023-01-21,Germany,Düsseldorf,1
2023-04-18,Germany,Kleve,3
2023-11-18,Germany,München,1
2023-11-15,Germany,München,1
2023-03-07,Germany,München,1
2023-09-25,Germany,Ansbach,1
2023-04-17,Germany,Städteregion Aachen,1
2023-11-12,Germany,Stuttgart,1
2023-06-26,Germany,Städteregion Aachen,1
2023-03-31,Germany,Nürnberg,1
2023-06-14,Germany,Frankfurt am Main,1
2023-07-20,Germany,Erding,1
2023-05-01,Germany,Berlin,2
2023-06-21,Germany,Heidelberg,1
2023-05-17,Germany,Erding,2
2023-11-08,Germany,Berlin,1
2023-06-07,Germany,Heidelberg,1
2023-07-16,Germany,Erding,2
2023-03-24,Germany,Düsseldorf,1
2023-01-08,Germany,Düsseldorf,1
2023-06-19,Germany,Berlin,1
2023-10-31,Germany,Düsseldorf,1
2023-02-28,Germany,Düsseldorf,2
2023-10-17,Germany,Stuttgart,1
2023-03-27,Germany,Stuttgart,1
2023-11-21,Germany,Heidelberg,1
2023-03-01,Germany,Berlin,3
2023-04-22,Germany,Frankfurt am Main,2
2023-11-04,Germany,Frankfurt am Main,1
2023-09-15,Germany,Frankfurt am Main,1
2023-11-02,Germany,Düsseldorf,4
2023-11-18,Germany,Köln,5
2023-05-14,Germany,Heidelberg,2
2023-11-15,Germany,Frankfurt am Main,1
2023-03-07,Germany,Koblenz,2
2023-04-13,Germany,Düsseldorf,1
2023-10-06,Germany,Berlin,2
2023-01-30,Germany,München,1
2023-04-09,Germany,München,2
2023-05-07,Germany,Düsseldorf,3
2023-02-23,Germany,Düsseldorf,1
2023-05-15,Germany,Düsseldorf,2
2023-07-21,Germany,München,1
2023-06-07,Germany,Frankfurt am Main,6
2023-07-28,Germany,Stuttgart,1
2023-06-09,Germany,Heidelberg,1
2023-06-16,Germany,Heidelberg,1
2023-05-31,Germany,Düsseldorf,3
2023-04-10,Germany,Erding,2
2023-11-11,Germany,Mettmann,1
2023-10-27,Germany,Freiburg im Breisgau,1
2023-03-27,Germany,Jena,1
2023-10-28,Germany,Region Hannover,1
2023-10-14,Germany,Düsseldorf,2
2023-07-17,Germany,Essen,1
2023-11-16,Germany,Heidelberg,1
2023-05-10,Germany,Frankfurt am Main,3
2023-04-16,Germany,Kleve,2
2023-04-16,Germany,Erding,3
2023-05-02,Germany,Erding,1
2023-05-01,Germany,Freising,1
2023-11-07,Germany,Koblenz,2
2023-02-16,Germany,Frankfurt am Main,1
2023-03-21,Germany,Heidelberg,1
2023-08-31,Germany,Karlsruhe,1
2023-09-22,Germany,Nürnberg,1
2023-08-03,Germany,Essen,1
2023-09-23,Germany,Darmstadt,3
2023-05-25,Germany,Erding,2
2023-09-04,Germany,Düsseldorf,5
2023-04-14,Germany,Erding,2
2023-09-12,Germany,Frankfurt am Main,1
2023-11-13,Germany,Freiburg im Breisgau,1
2023-11-01,Germany,Dortmund,1
2023-01-30,Germany,Erding,1
2023-02-22,Germany,Dahme-Spreewald,1
2023-10-30,Germany,Dortmund,1
2023-01-25,Germany,Essen,1
2023-02-15,Germany,Heidelberg,2
2023-06-04,Germany,Städteregion Aachen,1
2023-10-18,Germany,Frankfurt am Main,3
2023-10-19,Germany,München,3
2023-10-29,Germany,Frankfurt am Main,1
2023-02-07,Germany,Heidelberg,1
2023-10-28,Germany,Erding,2
2023-09-20,Germany,Frankfurt am Main,1
2023-09-30,Germany,München,2
2023-07-06,Germany,München,1
2023-03-01,Germany,Dortmund,1
2023-07-19,Germany,München,1
2023-09-02,Germany,Berlin,1
2023-04-19,Germany,Köln,1
2023-05-25,Germany,Frankfurt am Main,1
2023-04-18,Germany,Frankfurt am Main,1
2023-11-03,Germany,Köln,2
2023-11-18,Germany,Essen,1
2023-04-14,Germany,Region Hannover,1
2023-01-31,Germany,Frankfurt am Main,1
2023-08-18,Germany,München,1
2023-10-09,Germany,Rhein-Sieg-Kreis,1
2023-10-06,Germany,München,2
2023-08-07,Germany,Düsseldorf,1
2023-08-06,Germany,Essen,1
2023-05-19,Germany,Berlin,1
2023-01-28,Germany,Städteregion Aachen,1
2023-05-18,Germany,Düsseldorf,2
2023-11-07,Germany,München,1
2023-05-04,Germany,Köln,1
2023-06-10,Germany,Heidelberg,1
2023-06-02,Germany,Berlin,5
2023-03-03,Germany,Düsseldorf,1
2023-04-10,Germany,Heidelberg,1
2023-11-10,Germany,Essen,1
2023-10-27,Germany,Stuttgart,1
2023-08-12,Germany,Berlin,1
2023-08-09,Germany,Essen,1
2023-05-11,Germany,Erding,1
2023-08-07,Germany,Frankfurt am Main,1
2023-07-22,Germany,München,1
2023-05-08,Germany,Landshut,1
2023-01-25,Germany,Freiburg im Breisgau,1
2023-09-08,Germany,Dresden,1
2023-10-24,Germany,Köln,1
2023-06-05,Germany,Städteregion Aachen,1
2023-10-17,Germany,Frankfurt am Main,1
2023-10-02,Germany,Düsseldorf,1
2023-11-02,Germany,Köln,1
2023-11-03,Germany,Dresden,1
2023-11-03,Germany,Düsseldorf,1
2023-05-14,Germany,Erding,2
2023-02-24,Germany,München,2
2023-01-28,Germany,München,1
2023-06-25,Germany,Köln,1
2023-08-23,Germany,Frankfurt am Main,1
2023-05-09,Germany,Erding,1
2023-03-03,Germany,Region Hannover,1
2023-03-17,Germany,Berlin,1
2023-10-19,Germany,Berlin,1
2023-08-03,Germany,Köln,2
2023-07-09,Germany,München,2
2023-10-27,Germany,Köln,2
2023-07-03,Germany,München,1
2023-10-11,Germany,München,1
2023-09-29,Germany,Frankfurt am Main,2
2023-11-17,Germany,Stuttgart,1
2023-10-09,Germany,München,1
2023-05-19,Germany,Heidelberg,1
2023-07-20,Germany,Böblingen,1
2023-05-07,Germany,Erding,1
2023-05-29,Germany,Düsseldorf,1
2023-11-06,Germany,Frankfurt am Main,1
2023-03-11,Germany,Berlin,5
2023-02-19,Germany,Frankfurt am Main,1
2023-10-22,Germany,München,1
2023-02-03,Germany,Leipzig,1
2023-10-31,Germany,Erding,1
2023-10-03,Germany,Donau-Ries,1
2023-05-31,Germany,Berlin,1
2023-10-04,Germany,Frankfurt am Main,2
2023-03-06,Germany,Berlin,2
2023-10-02,Germany,Frankfurt am Main,3
2023-04-26,Germany,Berlin,1
2023-10-26,Germany,Berlin,1
2023-03-29,Germany,Regionalverband Saarbrücken,1
2023-04-19,Germany,Erding,1
2023-05-26,Germany,Kiel,1
2023-03-08,Germany,Region Hannover,1
2023-11-15,Germany,Essen,1
2023-03-09,Germany,Berlin,2
2023-05-02,Germany,Berlin,1
2023-01-24,Germany,Berlin,1
2023-01-16,Germany,Darmstadt,1
2023-06-25,Germany,Braunschweig,1
2023-06-07,Germany,Berlin,1
2023-10-22,Germany,Köln,1
2023-02-26,Germany,Erding,1
2023-10-20,Germany,Düsseldorf,1
2023-10-31,Germany,Dortmund,1
2023-11-10,Germany,Frankfurt am Main,2
2023-10-28,Germany,Frankfurt am Main,1
2023-10-14,Germany,München,1
2023-05-26,Germany,Erding,4
2023-05-25,Germany,Düsseldorf,1
2023-11-03,Germany,Wiesbaden,1
2023-10-09,Germany,Darmstadt,1
2023-11-13,Germany,Köln,3
2023-06-01,Germany,Düsseldorf,2
2023-05-19,Germany,Frankfurt am Main,1
2023-03-30,Germany,Düsseldorf,2
2023-05-29,Germany,Erding,1
2023-06-10,Germany,Erding,1
2023-07-02,Germany,Erding,1
2023-10-22,Germany,Frankfurt am Main,1
2023-03-10,Germany,Berlin,1
2023-06-18,Germany,Berlin,1
2023-04-25,Germany,Hamburg,1
2023-11-11,Germany,Berlin,1
2023-04-26,Germany,Berchtesgadener Land,1
2023-10-27,Germany,Nürnberg,1
2023-10-28,Germany,Hamburg,1
2023-10-14,Germany,Frankfurt am Main,1
2023-09-02,Germany,Mettmann,1
2023-09-25,Germany,Darmstadt,1
2023-03-09,Germany,München,1
2023-05-04,Germany,Düsseldorf,1
2023-06-08,Germany,Erding,2
2023-05-09,Germany,München,1
2023-06-05,Germany,Berlin,5
2023-06-19,Germany,München,2
2023-03-20,Germany,Köln,1
2023-11-03,Germany,Region Hannover,1
2023-08-04,Germany,Stuttgart,1
2023-01-29,Germany,Stuttgart,1
2023-07-21,Germany,Frankfurt am Main,1
2023-06-21,Germany,München,1
2023-07-13,Germany,Heidelberg,1
2023-10-22,Germany,Braunschweig,1
2023-07-24,Germany,Frankfurt am Main,3
2023-06-02,Germany,Erding,3
2023-07-07,Germany,Frankfurt am Main,1
2023-10-29,Germany,Freising,2
2023-08-02,Germany,Frankfurt am Main,1
2023-04-05,Germany,Erding,1
2023-11-16,Germany,Leipzig,1
2023-09-04,Germany,Berlin,2
2023-11-13,Germany,Stuttgart,1
2023-04-03,Germany,Stuttgart,1
2023-10-05,Germany,Kassel,1
2023-04-02,Germany,Düsseldorf,1
2023-01-29,Germany,München,1
2023-05-18,Germany,Köln,1
2023-06-24,Germany,Düsseldorf,1
2023-01-26,Germany,Stuttgart,1
2023-02-15,Germany,Köln,1
2023-06-09,Germany,Erding,2
2023-03-24,Germany,Hamburg,1
2023-10-20,Germany,Köln,1
2023-10-31,Germany,Freiburg im Breisgau,1
2023-03-17,Germany,Köln,1
2023-07-07,Germany,München,1
2023-02-07,Germany,Mannheim,1
2023-09-18,Germany,Köln,4
2023-05-28,Germany,Frankfurt am Main,1
2023-04-28,Germany,Erding,2
2023-09-28,Germany,Frankfurt am Main,1
2023-02-22,Germany,München,4
2023-05-02,Germany,München,1
2023-05-03,Germany,Frankfurt am Main,3
2023-02-15,Germany,Frankfurt am Main,1
2023-10-22,Germany,Berlin,1
2023-06-16,Germany,Köln,1
2023-08-31,Germany,Heidelberg,1
2023-08-03,Germany,Hamburg,1
2023-03-01,Germany,München,1
2023-03-14,Germany,Frankfurt am Main,1
2023-11-02,Germany,Frankfurt am Main,2
2023-05-13,Germany,Frankfurt am Main,2
2023-10-30,Germany,Düsseldorf,2
2023-05-19,Germany,Düsseldorf,3
2023-06-24,Germany,Frankfurt am Main,1
2023-09-07,Germany,Dortmund,1
2023-02-01,Germany,Heidelberg,1
2023-06-02,Germany,Passau,1
2023-03-06,Germany,Frankfurt am Main,2
2023-03-05,Germany,Frankfurt am Main,1
2023-03-27,Germany,Heidelberg,2
2023-04-03,Germany,Erding,1
2023-10-05,Germany,Frankfurt am Main,1
2023-08-06,Germany,Rhein-Sieg-Kreis,13
2023-04-02,Germany,Stuttgart,1
2023-01-26,Germany,Heidelberg,1
2023-07-14,Germany,Leipzig,1
2023-10-21,Germany,Freiburg im Breisgau,1
2023-10-22,Germany,Düsseldorf,1
2023-02-03,Germany,Berlin,1
2023-08-31,Germany,Darmstadt,1
2023-09-21,Germany,Nürnberg,1
2023-10-18,Germany,Heidelberg,1
2023-05-30,Germany,Frankfurt am Main,1
2023-03-28,Germany,Berlin,1
2023-04-05,Germany,Stuttgart,1
2023-11-12,Germany,München,1
2023-06-14,Germany,Düsseldorf,2
2023-05-15,Germany,Vorpommern-Rügen,1
2023-10-24,Germany,Berlin,1
2023-03-22,Germany,Düsseldorf,1
2023-03-10,Germany,Frankfurt am Main,1
2023-06-03,Germany,Erding,4
2023-05-09,Germany,Düsseldorf,2
2023-01-07,Germany,München,3
2023-10-04,Germany,Berlin,1
2023-08-28,Germany,München,1
2023-10-29,Germany,Köln,1
2023-09-23,Germany,Frankfurt am Main,1
2023-04-11,Germany,Erding,2
2023-08-10,Germany,Frankfurt am Main,1
2023-02-09,Germany,Bremen,1
2023-04-18,Germany,Städteregion Aachen,1
2023-05-10,Germany,Köln,1
2023-05-27,Germany,Erding,1
2023-04-02,Germany,München,2
2023-05-19,Germany,Erding,1
2023-01-17,Germany,München,1
2023-11-09,Germany,Düsseldorf,1
2023-05-15,Germany,Frankfurt am Main,1
2023-05-17,Germany,Düsseldorf,4
2023-03-23,Germany,Düsseldorf,1
2023-02-01,Germany,Erding,1
2023-07-16,Germany,Frankfurt am Main,1
2023-02-12,Germany,München,1
2023-07-08,Germany,München,1
2023-10-04,Germany,Mannheim,1
2023-05-30,Germany,Erding,3
2023-04-27,Germany,Frankfurt am Main,1
2023-08-16,Germany,Berlin,1
2023-10-27,Germany,München,2
2023-03-16,Germany,Düsseldorf,1
2023-11-02,Germany,München,1
2023-11-03,Germany,Freising,1
2023-09-17,Germany,Remscheid,1
2023-05-21,Germany,Berlin,1
2023-09-26,Germany,Berlin,1
2023-04-28,Germany,Düsseldorf,1
2023-05-23,Germany,Düsseldorf,1
2023-06-22,Germany,Frankfurt am Main,2
2023-10-24,Germany,Hamburg,1
2023-05-09,Germany,Berlin,3
2023-10-17,Germany,Düsseldorf,1
2023-03-04,Germany,Düsseldorf,1
2023-10-29,Germany,Nürnberg,1
2023-03-06,Germany,Erding,1
2023-04-05,Germany,Region Hannover,1
2023-10-07,Germany,Dahme-Spreewald,1
2023-05-21,Germany,Erding,1
2023-10-08,Germany,München,1
2023-03-09,Germany,Frankfurt am Main,2
2023-11-12,Germany,Köln,1
2023-11-12,Germany,Düsseldorf,1
2023-06-25,Germany,Heidelberg,1
2023-05-03,Germany,Erding,1
2023-10-23,Germany,Stuttgart,2
2023-07-28,Germany,Frankfurt am Main,1
2023-03-26,Germany,Heidelberg,1
2023-07-15,Germany,Erding,1
2023-10-31,Germany,Frankfurt am Main,3
2023-06-04,Germany,Heidelberg,1
2023-10-04,Germany,München,1
2023-05-30,Germany,Stuttgart,1
2023-04-12,Germany,München,2
2023-08-11,Germany,Frankfurt am Main,1
2023-11-20,Germany,Berlin,1
2023-09-20,Germany,Köln,2
2023-03-01,Germany,Heidelberg,1
2023-09-04,Germany,Frankfurt am Main,3
2023-05-28,Germany,Erding,1
2023-09-25,Germany,Frankfurt am Main,2
2023-04-17,Germany,Erding,2
2023-11-01,Germany,München,1
2023-04-01,Germany,Frankfurt am Main,1
2023-10-30,Germany,München,1
2023-07-22,Germany,Frankfurt am Main,1
2023-05-02,Germany,Düsseldorf,1
2023-06-23,Germany,Heidelberg,1
2023-02-24,Germany,Berlin,2
2023-05-01,Germany,Düsseldorf,4
2023-07-30,Germany,München,2
2023-03-25,Germany,Frankfurt am Main,1
2023-01-06,Germany,Frankfurt am Main,1
2023-03-18,Germany,München,2
2023-09-21,Germany,Frankfurt am Main,1
2023-11-11,Germany,Köln,2
2023-03-12,Germany,Berlin,2
2023-10-26,Germany,Köln,1
2023-03-15,Germany,Köln,1
2023-11-17,Germany,Essen,1
2023-11-15,Germany,Berlin,1
2023-11-15,Germany,Düsseldorf,2
2023-02-21,Germany,Berlin,1
2023-05-08,Germany,Erding,2
2023-02-24,Germany,Düsseldorf,2
2023-01-13,Germany,Berlin,1
2023-07-29,Germany,Frankfurt am Main,1
2023-07-08,Germany,Düsseldorf,1
2023-03-06,Germany,Region Hannover,2
2023-08-17,Germany,München,1
2023-11-20,Germany,Freiburg im Breisgau,2
2023-08-10,Germany,Reutlingen,1
2023-03-29,Germany,Erding,1
2023-03-14,Germany,München,1
2023-11-05,Germany,Frankfurt am Main,3
2023-11-05,Germany,Berlin,3
2023-04-07,Germany,Erding,1
2023-11-17,Germany,Frankfurt am Main,1
2023-04-28,Germany,Bremen,1
2023-04-16,Germany,Region Hannover,3
2023-10-05,Germany,Hamburg,1
2023-02-22,Germany,Nürnberg,2
2023-06-01,Germany,Frankfurt am Main,1
2023-06-01,Germany,Erding,2
2023-01-16,Germany,München,2
2023-05-18,Germany,Oberhavel,1
2023-02-17,Germany,Düsseldorf,1
2023-06-09,Germany,Berlin,1
2023-02-12,Germany,Berlin,1
2023-01-19,Germany,München,3
2023-10-20,Germany,Freiburg im Breisgau,1
2023-10-31,Germany,Essen,1
2023-04-10,Germany,Düsseldorf,1
2023-03-12,Germany,Freising,1
2023-06-20,Germany,Düsseldorf,1
2023-04-15,Germany,Berlin,1
2023-11-13,Germany,Frankfurt am Main,2
2023-08-07,Germany,Köln,1
2023-05-23,Germany,Wiesbaden,2
2023-09-13,Germany,München,1
2023-01-03,Germany,Frankfurt am Main,1
2023-01-24,Germany,Städteregion Aachen,1
2023-11-06,Germany,Düsseldorf,1
2023-06-07,Germany,Erding,1
2023-10-20,Germany,Freising,1
2023-06-04,Germany,Frankfurt am Main,1
2023-09-10,Germany,Düsseldorf,2
2023-11-22,Germany,Region Hannover,1
2023-04-26,Germany,Frankfurt am Main,1
2023-11-20,Germany,Hamburg,1
2023-11-21,Germany,Köln,1
2023-10-25,Germany,Frankfurt am Main,2
2023-03-29,Germany,Darmstadt,2
2023-11-04,Germany,Berlin,1
2023-04-04,Germany,Heidelberg,1
2023-08-08,Germany,Düsseldorf,1
2023-11-14,Germany,München,1
2023-11-15,Germany,Hamburg,1
2023-04-02,Germany,Regionalverband Saarbrücken,1
2023-06-11,Germany,Düsseldorf,1
2023-02-20,Germany,Köln,2
2023-02-16,Germany,Hamburg,1
2023-06-08,Germany,Düsseldorf,3
2023-07-12,Germany,Erding,1
2023-10-16,Germany,Stuttgart,1
2023-04-20,Germany,Erding,1
2023-02-06,Germany,Dresden,1
2023-10-28,Germany,Coburg,1
2023-11-21,Germany,Region Hannover,1
2023-11-14,Germany,Region Hannover,1
2023-08-19,Germany,Stuttgart,1
2023-09-11,Germany,Dortmund,1
2023-04-13,Germany,Städteregion Aachen,1
2023-05-22,Germany,Erding,1
2023-01-15,Germany,Frankfurt am Main,1
2023-06-26,Germany,Köln,1
2023-11-07,Germany,Berlin,1
2023-05-04,Germany,Frankfurt am Main,1
2023-01-12,Germany,Freising,1
2023-05-17,Germany,Köln,1
2023-07-23,Germany,Heidelberg,1
2023-10-20,Germany,Berlin,1
2023-02-25,Germany,Regionalverband Saarbrücken,1
2023-08-01,Germany,Dahme-Spreewald,1
2023-04-10,Germany,München,1
2023-09-24,Germany,München,3
2023-03-05,Germany,München,5
2023-10-28,Germany,Düsseldorf,2
2023-10-28,Germany,Köln,3
2023-07-05,Germany,Erding,2
2023-08-09,Germany,Freiburg im Breisgau,1
2023-11-16,Germany,Stuttgart,1
2023-11-05,Germany,Stuttgart,1
2023-11-02,Germany,Berlin,1
2023-05-12,Germany,Frankfurt am Main,3
2023-11-01,Germany,Region Hannover,1
2023-05-22,Germany,München,1
2023-06-14,Germany,München,1
2023-03-30,Germany,Heidelberg,1
2023-05-01,Germany,Region Hannover,1
2023-05-18,Germany,Ludwigshafen am Rhein,1
2023-06-21,Germany,Essen,1
2023-06-07,Germany,München,2
2023-10-20,Germany,Stuttgart,2
2023-03-28,Germany,Stuttgart,1
2023-03-16,Germany,Berlin,1
2023-10-26,Germany,Freiburg im Breisgau,1
2023-05-14,Germany,Hamburg,1
2023-08-06,Germany,Köln,1
2023-03-31,Germany,Region Hannover,1
2023-06-10,Germany,Düsseldorf,1
2023-02-05,Germany,Köln,1
2023-05-09,Germany,Freising,1
2023-10-20,Germany,Dahme-Spreewald,1
2023-03-03,Germany,München,1
2023-05-31,Germany,München,2
2023-10-27,Germany,Frankfurt am Main,1
2023-11-16,Germany,München,1
2023-03-08,Germany,Köln,1
2023-05-20,Germany,München,1
2023-05-24,Germany,Leipzig,1
2023-01-30,Germany,Köln,1
2023-05-05,Germany,Erding,1
2023-09-05,Germany,Berlin,2
2023-06-21,Germany,Köln,1
2023-07-14,Vietnam,Tân Bình,2
2023-07-28,Vietnam,Quận 1,21
2023-07-28,Vietnam,Nha Trang,19
2023-02-16,Vietnam,Phan Thiết,11
2023-10-24,Vietnam,Nha Trang,14
2023-02-01,Vietnam,Quận 3,2
2023-06-06,Vietnam,Hoàn Kiếm,1
2023-10-10,Vietnam,Sơn Trà,4
2023-07-16,Vietnam,Hoàn Kiếm,2
2023-07-16,Vietnam,Mai Châu,1
2023-10-21,Vietnam,Quận 7,1
2023-10-21,Vietnam,Ngũ Hành Sơn,2
2023-10-21,Vietnam,Phú Quốc,2
2023-06-09,Vietnam,Sa Pa,1
2023-07-15,Vietnam,Đà Lạt,3
2023-07-15,Vietnam,Phú Quốc,8
2023-02-18,Vietnam,Gò Vấp,1
2023-03-24,Vietnam,Ngũ Hành Sơn,6
2023-06-03,Vietnam,Phan Thiết,9
2023-06-03,Vietnam,Ngũ Hành Sơn,2
2023-02-12,Vietnam,Phan Thiết,2
2023-02-26,Vietnam,Thủ Dầu Một,1
2023-06-02,Vietnam,Việt Trì,1
2023-05-09,Vietnam,Quận 1,32
2023-05-09,Vietnam,Ngũ Hành Sơn,2
2023-02-11,Vietnam,Nha Trang,22
2023-10-20,Vietnam,Sơn Trà,3
2023-07-26,Vietnam,Hạ Long,1
2023-03-21,Vietnam,Quận 7,1
2023-02-14,Vietnam,Cầu Giấy,1
2023-06-04,Vietnam,Tân Bình,3
2023-06-04,Vietnam,Hội An,1
2023-07-11,Vietnam,Đống Đa,3
2023-07-25,Vietnam,Thủ Dầu Một,2
2023-02-13,Vietnam,Hội An,3
2023-04-25,Vietnam,Nha Trang,4
2023-10-17,Vietnam,Quận 3,1
2023-10-03,Vietnam,Cam Lâm,4
2023-03-04,Vietnam,Tân Bình,4
2023-08-15,Vietnam,Điện Bàn,3
2023-08-29,Vietnam,Ninh Kiều,1
2023-04-10,Vietnam,Đống Đa,2
2023-04-10,Vietnam,Tân Bình,2
2023-04-10,Vietnam,Ninh Kiều,5
2023-11-10,Vietnam,Quận 1,35
2023-11-10,Vietnam,Huế,2
2023-10-04,Vietnam,Quận 3,1
2023-10-04,Vietnam,Hoàn Kiếm,3
2023-08-28,Vietnam,Cam Lâm,2
2023-10-19,Vietnam,Ba Đình,1
2023-11-11,Vietnam,Vũng Tàu,2
2023-04-27,Vietnam,Ba Đình,1
2023-09-10,Vietnam,Vũng Tàu,2
2023-08-03,Vietnam,Quận 2,2
2023-08-03,Vietnam,Tân Bình,3
2023-08-03,Vietnam,Cam Lâm,7
2023-08-17,Vietnam,Đồng Hới,1
2023-03-19,Vietnam,Đà Lạt,1
2023-10-27,Vietnam,Quận 1,23
2023-08-11,Vietnam,Nha Trang,15
2023-08-11,Vietnam,Hội An,11
2023-07-04,Vietnam,Cái Răng,2
2023-08-25,Vietnam,Hạ Long,2
2023-03-28,Vietnam,Phú Quốc,4
2023-11-20,Vietnam,Sa Pa,1
2023-11-20,Vietnam,Quận 5,1
2023-02-06,Vietnam,Quận 4,1
2023-08-10,Vietnam,Hạ Long,1
2023-08-24,Vietnam,Bình Chánh,1
2023-10-25,Vietnam,Tân Bình,4
2023-09-20,Vietnam,Đà Lạt,1
2023-10-11,Vietnam,Hải Châu,26
2023-08-13,Vietnam,Nha Trang,10
2023-03-01,Vietnam,Phan Thiết,2
2023-10-26,Vietnam,Liên Chiểu,1
2023-08-12,Vietnam,Quận 7,4
2023-08-12,Vietnam,Tân Bình,6
2023-03-01,Vietnam,Đống Đa,1
2023-03-01,Vietnam,Phú Nhuận,1
2023-03-14,Vietnam,Quận 2,1
2023-11-19,Vietnam,Hoàn Kiếm,2
2023-04-19,Vietnam,Tân Bình,2
2023-04-19,Vietnam,Cầu Giấy,2
2023-08-09,Vietnam,Phú Nhuận,1
2023-05-26,Vietnam,Quận 7,2
2023-05-11,Vietnam,Thái Bình,1
2023-03-14,Vietnam,Sa Pa,1
2023-09-01,Vietnam,Hội An,4
2023-11-05,Vietnam,Quận 2,1
2023-09-04,Vietnam,Điện Bàn,1
2023-09-18,Vietnam,Tân Bình,4
2023-05-14,Vietnam,Ngũ Hành Sơn,1
2023-01-22,Vietnam,Tân Bình,1
2023-05-27,Vietnam,Hoàn Kiếm,2
2023-09-03,Vietnam,Cái Răng,1
2023-09-03,Vietnam,Ngũ Hành Sơn,3
2023-05-12,Vietnam,Quận 1,24
2023-04-15,Vietnam,Ba Đình,1
2023-10-07,Vietnam,Quận 3,2
2023-03-08,Vietnam,Sơn Trà,1
2023-09-26,Vietnam,Nha Trang,5
2023-05-21,Vietnam,Phú Quốc,2
2023-11-01,Vietnam,Huế,1
2023-10-08,Vietnam,Gò Vấp,2
2023-10-08,Vietnam,Tĩnh Gia,1
2023-04-14,Vietnam,Hoàng Mai,1
2023-01-31,Vietnam,Đống Đa,1
2023-05-20,Vietnam,Quận 1,25
2023-05-20,Vietnam,Hoàn Kiếm,3
2023-11-15,Vietnam,Sơn Trà,1
2023-08-04,Vietnam,Đà Lạt,2
2023-08-18,Vietnam,Phú Quốc,1
2023-09-14,Vietnam,Liên Chiểu,1
2023-09-28,Vietnam,Đà Lạt,5
2023-09-28,Vietnam,Ninh Kiều,1
2023-04-17,Vietnam,Nam Định,1
2023-09-14,Vietnam,Vị Thanh,1
2023-04-16,Vietnam,Nha Trang,16
2023-11-01,Vietnam,Cầu Giấy,1
2023-05-23,Vietnam,Hoàn Kiếm,3
2023-05-23,Vietnam,Sơn Trà,3
2023-09-27,Vietnam,Tân Bình,2
2023-03-09,Vietnam,Nha Trang,14
2023-02-22,Vietnam,Ninh Kiều,1
2023-02-22,Vietnam,Bình Thạnh,1
2023-05-06,Vietnam,Tân Bình,1
2023-05-22,Vietnam,Tân Bình,3
2023-04-02,Vietnam,Nha Trang,6
2023-06-26,Vietnam,Hội An,2
2023-05-05,Vietnam,Cầu Giấy,2
2023-02-21,Vietnam,Thủ Đức,1
2023-10-30,Vietnam,Cầu Giấy,4
2023-10-30,Vietnam,Nha Trang,21
2023-03-31,Vietnam,Cam Lâm,2
2023-06-29,Vietnam,Đà Lạt,3
2023-06-29,Vietnam,Ngũ Hành Sơn,1
2023-01-14,Vietnam,Ninh Kiều,1
2023-06-14,Vietnam,Phú Quốc,7
2023-06-15,Vietnam,Huế,1
2023-06-15,Vietnam,Hội An,1
2023-06-26,Vietnam,Sa Pa,1
2023-07-20,Vietnam,Ngũ Hành Sơn,3
2023-05-07,Vietnam,Hoàn Kiếm,2
2023-04-08,Vietnam,Binh Tan,1
2023-11-09,Vietnam,Quận 10,1
2023-09-09,Vietnam,Hoàn Kiếm,2
2023-01-10,Vietnam,Phú Quốc,1
2023-05-16,Vietnam,Phan Thiết,8
2023-09-05,Vietnam,Quận 1,22
2023-01-13,Vietnam,Phú Quốc,2
2023-09-08,Vietnam,Quận 7,2
2023-05-18,Vietnam,Đà Lạt,1
2023-05-18,Vietnam,Cam Lâm,11
2023-02-20,Vietnam,Gò Vấp,3
2023-05-04,Vietnam,Hạ Long,1
2023-11-06,Vietnam,Đà Lạt,3
2023-05-03,Vietnam,Tân Bình,2
2023-05-03,Vietnam,Hạ Long,1
2023-11-08,Vietnam,Đồng Hới,1
2023-07-28,Vietnam,Mai Châu,1
2023-08-20,Vietnam,Nha Trang,5
2023-02-16,Vietnam,Quận 3,6
2023-10-24,Vietnam,Huế,1
2023-10-24,Vietnam,Điện Bàn,1
2023-07-13,Vietnam,Tây Hồ,1
2023-02-01,Vietnam,Phú Nhuận,1
2023-06-06,Vietnam,Sơn Trà,3
2023-07-27,Vietnam,Vũng Tàu,9
2023-10-10,Vietnam,Phú Quốc,4
2023-02-05,Vietnam,Quận 7,3
2023-08-23,Vietnam,Hương Thủy,3
2023-07-02,Vietnam,Cam Lâm,1
2023-03-26,Vietnam,Ngũ Hành Sơn,5
2023-03-26,Vietnam,Phú Quốc,2
2023-02-19,Vietnam,Quận 7,1
2023-02-19,Vietnam,Hai Bà Trưng,1
2023-03-25,Vietnam,Đống Đa,6
2023-03-25,Vietnam,Đà Lạt,1
2023-08-22,Vietnam,Ngũ Hành Sơn,16
2023-07-01,Vietnam,Hội An,2
2023-07-01,Vietnam,Sơn Trà,1
2023-07-29,Vietnam,Phú Quốc,2
2023-06-17,Vietnam,Phú Quốc,4
2023-01-19,Vietnam,Đống Đa,3
2023-05-09,Vietnam,Thủ Dầu Một,1
2023-10-20,Vietnam,Quận 1,18
2023-10-20,Vietnam,Ba Đình,3
2023-07-26,Vietnam,Hoàn Kiếm,2
2023-07-26,Vietnam,Liên Chiểu,2
2023-03-20,Vietnam,Hoà Vang,2
2023-02-13,Vietnam,Quận 3,2
2023-08-31,Vietnam,Phú Nhuận,1
2023-04-25,Vietnam,Quận 1,14
2023-03-18,Vietnam,Hoàn Kiếm,2
2023-03-18,Vietnam,Sóc Sơn,1
2023-05-31,Vietnam,Hải Châu,1
2023-04-24,Vietnam,Phú Quốc,2
2023-11-10,Vietnam,Ba Đình,1
2023-09-21,Vietnam,Liên Chiểu,3
2023-05-30,Vietnam,Hoàn Kiếm,2
2023-07-07,Vietnam,Quận 7,3
2023-08-28,Vietnam,Ninh Kiều,1
2023-09-10,Vietnam,Ba Đình,2
2023-10-19,Vietnam,Ninh Bình,1
2023-11-11,Vietnam,Quận 5,1
2023-10-29,Vietnam,Lạng Sơn,2
2023-03-06,Vietnam,Quận 3,1
2023-08-03,Vietnam,Bình Chánh,1
2023-08-17,Vietnam,Đà Lạt,5
2023-08-17,Vietnam,Sơn Trà,1
2023-09-24,Vietnam,Bảo Lộc,1
2023-03-05,Vietnam,Đà Lạt,1
2023-03-19,Vietnam,Cam Lâm,2
2023-03-19,Vietnam,Phú Quốc,1
2023-10-02,Vietnam,Sơn Trà,1
2023-08-02,Vietnam,Mai Châu,1
2023-08-16,Vietnam,Vũng Tàu,7
2023-08-16,Vietnam,Bảo Lộc,2
2023-04-11,Vietnam,Thủ Dầu Một,1
2023-10-13,Vietnam,Ba Đình,2
2023-02-07,Vietnam,Binh Tan,3
2023-07-04,Vietnam,Quận 3,1
2023-07-04,Vietnam,Thanh Xuân,1
2023-03-13,Vietnam,Đống Đa,1
2023-10-28,Vietnam,Ba Đình,1
2023-07-03,Vietnam,Sơn Trà,1
2023-10-14,Vietnam,Đà Lạt,2
2023-11-21,Vietnam,Phú Quốc,2
2023-09-20,Vietnam,Ngũ Hành Sơn,1
2023-10-11,Vietnam,Huế,1
2023-10-11,Vietnam,Sơn Trà,2
2023-08-27,Vietnam,Cam Lâm,3
2023-07-06,Vietnam,Ngũ Hành Sơn,4
2023-08-13,Vietnam,Quận 1,26
2023-08-13,Vietnam,Ngũ Hành Sơn,8
2023-03-01,Vietnam,Quận 3,1
2023-10-26,Vietnam,Điện Bàn,1
2023-03-15,Vietnam,Sơn Trà,1
2023-02-08,Vietnam,Quận 1,16
2023-08-26,Vietnam,Huế,2
2023-10-12,Vietnam,Quận 7,1
2023-10-12,Vietnam,Phú Nhuận,1
2023-03-14,Vietnam,Hội An,1
2023-09-02,Vietnam,Đồng Hới,1
2023-09-02,Vietnam,Hạ Long,1
2023-05-11,Vietnam,Binh Tan,1
2023-01-20,Vietnam,Hoàn Kiếm,1
2023-09-15,Vietnam,Cái Răng,1
2023-04-18,Vietnam,Hạ Long,1
2023-09-29,Vietnam,Hải Châu,13
2023-11-05,Vietnam,Hải Châu,12
2023-04-07,Vietnam,Nha Trang,7
2023-04-07,Vietnam,Liên Chiểu,1
2023-11-02,Vietnam,Hoàn Kiếm,1
2023-11-16,Vietnam,Tân Bình,2
2023-06-20,Vietnam,Quận 1,16
2023-06-20,Vietnam,Ngũ Hành Sơn,1
2023-11-18,Vietnam,Hội An,2
2023-05-13,Vietnam,Đống Đa,1
2023-05-14,Vietnam,Hạ Long,2
2023-09-19,Vietnam,Mai Châu,1
2023-05-27,Vietnam,Phan Thiết,2
2023-09-17,Vietnam,Phan Thiết,4
2023-05-21,Vietnam,Tân Bình,3
2023-11-01,Vietnam,Hải Châu,17
2023-08-19,Vietnam,Mai Châu,1
2023-10-08,Vietnam,Hai Bà Trưng,1
2023-08-04,Vietnam,Phan Thiết,2
2023-11-13,Vietnam,Tây Hồ,1
2023-10-06,Vietnam,Nha Trang,16
2023-10-06,Vietnam,Hai Bà Trưng,1
2023-08-07,Vietnam,Bình Thạnh,3
2023-05-24,Vietnam,Cầu Giấy,1
2023-04-16,Vietnam,Cam Lâm,9
2023-05-23,Vietnam,Nha Trang,4
2023-04-03,Vietnam,Binh Tan,2
2023-06-30,Vietnam,Thủ Dầu Một,2
2023-04-01,Vietnam,Tân Bình,4
2023-01-01,Vietnam,Đống Đa,2
2023-08-06,Vietnam,Hoà Vang,1
2023-09-13,Vietnam,Nha Trang,8
2023-09-13,Vietnam,Ba Đình,4
2023-05-22,Vietnam,Liên Chiểu,1
2023-02-10,Vietnam,Hoàn Kiếm,5
2023-01-29,Vietnam,Ngũ Hành Sơn,2
2023-01-29,Vietnam,Đà Lạt,1
2023-05-05,Vietnam,Ngũ Hành Sơn,3
2023-07-22,Vietnam,Hạ Long,1
2023-03-31,Vietnam,Hội An,1
2023-05-08,Vietnam,Nha Trang,12
2023-01-15,Vietnam,Tan Phu,1
2023-06-12,Vietnam,Đà Lạt,2
2023-06-14,Vietnam,Tân Bình,3
2023-06-14,Vietnam,Hạ Long,1
2023-06-14,Vietnam,Đà Lạt,1
2023-04-09,Vietnam,Hội An,1
2023-07-20,Vietnam,Quận 2,1
2023-03-30,Vietnam,Quận 10,1
2023-05-15,Vietnam,Sa Pa,1
2023-05-15,Vietnam,Quận 1,14
2023-05-15,Vietnam,Quận 3,1
2023-09-09,Vietnam,Đồng Hới,2
2023-05-29,Vietnam,Tân Bình,1
2023-09-06,Vietnam,Hải Châu,6
2023-09-06,Vietnam,Vũng Tàu,4
2023-02-24,Vietnam,Liên Chiểu,1
2023-09-05,Vietnam,Sa Pa,2
2023-01-13,Vietnam,Quận 1,4
2023-01-28,Vietnam,Phú Nhuận,3
2023-11-07,Vietnam,Hạ Long,1
2023-11-07,Vietnam,Vũng Tàu,2
2023-06-21,Vietnam,Phan Thiết,11
2023-11-06,Vietnam,Phong Điền,4
2023-01-27,Vietnam,Quận 3,1
2023-01-27,Vietnam,Sóc Sơn,1
2023-06-10,Vietnam,Đà Lạt,2
2023-01-12,Vietnam,Nha Trang,10
2023-07-31,Vietnam,Vũng Tàu,4
2023-11-08,Vietnam,Đà Lạt,1
2023-11-08,Vietnam,Ninh Kiều,3
2023-01-26,Vietnam,Cầu Giấy,1
2023-02-17,Vietnam,Hoàn Kiếm,5
2023-08-21,Vietnam,Liên Chiểu,1
2023-07-28,Vietnam,Hàm Thuận Nam,1
2023-07-28,Vietnam,Sa Pa,1
2023-02-02,Vietnam,Thái Bình,1
2023-02-02,Vietnam,Hội An,2
2023-02-16,Vietnam,Sơn Trà,1
2023-02-16,Vietnam,Tây Hồ,1
2023-10-24,Vietnam,Quận 1,24
2023-10-24,Vietnam,Phan Thiết,14
2023-07-13,Vietnam,Quận 3,8
2023-02-01,Vietnam,Liên Chiểu,3
2023-02-01,Vietnam,Tân Bình,1
2023-02-15,Vietnam,Quận 1,25
2023-02-15,Vietnam,Phan Thiết,12
2023-08-23,Vietnam,Quận 7,2
2023-03-11,Vietnam,Thủ Đức,1
2023-02-19,Vietnam,Tân Bình,2
2023-02-19,Vietnam,Hải Châu,1
2023-02-04,Vietnam,Nha Trang,11
2023-02-04,Vietnam,Hội An,2
2023-07-29,Vietnam,Tây Hồ,2
2023-07-24,Vietnam,Phú Quốc,6
2023-02-12,Vietnam,Quận 1,11
2023-02-12,Vietnam,Phú Quốc,1
2023-01-05,Vietnam,Gò Vấp,2
2023-07-23,Vietnam,Nha Trang,29
2023-07-23,Vietnam,Tân Bình,2
2023-02-11,Vietnam,Sơn Trà,1
2023-02-14,Vietnam,Bình Thạnh,1
2023-03-21,Vietnam,Cam Lâm,3
2023-02-28,Vietnam,Hoàn Kiếm,4
2023-07-10,Vietnam,Quận 2,4
2023-08-31,Vietnam,Hải Châu,12
2023-08-31,Vietnam,Nha Trang,4
2023-04-25,Vietnam,Sa Pa,1
2023-10-17,Vietnam,Quận 1,20
2023-08-01,Vietnam,Sa Pa,1
2023-09-22,Vietnam,Hội An,3
2023-03-18,Vietnam,Tân Bình,3
2023-08-29,Vietnam,Tân Bình,5
2023-05-31,Vietnam,Tân Bình,1
2023-07-07,Vietnam,Thủ Đức,1
2023-08-28,Vietnam,Đồng Hới,3
2023-03-02,Vietnam,Hoàn Kiếm,20
2023-09-10,Vietnam,Đà Lạt,2
2023-09-10,Vietnam,Mai Châu,1
2023-04-23,Vietnam,Quận 1,9
2023-04-27,Vietnam,Tân Bình,3
2023-08-03,Vietnam,Hạ Long,1
2023-08-17,Vietnam,Hội An,3
2023-09-24,Vietnam,Quận 3,1
2023-03-05,Vietnam,Đống Đa,1
2023-04-12,Vietnam,Phú Quốc,1
2023-10-02,Vietnam,Đà Lạt,3
2023-09-23,Vietnam,Quận 2,1
2023-08-16,Vietnam,Quận 7,3
2023-04-11,Vietnam,Ngũ Hành Sơn,3
2023-10-13,Vietnam,Đồng Hới,3
2023-02-07,Vietnam,Quận 1,17
2023-08-11,Vietnam,Hải Châu,6
2023-08-11,Vietnam,Tân Bình,7
2023-08-25,Vietnam,Bảo Lộc,1
2023-04-20,Vietnam,Ba Đình,1
2023-04-20,Vietnam,Quận 10,1
2023-02-06,Vietnam,Ngũ Hành Sơn,3
2023-08-10,Vietnam,Quận 1,35
2023-03-12,Vietnam,Gò Vấp,1
2023-09-30,Vietnam,Phú Quốc,2
2023-10-11,Vietnam,Cầu Giấy,4
2023-10-11,Vietnam,Đồng Hới,1
2023-02-09,Vietnam,Quận 2,1
2023-10-26,Vietnam,Quận 1,21
2023-10-26,Vietnam,Tân Bình,4
2023-03-15,Vietnam,Hải Châu,2
2023-03-29,Vietnam,Liên Chiểu,2
2023-03-01,Vietnam,Phú Quốc,3
2023-11-19,Vietnam,Sơn Trà,1
2023-09-16,Vietnam,Bình Thạnh,1
2023-05-26,Vietnam,Cầu Giấy,1
2023-05-26,Vietnam,Vũng Tàu,1
2023-05-26,Vietnam,Liên Chiểu,4
2023-05-25,Vietnam,Quận 1,16
2023-09-01,Vietnam,Quận 1,16
2023-05-25,Vietnam,Cam Lâm,10
2023-01-20,Vietnam,Bình Thạnh,1
2023-04-18,Vietnam,Quận 7,1
2023-04-18,Vietnam,Phú Quốc,1
2023-05-28,Vietnam,Phan Thiết,8
2023-09-04,Vietnam,Hoàn Kiếm,1
2023-09-18,Vietnam,Vũng Tàu,4
2023-06-20,Vietnam,Gò Vấp,1
2023-01-22,Vietnam,Phú Quốc,1
2023-11-18,Vietnam,Đức Trọng,1
2023-05-13,Vietnam,Quận 7,1
2023-09-19,Vietnam,Vũng Tàu,4
2023-04-06,Vietnam,Bình Thạnh,2
2023-03-08,Vietnam,Quận 10,1
2023-04-29,Vietnam,Tuy Hoa,1
2023-05-20,Vietnam,Thủ Dầu Một,3
2023-11-15,Vietnam,Quận 1,36
2023-11-15,Vietnam,Quận 2,1
2023-03-07,Vietnam,Quận 3,3
2023-04-13,Vietnam,Ngũ Hành Sơn,4
2023-04-13,Vietnam,Liên Chiểu,1
2023-09-25,Vietnam,Đà Lạt,3
2023-09-25,Vietnam,Ngũ Hành Sơn,1
2023-10-06,Vietnam,Phú Quốc,3
2023-08-07,Vietnam,Thăng Bình,2
2023-11-01,Vietnam,Quận 7,2
2023-01-30,Vietnam,Nha Trang,23
2023-11-12,Vietnam,Cầu Giấy,1
2023-04-02,Vietnam,Ba Đình,1
2023-05-05,Vietnam,Quận 7,2
2023-01-18,Vietnam,Tân Bình,1
2023-02-21,Vietnam,Hạ Long,1
2023-06-01,Vietnam,Quận 1,18
2023-06-11,Vietnam,Hoàn Kiếm,4
2023-10-30,Vietnam,Hội An,3
2023-07-22,Vietnam,Quận 2,2
2023-07-22,Vietnam,Điện Bàn,1
2023-05-19,Vietnam,Hoàn Kiếm,2
2023-05-19,Vietnam,Cam Lâm,20
2023-01-14,Vietnam,Quận 7,2
2023-01-02,Vietnam,Quận 7,1
2023-06-28,Vietnam,Hoàn Kiếm,4
2023-07-20,Vietnam,Điện Bàn,1
2023-02-23,Vietnam,Phú Quốc,2
2023-02-23,Vietnam,Cầu Giấy,1
2023-02-23,Vietnam,Bình Thạnh,1
2023-06-23,Vietnam,Tân Bình,3
2023-04-08,Vietnam,Hải Châu,1
2023-01-24,Vietnam,Quận 1,1
2023-05-15,Vietnam,Cam Lâm,4
2023-09-06,Vietnam,Phan Thiết,8
2023-05-18,Vietnam,Binh Tan,1
2023-05-18,Vietnam,Phú Quốc,4
2023-11-07,Vietnam,Xuyên Mộc,1
2023-02-20,Vietnam,Phan Thiết,2
2023-02-20,Vietnam,Vị Thanh,1
2023-01-12,Vietnam,Cam Lâm,1
2023-06-25,Vietnam,Hoàn Kiếm,4
2023-09-08,Vietnam,Sơn Trà,2
2023-05-03,Vietnam,Ngũ Hành Sơn,3
2023-11-08,Vietnam,Lạng Sơn,1
2023-08-21,Vietnam,Phan Thiết,4
2023-07-14,Vietnam,Hải Châu,11
2023-07-14,Vietnam,Quận 5,1
2023-07-14,Vietnam,Sa Pa,4
2023-07-14,Vietnam,Quận 2,1
2023-07-14,Vietnam,Hạ Long,1
2023-10-23,Vietnam,Ngũ Hành Sơn,1
2023-06-07,Vietnam,Phú Quốc,1
2023-07-28,Vietnam,Tân Bình,6
2023-07-28,Vietnam,Phú Quốc,3
2023-03-23,Vietnam,Phú Quốc,4
2023-03-23,Vietnam,Ba Đình,2
2023-07-13,Vietnam,Tân Bình,2
2023-07-13,Vietnam,Gò Vấp,1
2023-01-09,Vietnam,Nha Trang,7
2023-01-09,Vietnam,Hai Bà Trưng,1
2023-02-01,Vietnam,Quận 10,1
2023-07-27,Vietnam,Thủ Dầu Một,2
2023-02-15,Vietnam,Cam Lâm,1
2023-02-05,Vietnam,Ba Đình,1
2023-07-15,Vietnam,Nha Trang,32
2023-07-29,Vietnam,Từ Liêm,1
2023-07-29,Vietnam,Mai Châu,2
2023-03-24,Vietnam,Quận 3,1
2023-01-06,Vietnam,Quận 1,1
2023-02-27,Vietnam,Quận 10,1
2023-01-05,Vietnam,Hoàn Kiếm,2
2023-01-05,Vietnam,Hội An,2
2023-02-26,Vietnam,Đống Đa,1
2023-08-30,Vietnam,Nha Trang,9
2023-10-20,Vietnam,Quận 2,2
2023-07-12,Vietnam,Mai Châu,1
2023-07-26,Vietnam,Tân Bình,7
2023-06-19,Vietnam,Hải Châu,7
2023-10-31,Vietnam,Hải Châu,10
2023-03-21,Vietnam,Nha Trang,4
2023-02-14,Vietnam,Binh Tan,2
2023-02-28,Vietnam,Hoàng Mai,1
2023-06-04,Vietnam,Hoàn Kiếm,2
2023-06-18,Vietnam,Hải Châu,9
2023-07-10,Vietnam,Phú Quốc,7
2023-07-25,Vietnam,Ngũ Hành Sơn,3
2023-10-17,Vietnam,Hoàn Kiếm,1
2023-08-29,Vietnam,Cái Răng,1
2023-05-31,Vietnam,Sa Pa,2
2023-07-08,Vietnam,Sơn Trà,3
2023-03-03,Vietnam,Quận 3,2
2023-04-10,Vietnam,Hòa Bình,1
2023-04-10,Vietnam,Phú Quốc,3
2023-04-24,Vietnam,Liên Chiểu,1
2023-11-10,Vietnam,Sa Pa,2
2023-11-10,Vietnam,Quận 3,1
2023-10-18,Vietnam,Hội An,1
2023-07-07,Vietnam,Hải Châu,21
2023-08-28,Vietnam,Hạ Long,1
2023-03-02,Vietnam,Quận 1,25
2023-03-02,Vietnam,Ngũ Hành Sơn,2
2023-09-10,Vietnam,Phan Thiết,4
2023-09-10,Vietnam,Hoàn Kiếm,3
2023-10-19,Vietnam,Sa Pa,7
2023-10-15,Vietnam,Phan Rang-Tháp Chàm,1
2023-08-03,Vietnam,Hai Bà Trưng,1
2023-08-03,Vietnam,Hoàn Kiếm,2
2023-08-17,Vietnam,Phú Quốc,1
2023-09-24,Vietnam,Hải Châu,8
2023-10-16,Vietnam,Tân Bình,1
2023-03-05,Vietnam,Phú Quốc,1
2023-04-12,Vietnam,Ba Đình,1
2023-09-23,Vietnam,Hoà Vang,1
2023-10-27,Vietnam,Hải Châu,11
2023-08-11,Vietnam,Phan Thiết,3
2023-04-20,Vietnam,Liên Chiểu,2
2023-03-28,Vietnam,Nha Trang,22
2023-04-20,Vietnam,Huế,1
2023-07-18,Vietnam,Sơn Trà,2
2023-07-18,Vietnam,Tân Bình,3
2023-07-18,Vietnam,Ngũ Hành Sơn,6
2023-03-13,Vietnam,Hoàn Kiếm,5
2023-03-12,Vietnam,Cam Lâm,5
2023-11-21,Vietnam,Hải Châu,12
2023-10-25,Vietnam,Ngũ Hành Sơn,2
2023-09-30,Vietnam,Quận 7,2
2023-09-30,Vietnam,Tân Bình,2
2023-02-09,Vietnam,Vũng Tàu,1
2023-07-06,Vietnam,Quận 7,2
2023-08-13,Vietnam,Quận 7,3
2023-07-06,Vietnam,Thủ Dầu Một,2
2023-04-22,Vietnam,Nha Trang,5
2023-04-22,Vietnam,Tây Hồ,1
2023-02-08,Vietnam,Tan Phu,1
2023-10-12,Vietnam,Thủ Đức,1
2023-07-19,Vietnam,Quận 3,3
2023-07-05,Vietnam,Ngũ Hành Sơn,1
2023-09-02,Vietnam,Tân Bình,2
2023-11-19,Vietnam,Quận 2,3
2023-11-19,Vietnam,Phú Quốc,4
2023-04-19,Vietnam,Ngũ Hành Sơn,2
2023-09-16,Vietnam,Quận 1,20
2023-05-26,Vietnam,Tân Bình,1
2023-05-25,Vietnam,Phan Thiết,5
2023-09-15,Vietnam,Sơn Trà,1
2023-04-18,Vietnam,Cam Lâm,4
2023-11-05,Vietnam,Đà Lạt,7
2023-11-02,Vietnam,Ngũ Hành Sơn,1
2023-11-16,Vietnam,Hoàn Kiếm,2
2023-09-04,Vietnam,Quận 3,1
2023-11-03,Vietnam,Phan Rang-Tháp Chàm,1
2023-09-18,Vietnam,Ninh Kiều,1
2023-05-28,Vietnam,Ba Đình,1
2023-11-14,Vietnam,Tây Hồ,2
2023-09-17,Vietnam,Vũng Tàu,3
2023-10-07,Vietnam,Ngũ Hành Sơn,2
2023-10-07,Vietnam,Hàm Thuận Nam,1
2023-05-21,Vietnam,Ngô Quyền,1
2023-11-01,Vietnam,Thanh Xuân,1
2023-08-19,Vietnam,Ninh Kiều,1
2023-10-08,Vietnam,Phú Quốc,4
2023-04-14,Vietnam,Hải Châu,1
2023-09-12,Vietnam,Liên Chiểu,2
2023-03-07,Vietnam,Cam Ranh,1
2023-08-18,Vietnam,Vũng Tàu,5
2023-04-13,Vietnam,Hai Bà Trưng,1
2023-04-13,Vietnam,Quận 2,1
2023-10-09,Vietnam,Quận 1,13
2023-10-09,Vietnam,Vĩnh Tường,1
2023-09-28,Vietnam,Cam Lâm,4
2023-09-28,Vietnam,Vũng Tàu,7
2023-04-16,Vietnam,Hải Châu,1
2023-10-05,Vietnam,Hội An,1
2023-02-22,Vietnam,Quận 7,2
2023-02-22,Vietnam,Đà Lạt,1
2023-05-06,Vietnam,Vị Thanh,1
2023-06-27,Vietnam,Sa Pa,1
2023-06-27,Vietnam,Cam Lâm,1
2023-06-26,Vietnam,Tân Bình,4
2023-05-05,Vietnam,Phú Quốc,4
2023-02-10,Vietnam,Gò Vấp,2
2023-05-19,Vietnam,Bình Thạnh,1
2023-03-31,Vietnam,Thanh Xuân,1
2023-06-29,Vietnam,Sơn Trà,3
2023-05-08,Vietnam,Ngũ Hành Sơn,3
2023-01-14,Vietnam,Hoàn Kiếm,2
2023-01-17,Vietnam,Quận 3,1
2023-06-12,Vietnam,Phú Quốc,2
2023-02-21,Vietnam,Quận 2,1
2023-07-20,Vietnam,Quận 1,31
2023-07-20,Vietnam,Phú Quốc,4
2023-02-23,Vietnam,Ba Đình,1
2023-04-08,Vietnam,Hoàn Kiếm,1
2023-05-15,Vietnam,Ngũ Hành Sơn,2
2023-05-16,Vietnam,Hoàn Kiếm,3
2023-05-16,Vietnam,Phú Quốc,2
2023-02-24,Vietnam,Nha Trang,6
2023-07-21,Vietnam,Hải Châu,18
2023-07-21,Vietnam,Phan Thiết,9
2023-07-21,Vietnam,Phú Quốc,2
2023-06-22,Vietnam,Cái Răng,1
2023-06-22,Vietnam,Đà Lạt,1
2023-11-07,Vietnam,Hải Châu,9
2023-11-07,Vietnam,Liên Chiểu,1
2023-11-06,Vietnam,Ba Đình,3
2023-11-06,Vietnam,Bắc Ninh,1
2023-06-24,Vietnam,Hoàn Kiếm,5
2023-06-24,Vietnam,Phan Thiết,11
2023-01-27,Vietnam,Quận 1,13
2023-01-27,Vietnam,Ngũ Hành Sơn,2
2023-01-12,Vietnam,Hoàn Kiếm,1
2023-01-26,Vietnam,Đà Lạt,11
2023-07-31,Vietnam,Điện Bàn,1
2023-07-30,Vietnam,Mai Châu,2
2023-08-21,Vietnam,Cam Ranh,1
2023-07-14,Vietnam,Nha Trang,30
2023-07-14,Vietnam,Quận 3,4
2023-06-07,Vietnam,Hoàn Kiếm,2
2023-06-07,Vietnam,Cam Lâm,10
2023-10-24,Vietnam,Mai Châu,1
2023-10-24,Vietnam,Ninh Kiều,1
2023-02-01,Vietnam,Ngũ Hành Sơn,2
2023-07-27,Vietnam,Nha Trang,23
2023-07-27,Vietnam,Sa Pa,5
2023-07-27,Vietnam,Hoà Vang,1
2023-02-15,Vietnam,Huế,1
2023-08-23,Vietnam,Hội An,1
2023-08-22,Vietnam,Cam Lâm,4
2023-02-27,Vietnam,Đà Lạt,2
2023-06-03,Vietnam,Sơn Trà,1
2023-02-12,Vietnam,Hạ Long,1
2023-08-30,Vietnam,Sơn Trà,2
2023-07-23,Vietnam,Quận 7,2
2023-10-20,Vietnam,Tân Bình,2
2023-02-25,Vietnam,Liên Chiểu,1
2023-07-12,Vietnam,Quận 3,2
2023-07-12,Vietnam,Sơn Trà,3
2023-07-26,Vietnam,Phan Thiết,5
2023-02-28,Vietnam,Quận 2,2
2023-07-11,Vietnam,Hạ Long,3
2023-07-10,Vietnam,Đống Đa,1
2023-07-25,Vietnam,Nha Trang,24
2023-07-25,Vietnam,Vũng Tàu,1
2023-08-01,Vietnam,Hàm Thuận Nam,1
2023-08-01,Vietnam,Phú Quốc,4
2023-10-03,Vietnam,Hội An,6
2023-10-03,Vietnam,Tân Bình,2
2023-08-15,Vietnam,Nha Trang,7
2023-05-31,Vietnam,Quận 1,7
2023-05-31,Vietnam,Hoàn Kiếm,1
2023-04-24,Vietnam,Quận 2,2
2023-09-21,Vietnam,Tân Bình,5
2023-10-18,Vietnam,Quận 3,1
2023-10-18,Vietnam,Bình Chánh,1
2023-10-19,Vietnam,Quận 3,1
2023-03-06,Vietnam,Từ Liêm,1
2023-10-15,Vietnam,Quận 3,1
2023-08-03,Vietnam,Sơn Trà,2
2023-03-05,Vietnam,Hoàn Kiếm,14
2023-03-19,Vietnam,Hoàn Kiếm,1
2023-08-02,Vietnam,Nha Trang,24
2023-08-02,Vietnam,Phú Quốc,5
2023-08-02,Vietnam,Cầu Giấy,1
2023-09-23,Vietnam,Nha Trang,8
2023-07-09,Vietnam,Lạng Sơn,1
2023-04-11,Vietnam,Quận 7,2
2023-10-13,Vietnam,Tân Bình,4
2023-10-13,Vietnam,Phan Thiết,10
2023-04-20,Vietnam,Phú Quốc,1
2023-07-18,Vietnam,Hoàn Kiếm,4
2023-11-20,Vietnam,Quận 1,19
2023-03-13,Vietnam,Ninh Kiều,3
2023-10-28,Vietnam,Hoàn Kiếm,2
2023-03-12,Vietnam,Cầu Giấy,1
2023-03-12,Vietnam,Phú Quốc,1
2023-03-16,Vietnam,Huế,1
2023-09-20,Vietnam,Quận 3,3
2023-02-09,Vietnam,Binh Tan,5
2023-08-13,Vietnam,Việt Trì,1
2023-07-06,Vietnam,Đồng Hới,1
2023-07-06,Vietnam,Tân Bình,3
2023-08-12,Vietnam,Vũng Tàu,5
2023-08-26,Vietnam,Phan Thiết,3
2023-07-19,Vietnam,Cam Lâm,1
2023-03-14,Vietnam,Hải Châu,1
2023-04-05,Vietnam,Quận 1,14
2023-04-05,Vietnam,Đà Lạt,2
2023-04-05,Vietnam,Ninh Kiều,1
2023-04-05,Vietnam,Phú Quốc,2
2023-11-04,Vietnam,Tân Bình,3
2023-01-21,Vietnam,Quận 1,1
2023-08-09,Vietnam,Hải Châu,8
2023-05-26,Vietnam,Phan Thiết,5
2023-05-11,Vietnam,Phan Thiết,8
2023-09-01,Vietnam,Sơn Trà,1
2023-09-29,Vietnam,Ngũ Hành Sơn,2
2023-11-05,Vietnam,Quận 7,2
2023-05-10,Vietnam,Hải Châu,11
2023-05-10,Vietnam,Thủ Dầu Một,1
2023-04-07,Vietnam,Ba Đình,2
2023-08-08,Vietnam,Phan Rang-Tháp Chàm,4
2023-11-02,Vietnam,Sa Pa,2
2023-09-04,Vietnam,Ngũ Hành Sơn,6
2023-09-04,Vietnam,Mai Châu,1
2023-11-03,Vietnam,Quận 7,5
2023-09-18,Vietnam,Mai Châu,1
2023-09-18,Vietnam,Phú Quốc,3
2023-09-17,Vietnam,Quận 3,1
2023-05-28,Vietnam,Đà Lạt,1
2023-05-28,Vietnam,Tây Hồ,1
2023-05-13,Vietnam,Cam Lâm,3
2023-09-19,Vietnam,Nha Trang,6
2023-05-27,Vietnam,Liên Chiểu,4
2023-11-14,Vietnam,Phú Quốc,6
2023-04-06,Vietnam,Nha Trang,8
2023-01-31,Vietnam,Quận 3,1
2023-11-01,Vietnam,Sa Pa,4
2023-04-14,Vietnam,Phú Nhuận,1
2023-04-29,Vietnam,Vũng Tàu,1
2023-11-15,Vietnam,Hai Bà Trưng,1
2023-08-04,Vietnam,Hương Thủy,1
2023-08-18,Vietnam,Quận 2,1
2023-09-25,Vietnam,Từ Liêm,4
2023-09-25,Vietnam,Hải Châu,17
2023-01-30,Vietnam,Bình Thạnh,1
2023-04-03,Vietnam,Cầu Giấy,3
2023-09-27,Vietnam,Nha Trang,8
2023-06-13,Vietnam,Sa Pa,1
2023-03-09,Vietnam,Lạng Sơn,1
2023-11-12,Vietnam,Liên Chiểu,2
2023-04-01,Vietnam,Ngũ Hành Sơn,3
2023-05-05,Vietnam,Đà Lạt,1
2023-02-21,Vietnam,Đà Lạt,1
2023-07-22,Vietnam,Tây Hồ,2
2023-07-22,Vietnam,Cầu Giấy,1
2023-03-31,Vietnam,Ba Đình,3
2023-01-14,Vietnam,Tân Bình,4
2023-06-12,Vietnam,Hội An,1
2023-04-09,Vietnam,Quận 1,12
2023-06-28,Vietnam,Quận 10,1
2023-05-02,Vietnam,Tân Bình,2
2023-07-20,Vietnam,Vũng Tàu,1
2023-09-09,Vietnam,Bảo Lộc,1
2023-05-29,Vietnam,Nha Trang,6
2023-07-21,Vietnam,Ngũ Hành Sơn,11
2023-07-21,Vietnam,Liên Chiểu,2
2023-09-05,Vietnam,Vũng Tàu,2
2023-01-28,Vietnam,Phú Quốc,1
2023-09-08,Vietnam,Hội An,3
2023-05-04,Vietnam,Cam Lâm,2
2023-11-06,Vietnam,Hạ Long,1
2023-11-06,Vietnam,Nha Trang,17
2023-07-31,Vietnam,Ngũ Hành Sơn,2
2023-11-08,Vietnam,Mai Châu,1
2023-10-23,Vietnam,Tân Bình,2
2023-08-20,Vietnam,Sa Pa,1
2023-02-16,Vietnam,Phú Nhuận,4
2023-01-09,Vietnam,Tây Hồ,1
2023-02-01,Vietnam,Phú Quốc,1
2023-06-06,Vietnam,Phú Quốc,5
2023-02-15,Vietnam,Ngũ Hành Sơn,3
2023-08-23,Vietnam,Đà Lạt,1
2023-03-26,Vietnam,Tây Hồ,2
2023-03-11,Vietnam,Nha Trang,3
2023-10-21,Vietnam,Tân Bình,4
2023-10-21,Vietnam,Vũng Tàu,2
2023-06-09,Vietnam,Liên Chiểu,1
2023-07-15,Vietnam,Cầu Giấy,2
2023-02-18,Vietnam,Đà Lạt,1
2023-10-22,Vietnam,Quận 7,1
2023-10-22,Vietnam,Đống Đa,2
2023-07-29,Vietnam,Hội An,4
2023-06-08,Vietnam,Lạng Sơn,1
2023-03-24,Vietnam,Tân Bình,3
2023-06-03,Vietnam,Phú Nhuận,1
2023-02-12,Vietnam,Vũng Tàu,1
2023-10-20,Vietnam,Đà Lạt,2
2023-07-12,Vietnam,Quận 2,4
2023-06-19,Vietnam,Sơn Trà,1
2023-06-19,Vietnam,Liên Chiểu,1
2023-07-26,Vietnam,Ngũ Hành Sơn,3
2023-03-21,Vietnam,Hạ Long,1
2023-02-28,Vietnam,Tân Bình,3
2023-07-11,Vietnam,Cái Răng,2
2023-03-20,Vietnam,Nha Trang,6
2023-06-18,Vietnam,Phan Thiết,4
2023-08-31,Vietnam,Hàm Thuận Nam,1
2023-08-01,Vietnam,Nha Trang,13
2023-10-03,Vietnam,Ba Đình,1
2023-03-04,Vietnam,Quận 1,24
2023-10-03,Vietnam,Bảo Lộc,1
2023-08-15,Vietnam,Sơn Trà,1
2023-05-31,Vietnam,Quận 7,1
2023-07-08,Vietnam,Nha Trang,44
2023-09-21,Vietnam,Quận 1,20
2023-05-30,Vietnam,Tân Bình,1
2023-07-07,Vietnam,Hội An,27
2023-10-29,Vietnam,Sa Pa,2
2023-04-27,Vietnam,Binh Tan,1
2023-10-15,Vietnam,Cam Lâm,4
2023-10-15,Vietnam,Hoàn Kiếm,3
2023-10-01,Vietnam,Cầu Giấy,1
2023-09-24,Vietnam,Quận 7,1
2023-10-16,Vietnam,Hoàn Kiếm,3
2023-08-02,Vietnam,Đồng Hới,3
2023-10-27,Vietnam,Bảo Lộc,1
2023-10-13,Vietnam,Phú Quốc,2
2023-02-07,Vietnam,Quận 3,1
2023-07-04,Vietnam,Gò Vấp,1
2023-08-25,Vietnam,Hải Châu,8
2023-04-20,Vietnam,Quận 3,1
2023-04-20,Vietnam,Vị Thanh,1
2023-07-18,Vietnam,Quận 6,1
2023-07-18,Vietnam,Hạ Long,1
2023-02-06,Vietnam,Quận 7,3
2023-08-10,Vietnam,Cam Lâm,12
2023-10-28,Vietnam,Quận 2,1
2023-07-03,Vietnam,Ba Đình,2
2023-10-14,Vietnam,Quận 1,18
2023-10-14,Vietnam,Nam Định,1
2023-03-12,Vietnam,Quận 10,2
2023-08-13,Vietnam,Từ Liêm,1
2023-08-13,Vietnam,Cầu Giấy,1
2023-10-26,Vietnam,Bảo Lộc,1
2023-10-26,Vietnam,Mai Châu,1
2023-08-12,Vietnam,Quận 1,25
2023-03-01,Vietnam,Quận 7,1
2023-07-19,Vietnam,Cái Răng,1
2023-04-05,Vietnam,Ngũ Hành Sơn,3
2023-11-04,Vietnam,Bảo Lộc,3
2023-11-04,Vietnam,Liên Chiểu,5
2023-09-02,Vietnam,Huế,1
2023-04-19,Vietnam,Tây Hồ,1
2023-04-19,Vietnam,Hội An,1
2023-08-09,Vietnam,Đà Lạt,5
2023-08-09,Vietnam,Phan Thiết,4
2023-09-01,Vietnam,Nha Trang,6
2023-09-01,Vietnam,Cầu Giấy,2
2023-11-05,Vietnam,Vũng Tàu,2
2023-05-10,Vietnam,Vũng Tàu,1
2023-05-10,Vietnam,Sa Pa,1
2023-04-07,Vietnam,Sơn Trà,2
2023-08-08,Vietnam,Hàm Thuận Nam,1
2023-09-04,Vietnam,Phú Quốc,1
2023-05-28,Vietnam,Quận 1,10
2023-05-14,Vietnam,Liên Chiểu,4
2023-09-19,Vietnam,Hội An,10
2023-09-19,Vietnam,Quận 1,18
2023-09-19,Vietnam,Hải Châu,8
2023-05-27,Vietnam,Hải Châu,2
2023-09-03,Vietnam,Quận 1,18
2023-11-14,Vietnam,Hải Châu,6
2023-04-29,Vietnam,Nha Trang,10
2023-04-29,Vietnam,Tân Bình,4
2023-11-01,Vietnam,Sơn Trà,1
2023-08-19,Vietnam,Đồng Hới,1
2023-05-12,Vietnam,Cam Lâm,5
2023-05-20,Vietnam,Nha Trang,9
2023-04-28,Vietnam,Liên Chiểu,14
2023-11-15,Vietnam,Huế,3
2023-11-15,Vietnam,Ba Đình,2
2023-03-07,Vietnam,Quận 7,1
2023-04-13,Vietnam,Hạ Long,1
2023-04-13,Vietnam,Đống Đa,1
2023-10-06,Vietnam,Đồng Hới,1
2023-08-07,Vietnam,Phú Quốc,9
2023-04-17,Vietnam,Nha Trang,2
2023-09-14,Vietnam,Hai Bà Trưng,1
2023-05-24,Vietnam,Quận 1,28
2023-05-24,Vietnam,Quận 3,1
2023-04-03,Vietnam,Ngũ Hành Sơn,5
2023-06-30,Vietnam,Ngũ Hành Sơn,1
2023-04-01,Vietnam,Binh Tan,1
2023-04-02,Vietnam,Liên Chiểu,1
2023-06-01,Vietnam,Sa Pa,2
2023-06-01,Vietnam,Ninh Kiều,1
2023-02-10,Vietnam,Tân Bình,3
2023-10-30,Vietnam,Ba Đình,1
2023-10-30,Vietnam,Cam Lâm,3
2023-07-22,Vietnam,Hoàn Kiếm,6
2023-03-31,Vietnam,Đà Lạt,1
2023-01-02,Vietnam,Quận 1,3
2023-06-28,Vietnam,Hội An,3
2023-07-20,Vietnam,Đồng Hới,1
2023-11-09,Vietnam,Lạng Sơn,1
2023-05-15,Vietnam,Hoàn Kiếm,4
2023-09-06,Vietnam,Hoàn Kiếm,2
2023-09-06,Vietnam,Nha Trang,4
2023-02-24,Vietnam,Cam Ranh,1
2023-07-21,Vietnam,Quận 7,2
2023-05-01,Vietnam,Sa Pa,1
2023-05-01,Vietnam,Hội An,2
2023-05-01,Vietnam,Qui Nhơn,1
2023-05-01,Vietnam,Thanh Khê,1
2023-05-01,Vietnam,Phan Thiết,4
2023-09-05,Vietnam,Sơn Trà,1
2023-11-07,Vietnam,Nha Trang,18
2023-06-10,Vietnam,Liên Chiểu,1
2023-09-08,Vietnam,Huế,1
2023-09-07,Vietnam,Phú Quốc,1
2023-09-07,Vietnam,Cam Lâm,1
2023-07-30,Vietnam,Bình Thạnh,1
2023-07-30,Vietnam,Phan Thiết,2
2023-02-17,Vietnam,Hải Châu,1
2023-08-21,Vietnam,Hải Châu,11
2023-10-23,Vietnam,Nha Trang,11
2023-06-07,Vietnam,Quận 1,6
2023-06-07,Vietnam,Đà Lạt,2
2023-02-02,Vietnam,Thủ Dầu Một,1
2023-03-23,Vietnam,Phan Thiết,3
2023-10-24,Vietnam,Cái Răng,2
2023-07-13,Vietnam,Cái Răng,1
2023-01-09,Vietnam,Sa Pa,1
2023-07-27,Vietnam,Hội An,2
2023-07-02,Vietnam,Hội An,1
2023-07-16,Vietnam,Quận 2,2
2023-10-21,Vietnam,Ninh Kiều,1
2023-03-25,Vietnam,Hoàn Kiếm,5
2023-06-09,Vietnam,Đà Lạt,2
2023-02-18,Vietnam,Hòa Bình,1
2023-02-18,Vietnam,Phan Thiết,1
2023-07-29,Vietnam,Quận 1,13
2023-07-29,Vietnam,Vũng Tàu,2
2023-06-08,Vietnam,Cam Lâm,4
2023-03-24,Vietnam,Thủ Dầu Một,1
2023-06-03,Vietnam,Nha Trang,1
2023-01-05,Vietnam,Đống Đa,1
2023-05-09,Vietnam,Hạ Long,1
2023-07-12,Vietnam,Hoàn Kiếm,1
2023-07-12,Vietnam,Cái Răng,2
2023-07-12,Vietnam,Phan Thiết,10
2023-06-19,Vietnam,Tân Bình,3
2023-02-14,Vietnam,Phú Nhuận,5
2023-07-10,Vietnam,Quận 1,22
2023-02-13,Vietnam,Liên Chiểu,2
2023-08-31,Vietnam,Phan Thiết,4
2023-08-01,Vietnam,Phan Thiết,3
2023-03-04,Vietnam,Sơn Trà,1
2023-03-04,Vietnam,Phú Nhuận,2
2023-08-29,Vietnam,Hạ Long,1
2023-05-31,Vietnam,Sơn Trà,1
2023-04-24,Vietnam,Ba Đình,1
2023-04-24,Vietnam,Nha Trang,6
2023-11-10,Vietnam,Gò Vấp,1
2023-07-07,Vietnam,Quận 2,2
2023-07-07,Vietnam,Cam Lâm,1
2023-07-07,Vietnam,Thanh Xuân,1
2023-08-14,Vietnam,Quận 7,1
2023-08-28,Vietnam,Tân Bình,4
2023-08-28,Vietnam,Ba Đình,3
2023-03-02,Vietnam,Hạ Long,1
2023-04-23,Vietnam,Lạng Sơn,1
2023-10-29,Vietnam,Quận 2,1
2023-10-29,Vietnam,Liên Chiểu,3
2023-04-27,Vietnam,Hội An,1
2023-04-27,Vietnam,Phú Quốc,1
2023-10-15,Vietnam,Quận 2,1
2023-10-15,Vietnam,Ba Đình,1
2023-08-17,Vietnam,Quận 7,3
2023-10-01,Vietnam,Quận 1,14
2023-09-24,Vietnam,Sơn Trà,1
2023-03-05,Vietnam,Nha Trang,24
2023-04-12,Vietnam,Từ Liêm,1
2023-10-02,Vietnam,Cam Lâm,5
2023-08-16,Vietnam,Ba Đình,1
2023-04-11,Vietnam,Phan Thiết,18
2023-03-28,Vietnam,Đống Đa,1
2023-07-18,Vietnam,Hải Châu,33
2023-03-27,Vietnam,Quận 2,1
2023-02-06,Vietnam,Nha Trang,18
2023-08-10,Vietnam,Phú Quốc,11
2023-10-14,Vietnam,Vũng Tàu,2
2023-03-16,Vietnam,Hoàng Mai,1
2023-10-11,Vietnam,Phan Thiết,18
2023-10-11,Vietnam,Binh Tan,1
2023-02-09,Vietnam,Gò Vấp,6
2023-08-13,Vietnam,Hội An,2
2023-08-13,Vietnam,Liên Chiểu,1
2023-10-26,Vietnam,Ninh Kiều,1
2023-03-15,Vietnam,Nha Trang,4
2023-03-15,Vietnam,Hội An,1
2023-03-29,Vietnam,Bình Thạnh,1
2023-03-01,Vietnam,Hai Bà Trưng,2
2023-08-26,Vietnam,Cam Lâm,3
2023-04-21,Vietnam,Ninh Kiều,2
2023-07-19,Vietnam,Hoàn Kiếm,8
2023-11-04,Vietnam,Đà Lạt,4
2023-11-04,Vietnam,Phú Quốc,5
2023-09-02,Vietnam,Hải Châu,10
2023-04-19,Vietnam,Cam Ranh,1
2023-04-19,Vietnam,Đống Đa,1
2023-04-19,Vietnam,Phan Rang-Tháp Chàm,1
2023-09-16,Vietnam,Đà Lạt,4
2023-08-09,Vietnam,Phú Quốc,12
2023-05-26,Vietnam,Quận 3,1
2023-05-25,Vietnam,Hội An,1
2023-04-18,Vietnam,Vị Thanh,1
2023-11-16,Vietnam,Sa Pa,4
2023-08-08,Vietnam,Quận 2,2
2023-11-02,Vietnam,Mai Châu,1
2023-09-04,Vietnam,Quận 1,17
2023-09-18,Vietnam,Hoàn Kiếm,1
2023-06-20,Vietnam,Hội An,3
2023-09-17,Vietnam,Thanh Khê,1
2023-11-14,Vietnam,Huế,3
2023-04-15,Vietnam,Quận 3,1
2023-04-15,Vietnam,Cầu Giấy,2
2023-05-21,Vietnam,Thủ Dầu Một,1
2023-01-31,Vietnam,Nha Trang,17
2023-08-19,Vietnam,Ngũ Hành Sơn,4
2023-04-14,Vietnam,Vũng Tàu,1
2023-08-05,Vietnam,Hội An,9
2023-08-05,Vietnam,Hoàn Kiếm,1
2023-04-29,Vietnam,Cam Lâm,4
2023-11-15,Vietnam,Nha Trang,16
2023-11-15,Vietnam,Ngũ Hành Sơn,1
2023-09-25,Vietnam,Ba Đình,2
2023-06-30,Vietnam,Nha Trang,17
2023-09-28,Vietnam,Hội An,4
2023-11-13,Vietnam,Quận 1,27
2023-08-07,Vietnam,Hội An,5
2023-09-14,Vietnam,Hải Châu,14
2023-04-03,Vietnam,Quận 1,6
2023-02-22,Vietnam,Cầu Giấy,1
2023-05-22,Vietnam,Hội An,1
2023-04-02,Vietnam,Sơn Trà,1
2023-06-11,Vietnam,Quận 1,11
2023-10-30,Vietnam,Phú Quốc,3
2023-02-10,Vietnam,Phan Thiết,3
2023-03-31,Vietnam,Đồng Hới,1
2023-03-31,Vietnam,Liên Chiểu,2
2023-05-19,Vietnam,Tân Bình,1
2023-05-08,Vietnam,Cam Lâm,7
2023-05-08,Vietnam,Phan Thiết,7
2023-01-17,Vietnam,Đà Lạt,1
2023-01-02,Vietnam,Tan Phu,1
2023-06-12,Vietnam,Nha Trang,12
2023-06-15,Vietnam,Liên Chiểu,2
2023-04-09,Vietnam,Nha Trang,2
2023-04-09,Vietnam,Việt Trì,1
2023-03-30,Vietnam,Ngũ Hành Sơn,3
2023-02-23,Vietnam,Đà Lạt,3
2023-06-23,Vietnam,Bình Chánh,1
2023-06-23,Vietnam,Hòa Bình,1
2023-09-09,Vietnam,Quận 1,14
2023-09-09,Vietnam,Ngũ Hành Sơn,2
2023-05-15,Vietnam,Phú Quốc,1
2023-01-25,Vietnam,Vũng Tàu,2
2023-02-24,Vietnam,Gò Vấp,1
2023-07-21,Vietnam,Nha Trang,24
2023-05-18,Vietnam,Nam Định,1
2023-06-21,Vietnam,Nha Trang,12
2023-01-12,Vietnam,Hai Bà Trưng,1
2023-11-08,Vietnam,Việt Trì,1
2023-07-28,Vietnam,Điện Bàn,1
2023-02-16,Vietnam,Nha Trang,25
2023-07-13,Vietnam,Liên Chiểu,1
2023-02-15,Vietnam,Sơn Trà,1
2023-02-15,Vietnam,Đống Đa,1
2023-02-15,Vietnam,Hội An,4
2023-08-23,Vietnam,Ngũ Hành Sơn,21
2023-07-02,Vietnam,Ninh Kiều,2
2023-03-26,Vietnam,Đà Lạt,2
2023-03-26,Vietnam,Đống Đa,2
2023-03-11,Vietnam,Quận 1,19
2023-03-11,Vietnam,Việt Trì,1
2023-03-11,Vietnam,Tây Hồ,1
2023-07-16,Vietnam,Tân Bình,3
2023-07-16,Vietnam,Thủ Dầu Một,1
2023-06-09,Vietnam,Nha Trang,4
2023-06-09,Vietnam,Hạ Long,1
2023-07-15,Vietnam,Tân Bình,6
2023-07-15,Vietnam,Quận 6,1
2023-07-01,Vietnam,Phú Quốc,4
2023-01-06,Vietnam,Cầu Giấy,1
2023-08-30,Vietnam,Phú Quốc,4
2023-06-16,Vietnam,Ninh Kiều,1
2023-02-11,Vietnam,Quận 7,2
2023-02-11,Vietnam,Phú Quốc,3
2023-10-20,Vietnam,Sa Pa,1
2023-02-25,Vietnam,Thủ Dầu Một,2
2023-07-12,Vietnam,Bảo Lộc,1
2023-07-12,Vietnam,Thái Bình,1
2023-07-26,Vietnam,Đà Lạt,1
2023-02-14,Vietnam,Thái Bình,1
2023-02-14,Vietnam,Liên Chiểu,6
2023-10-31,Vietnam,Đà Lạt,7
2023-10-31,Vietnam,Phú Quốc,3
2023-07-25,Vietnam,Hàm Thuận Nam,1
2023-07-25,Vietnam,Tân Bình,5
2023-07-25,Vietnam,Phan Thiết,6
2023-08-31,Vietnam,Hạ Long,1
2023-08-15,Vietnam,Ngũ Hành Sơn,4
2023-07-08,Vietnam,Phan Rang-Tháp Chàm,3
2023-04-10,Vietnam,Vị Thanh,1
2023-03-17,Vietnam,Nam Định,1
2023-08-28,Vietnam,Quận 1,16
2023-08-28,Vietnam,Sa Pa,2
2023-03-02,Vietnam,Đống Đa,1
2023-10-19,Vietnam,Quận 2,2
2023-10-29,Vietnam,Hải Châu,9
2023-10-15,Vietnam,Tân Bình,4
2023-08-03,Vietnam,Ninh Kiều,1
2023-08-17,Vietnam,Ngũ Hành Sơn,4
2023-10-01,Vietnam,Ngũ Hành Sơn,2
2023-10-16,Vietnam,Ba Đình,3
2023-04-12,Vietnam,Cam Lâm,3
2023-04-26,Vietnam,Hoàn Kiếm,3
2023-09-23,Vietnam,Cam Lâm,1
2023-08-16,Vietnam,Quận 1,19
2023-08-16,Vietnam,Phú Quốc,3
2023-10-27,Vietnam,Sơn Trà,2
2023-10-13,Vietnam,Nha Trang,4
2023-07-04,Vietnam,Sa Pa,1
2023-08-25,Vietnam,Đồng Hới,2
2023-08-25,Vietnam,Hoàn Kiếm,1
2023-08-25,Vietnam,Vũng Tàu,7
2023-07-18,Vietnam,Đà Lạt,2
2023-02-06,Vietnam,Phan Thiết,1
2023-08-10,Vietnam,Tây Hồ,1
2023-03-13,Vietnam,Quận 1,9
2023-07-03,Vietnam,Quận 1,25
2023-10-28,Vietnam,Đà Lạt,3
2023-07-03,Vietnam,Binh Tan,2
2023-03-16,Vietnam,Qui Nhơn,1
2023-10-25,Vietnam,Phú Quốc,4
2023-09-30,Vietnam,Đà Lạt,1
2023-10-11,Vietnam,Quận 1,26
2023-08-27,Vietnam,Liên Chiểu,1
2023-08-13,Vietnam,Sa Pa,3
2023-03-15,Vietnam,Ninh Kiều,1
2023-04-22,Vietnam,Ninh Kiều,1
2023-03-29,Vietnam,Cầu Giấy,6
2023-03-01,Vietnam,Sơn Trà,1
2023-02-08,Vietnam,Quận 3,3
2023-02-08,Vietnam,Ninh Kiều,2
2023-10-12,Vietnam,Đà Lạt,1
2023-10-12,Vietnam,Sơn Trà,1
2023-07-19,Vietnam,Quận 1,24
2023-07-19,Vietnam,Quận 7,2
2023-11-04,Vietnam,Hoàn Kiếm,2
2023-11-04,Vietnam,Thăng Bình,1
2023-05-11,Vietnam,Hoàn Kiếm,4
2023-09-01,Vietnam,Đà Lạt,1
2023-05-25,Vietnam,Liên Chiểu,2
2023-09-15,Vietnam,Ngũ Hành Sơn,4
2023-09-15,Vietnam,Hội An,6
2023-11-16,Vietnam,Ba Đình,1
2023-11-05,Vietnam,Hoàn Kiếm,7
2023-11-02,Vietnam,Đồng Hới,3
2023-05-28,Vietnam,Ninh Kiều,3
2023-09-04,Vietnam,Hội An,2
2023-09-04,Vietnam,Cầu Giấy,1
2023-11-03,Vietnam,Sa Pa,2
2023-11-03,Vietnam,Nam Định,1
2023-11-17,Vietnam,Quận 1,25
2023-06-20,Vietnam,Quận 4,1
2023-05-13,Vietnam,Phan Thiết,6
2023-04-29,Vietnam,Binh Tan,1
2023-05-21,Vietnam,Cam Lâm,20
2023-01-31,Vietnam,Binh Tan,1
2023-09-11,Vietnam,Tân Bình,4
2023-04-29,Vietnam,Liên Chiểu,1
2023-04-28,Vietnam,Quận 1,23
2023-04-28,Vietnam,Hoàng Mai,1
2023-09-12,Vietnam,Tân Bình,1
2023-03-07,Vietnam,Tân Bình,2
2023-03-07,Vietnam,Hội An,2
2023-08-18,Vietnam,Tân Bình,2
2023-09-25,Vietnam,Quận 3,4
2023-09-28,Vietnam,Đồng Hới,1
2023-11-13,Vietnam,Hoàn Kiếm,4
2023-10-06,Vietnam,Cầu Giấy,2
2023-04-17,Vietnam,Quận 2,3
2023-04-17,Vietnam,Vũng Tàu,1
2023-04-17,Vietnam,Đống Đa,2
2023-05-24,Vietnam,Quận 2,1
2023-04-16,Vietnam,Phan Thiết,6
2023-04-16,Vietnam,Tây Hồ,1
2023-04-16,Vietnam,Đà Lạt,1
2023-05-23,Vietnam,Tân Bình,2
2023-10-05,Vietnam,Nha Trang,13
2023-04-01,Vietnam,Cầu Giấy,3
2023-09-13,Vietnam,Hội An,5
2023-05-22,Vietnam,Quận 3,1
2023-06-27,Vietnam,Thủ Dầu Một,1
2023-02-21,Vietnam,Ninh Kiều,4
2023-06-01,Vietnam,Nam Định,1
2023-06-01,Vietnam,Liên Chiểu,2
2023-01-29,Vietnam,Cầu Giấy,1
2023-05-05,Vietnam,Thủ Dầu Một,1
2023-07-22,Vietnam,Quận 7,2
2023-01-15,Vietnam,Hội An,1
2023-06-12,Vietnam,Tân Bình,2
2023-06-14,Vietnam,Việt Trì,1
2023-04-09,Vietnam,Tân Bình,5
2023-01-03,Vietnam,Ninh Kiều,1
2023-11-09,Vietnam,Đức Trọng,1
2023-01-24,Vietnam,Ninh Bình,1
2023-05-29,Vietnam,Phú Quốc,1
2023-07-21,Vietnam,Tây Hồ,1
2023-06-10,Vietnam,Hải Châu,4
2023-01-12,Vietnam,Quận 1,2
2023-01-26,Vietnam,Nha Trang,17
2023-07-31,Vietnam,Sơn Trà,2
2023-07-31,Vietnam,Quận 3,1
2023-09-07,Vietnam,Ba Đình,1
2023-09-07,Vietnam,Nam Định,1
2023-07-30,Vietnam,Tân Bình,4
2023-02-17,Vietnam,Huế,1
2023-07-14,Vietnam,Đồng Hới,1
2023-04-30,Vietnam,Cầu Giấy,1
2023-10-23,Vietnam,Đà Lạt,2
2023-06-07,Vietnam,Nha Trang,18
2023-02-02,Vietnam,Quận 1,14
2023-03-23,Vietnam,Tân Bình,2
2023-02-16,Vietnam,Ngũ Hành Sơn,1
2023-10-24,Vietnam,Ba Đình,1
2023-10-24,Vietnam,Hoàn Kiếm,7
2023-02-01,Vietnam,Hội An,1
2023-03-22,Vietnam,Việt Trì,1
2023-06-06,Vietnam,Hải Châu,9
2023-03-11,Vietnam,Cam Lâm,2
2023-02-19,Vietnam,Phú Quốc,1
2023-07-16,Vietnam,Đống Đa,1
2023-10-21,Vietnam,Quận 3,1
2023-03-25,Vietnam,Phú Quốc,5
2023-06-09,Vietnam,Ngũ Hành Sơn,1
2023-06-09,Vietnam,Quận 2,1
2023-07-15,Vietnam,Lạng Sơn,1
2023-10-22,Vietnam,Hoàng Mai,1
2023-10-22,Vietnam,Hải Châu,6
2023-07-24,Vietnam,Hoàn Kiếm,4
2023-07-24,Vietnam,Quận 7,2
2023-06-03,Vietnam,Liên Chiểu,2
2023-02-12,Vietnam,Nha Trang,12
2023-01-05,Vietnam,Ba Đình,1
2023-01-05,Vietnam,Tân Bình,2
2023-08-30,Vietnam,Ba Đình,2
2023-01-19,Vietnam,Sơn Trà,1
2023-06-02,Vietnam,Phú Nhuận,1
2023-06-16,Vietnam,Huế,2
2023-02-11,Vietnam,Hoàn Kiếm,8
2023-02-11,Vietnam,Cam Ranh,1
2023-10-20,Vietnam,Sóc Sơn,1
2023-07-26,Vietnam,Hải Châu,16
2023-07-26,Vietnam,Sơn Trà,3
2023-07-26,Vietnam,Thái Bình,1
2023-03-21,Vietnam,Tân Bình,1
2023-02-28,Vietnam,Hội An,1
2023-02-28,Vietnam,Đống Đa,2
2023-07-25,Vietnam,Cái Răng,1
2023-07-25,Vietnam,Quận 2,1
2023-07-25,Vietnam,Tây Hồ,1
2023-04-25,Vietnam,Cam Lâm,10
2023-04-25,Vietnam,Sơn Trà,1
2023-08-01,Vietnam,Đà Lạt,5
2023-08-01,Vietnam,Bảo Lộc,1
2023-10-03,Vietnam,Quận 7,1
2023-03-04,Vietnam,Hoàn Kiếm,6
2023-03-04,Vietnam,Đống Đa,1
2023-08-15,Vietnam,Hoàn Kiếm,2
2023-08-15,Vietnam,Vũng Tàu,6
2023-03-03,Vietnam,Nha Trang,10
2023-03-17,Vietnam,Hoàn Kiếm,3
2023-05-30,Vietnam,Quận 1,15
2023-07-07,Vietnam,Hoàn Kiếm,3
2023-08-28,Vietnam,Nha Trang,5
2023-08-28,Vietnam,Sơn Trà,1
2023-08-28,Vietnam,Hội An,1
2023-03-02,Vietnam,Ninh Kiều,2
2023-10-19,Vietnam,Quận 7,1
2023-04-23,Vietnam,Hạ Long,1
2023-11-11,Vietnam,Phú Quốc,5
2023-04-27,Vietnam,Quận 2,2
2023-08-03,Vietnam,Ngũ Hành Sơn,6
2023-10-16,Vietnam,Vũng Tàu,2
2023-08-02,Vietnam,Đà Lạt,3
2023-08-02,Vietnam,Hội An,14
2023-08-16,Vietnam,Gò Vấp,1
2023-08-16,Vietnam,Ninh Kiều,1
2023-07-09,Vietnam,Hạ Long,4
2023-10-27,Vietnam,Nha Trang,21
2023-07-04,Vietnam,Nha Trang,16
2023-04-20,Vietnam,Cầu Giấy,3
2023-03-28,Vietnam,Cầu Giấy,2
2023-04-20,Vietnam,Hạ Long,2
2023-11-20,Vietnam,Quận 3,1
2023-02-06,Vietnam,Tân Bình,7
2023-08-10,Vietnam,Quận 7,5
2023-07-03,Vietnam,Phú Quốc,9
2023-07-03,Vietnam,Hải Châu,1
2023-10-14,Vietnam,Phú Quốc,1
2023-07-17,Vietnam,Cam Lâm,2
2023-02-09,Vietnam,Từ Liêm,1
2023-07-06,Vietnam,Hội An,11
2023-07-06,Vietnam,Hải Châu,38
2023-08-12,Vietnam,Hạ Long,3
2023-08-26,Vietnam,Tân Bình,5
2023-03-14,Vietnam,Quận 1,16
2023-04-05,Vietnam,Cam Lâm,8
2023-09-02,Vietnam,Sa Pa,3
2023-04-19,Vietnam,Hoàn Kiếm,3
2023-09-16,Vietnam,Vũng Tàu,3
2023-08-09,Vietnam,Tân Bình,3
2023-05-26,Vietnam,Hội An,1
2023-04-18,Vietnam,Binh Tan,1
2023-11-16,Vietnam,Nha Trang,8
2023-11-05,Vietnam,Ba Đình,1
2023-08-08,Vietnam,Quận 7,4
2023-11-02,Vietnam,Nha Trang,12
2023-09-29,Vietnam,Ninh Kiều,1
2023-11-03,Vietnam,Đức Trọng,1
2023-11-18,Vietnam,Quận 2,2
2023-11-18,Vietnam,Phan Thiết,5
2023-05-28,Vietnam,Hải Châu,10
2023-09-03,Vietnam,Cam Lâm,1
2023-05-12,Vietnam,Ba Đình,2
2023-11-14,Vietnam,Nha Trang,11
2023-04-15,Vietnam,Binh Tan,4
2023-04-15,Vietnam,Đống Đa,2
2023-04-15,Vietnam,Ninh Kiều,2
2023-08-19,Vietnam,Vũng Tàu,1
2023-10-08,Vietnam,Hải Châu,13
2023-09-26,Vietnam,Đà Lạt,1
2023-09-11,Vietnam,Quận 1,17
2023-03-07,Vietnam,Sơn Trà,3
2023-03-07,Vietnam,Thủ Dầu Một,1
2023-08-04,Vietnam,Hạ Long,1
2023-08-04,Vietnam,Thăng Bình,1
2023-08-18,Vietnam,Nam Định,1
2023-08-18,Vietnam,Việt Trì,1
2023-04-13,Vietnam,Cầu Giấy,2
2023-10-09,Vietnam,Liên Chiểu,2
2023-10-06,Vietnam,Ba Vi,1
2023-05-23,Vietnam,Phan Thiết,6
2023-01-30,Vietnam,Quận 2,1
2023-01-30,Vietnam,Tân Bình,2
2023-04-03,Vietnam,Đồng Hới,1
2023-09-27,Vietnam,Đà Lạt,1
2023-10-05,Vietnam,Quận 7,2
2023-06-13,Vietnam,Cầu Giấy,1
2023-03-09,Vietnam,Phan Thiết,7
2023-05-22,Vietnam,Ngũ Hành Sơn,2
2023-04-02,Vietnam,Tân Bình,3
2023-06-26,Vietnam,Liên Chiểu,2
2023-01-18,Vietnam,Gò Vấp,1
2023-02-21,Vietnam,Quận 10,1
2023-03-31,Vietnam,Ngũ Hành Sơn,1
2023-06-29,Vietnam,Liên Chiểu,1
2023-01-15,Vietnam,Hoàn Kiếm,1
2023-04-09,Vietnam,Sơn Trà,3
2023-04-09,Vietnam,Phan Thiết,4
2023-07-20,Vietnam,Nha Trang,19
2023-07-20,Vietnam,Cam Lâm,1
2023-05-07,Vietnam,Nha Trang,13
2023-03-30,Vietnam,Phú Quốc,1
2023-11-09,Vietnam,Hải Châu,11
2023-09-09,Vietnam,Ba Đình,1
2023-05-16,Vietnam,Cam Lâm,4
2023-09-05,Vietnam,Hoàn Kiếm,1
2023-07-21,Vietnam,Sơn Trà,1
2023-06-21,Vietnam,Đà Lạt,1
2023-06-10,Vietnam,Hoàn Kiếm,7
2023-07-31,Vietnam,Hoàn Kiếm,1
2023-02-17,Vietnam,Nam Định,1
2023-04-30,Vietnam,Phan Thiết,4
2023-02-02,Vietnam,Cam Lâm,3
2023-08-20,Vietnam,Ba Đình,1
2023-08-20,Vietnam,Cầu Giấy,1
2023-02-16,Vietnam,Quận 4,1
2023-07-13,Vietnam,Hải Châu,26
2023-07-13,Vietnam,Bảo Lộc,1
2023-03-22,Vietnam,Hội An,2
2023-07-27,Vietnam,Nam Định,1
2023-07-27,Vietnam,Phan Thiết,3
2023-07-27,Vietnam,Quận 7,1
2023-02-05,Vietnam,Thủ Dầu Một,1
2023-07-16,Vietnam,Nam Định,2
2023-10-21,Vietnam,Ba Đình,2
2023-07-01,Vietnam,Binh Tan,2
2023-10-22,Vietnam,Nha Trang,14
2023-10-22,Vietnam,Đà Lạt,7
2023-03-10,Vietnam,Nam Định,1
2023-01-06,Vietnam,Đống Đa,2
2023-07-24,Vietnam,Cầu Giấy,1
2023-08-30,Vietnam,Huế,4
2023-07-12,Vietnam,Đà Lạt,4
2023-07-26,Vietnam,Cầu Giấy,1
2023-03-21,Vietnam,Quận 3,7
2023-03-21,Vietnam,Phan Thiết,1
2023-08-31,Vietnam,Đà Lạt,2
2023-09-22,Vietnam,Vũng Tàu,1
2023-09-22,Vietnam,Quận 3,1
2023-08-29,Vietnam,Nha Trang,10
2023-03-03,Vietnam,Nam Định,1
2023-03-03,Vietnam,Phú Quốc,1
2023-04-24,Vietnam,Thái Bình,1
2023-05-30,Vietnam,Phú Quốc,2
2023-08-28,Vietnam,Đà Lạt,1
2023-08-28,Vietnam,Hoàn Kiếm,3
2023-10-29,Vietnam,Phú Quốc,3
2023-04-27,Vietnam,Sa Pa,1
2023-03-06,Vietnam,Ba Đình,2
2023-03-06,Vietnam,Hạ Long,1
2023-10-15,Vietnam,Quận 1,18
2023-08-17,Vietnam,Hải Châu,9
2023-08-17,Vietnam,Sa Pa,1
2023-11-22,Vietnam,Hải Châu,1
2023-09-24,Vietnam,Cam Lâm,1
2023-10-16,Vietnam,Hải Châu,17
2023-03-19,Vietnam,Quận 2,1
2023-04-26,Vietnam,Quận 3,1
2023-08-02,Vietnam,Điện Bàn,1
2023-10-27,Vietnam,Ninh Kiều,2
2023-10-13,Vietnam,Sa Pa,1
2023-10-13,Vietnam,Cầu Giấy,1
2023-02-07,Vietnam,Quận 7,1
2023-02-07,Vietnam,Hai Bà Trưng,1
2023-07-04,Vietnam,Hội An,1
2023-04-20,Vietnam,Hoàn Kiếm,4
2023-03-28,Vietnam,Hoàn Kiếm,3
2023-03-27,Vietnam,Phan Thiết,3
2023-07-03,Vietnam,Quận 7,1
2023-03-12,Vietnam,Hạ Long,1
2023-03-16,Vietnam,Tân Bình,2
2023-10-25,Vietnam,Thuận An,1
2023-09-30,Vietnam,Quận 3,2
2023-07-06,Vietnam,Sơn Trà,1
2023-03-29,Vietnam,Cam Lâm,3
2023-02-08,Vietnam,Ngũ Hành Sơn,1
2023-07-19,Vietnam,Binh Tan,1
2023-07-19,Vietnam,Sa Pa,2
2023-07-05,Vietnam,Quận 3,1
2023-07-05,Vietnam,Đà Lạt,2
2023-03-14,Vietnam,Phú Quốc,4
2023-09-02,Vietnam,Quận 1,12
2023-01-21,Vietnam,Tân Bình,2
2023-11-19,Vietnam,Qui Nhơn,1
2023-04-04,Vietnam,Vị Thanh,1
2023-01-20,Vietnam,Tân Bình,1
2023-09-15,Vietnam,Cam Lâm,4
2023-09-15,Vietnam,Vũng Tàu,7
2023-05-10,Vietnam,Cam Lâm,4
2023-04-07,Vietnam,Đà Lạt,2
2023-08-08,Vietnam,Tân Bình,6
2023-11-02,Vietnam,Nam Định,1
2023-09-04,Vietnam,Hải Châu,18
2023-01-23,Vietnam,Quận 1,1
2023-11-17,Vietnam,Phan Thiết,4
2023-09-17,Vietnam,Đồng Hới,1
2023-05-13,Vietnam,Tân Bình,3
2023-05-13,Vietnam,Ngũ Hành Sơn,3
2023-04-15,Vietnam,Hạ Long,2
2023-05-21,Vietnam,Nha Trang,6
2023-11-01,Vietnam,Phan Thiết,9
2023-08-19,Vietnam,Cam Lâm,3
2023-10-08,Vietnam,Ba Đình,1
2023-08-05,Vietnam,Phan Rang-Tháp Chàm,1
2023-04-29,Vietnam,Việt Trì,3
2023-03-07,Vietnam,Quận 5,1
2023-08-04,Vietnam,Phan Rang-Tháp Chàm,1
2023-09-25,Vietnam,Phan Thiết,4
2023-05-24,Vietnam,Phan Thiết,4
2023-05-23,Vietnam,Ngũ Hành Sơn,2
2023-09-27,Vietnam,Hội An,3
2023-09-27,Vietnam,Hạ Long,2
2023-09-27,Vietnam,Phú Quốc,2
2023-09-13,Vietnam,Quận 1,35
2023-04-01,Vietnam,Phan Thiết,2
2023-04-02,Vietnam,Cam Lâm,9
2023-02-21,Vietnam,Quận 1,11
2023-07-22,Vietnam,Thủ Dầu Một,1
2023-06-12,Vietnam,Hải Châu,4
2023-06-12,Vietnam,Cam Lâm,1
2023-06-28,Vietnam,Nha Trang,17
2023-05-02,Vietnam,Thủ Dầu Một,1
2023-05-07,Vietnam,Vũng Tàu,1
2023-11-09,Vietnam,Đồng Hới,3
2023-11-09,Vietnam,Vũng Tàu,3
2023-01-24,Vietnam,Phú Quốc,2
2023-09-09,Vietnam,Thăng Bình,1
2023-05-29,Vietnam,Sơn Trà,6
2023-01-11,Vietnam,Tân Bình,5
2023-01-28,Vietnam,Gò Vấp,2
2023-01-28,Vietnam,Liên Chiểu,4
2023-06-21,Vietnam,Quận 2,1
2023-06-21,Vietnam,Cầu Giấy,2
2023-01-27,Vietnam,Ba Đình,1
2023-05-17,Vietnam,Nha Trang,8
2023-09-08,Vietnam,Quận 3,8
2023-09-07,Vietnam,Hội An,4
2023-11-08,Vietnam,Vị Thanh,1
2023-08-21,Vietnam,Phú Quốc,6
2023-04-30,Vietnam,Cam Lâm,8
2023-07-28,Vietnam,Thăng Bình,1
2023-10-24,Vietnam,Vũng Tàu,4
2023-10-24,Vietnam,Hai Bà Trưng,1
2023-03-26,Vietnam,Phan Thiết,7
2023-03-26,Vietnam,Cầu Giấy,2
2023-02-04,Vietnam,Ngũ Hành Sơn,6
2023-02-04,Vietnam,Gò Vấp,1
2023-10-22,Vietnam,Quận 1,14
2023-10-22,Vietnam,Đồng Hới,1
2023-02-27,Vietnam,Hoàn Kiếm,6
2023-01-19,Vietnam,Ninh Kiều,1
2023-06-16,Vietnam,Quận 2,1
2023-10-20,Vietnam,Hải Châu,7
2023-01-04,Vietnam,Thủ Dầu Một,1
2023-07-12,Vietnam,Hải Châu,16
2023-03-21,Vietnam,Ngũ Hành Sơn,5
2023-02-14,Vietnam,Tân Bình,3
2023-06-04,Vietnam,Quận 1,17
2023-03-20,Vietnam,Quận 1,31
2023-07-10,Vietnam,Binh Tan,1
2023-07-10,Vietnam,Hoàn Kiếm,6
2023-07-10,Vietnam,Đà Lạt,1
2023-07-10,Vietnam,Phan Rang-Tháp Chàm,1
2023-07-25,Vietnam,Phú Quốc,4
2023-08-31,Vietnam,Hội An,5
2023-09-22,Vietnam,Tân Bình,3
2023-03-18,Vietnam,Quận 10,2
2023-03-03,Vietnam,Hòa Bình,1
2023-04-10,Vietnam,Sơn Trà,1
2023-04-10,Vietnam,Thủ Dầu Một,1
2023-11-10,Vietnam,Tân Bình,4
2023-09-21,Vietnam,Ninh Kiều,1
2023-03-17,Vietnam,Cầu Giấy,1
2023-10-18,Vietnam,Đồng Hới,2
2023-10-19,Vietnam,Vũng Tàu,1
2023-11-11,Vietnam,Cam Lâm,1
2023-04-27,Vietnam,Hải Châu,12
2023-03-06,Vietnam,Nha Trang,14
2023-08-17,Vietnam,Xuyên Mộc,1
2023-08-17,Vietnam,Liên Chiểu,1
2023-03-05,Vietnam,Binh Tan,1
2023-04-12,Vietnam,Đống Đa,2
2023-04-12,Vietnam,Quận 10,1
2023-10-02,Vietnam,Điện Bàn,2
2023-04-26,Vietnam,Sơn Trà,3
2023-04-26,Vietnam,Hòa Bình,1
2023-07-09,Vietnam,Phan Thiết,6
2023-04-11,Vietnam,Hòa Bình,1
2023-10-13,Vietnam,Ninh Kiều,1
2023-10-13,Vietnam,Hoàn Kiếm,4
2023-07-04,Vietnam,Liên Chiểu,1
2023-07-18,Vietnam,Phan Thiết,9
2023-03-27,Vietnam,Đà Lạt,2
2023-03-27,Vietnam,Cầu Giấy,3
2023-02-06,Vietnam,Gò Vấp,1
2023-08-10,Vietnam,Nha Trang,19
2023-10-14,Vietnam,Phan Thiết,9
2023-08-24,Vietnam,Vũng Tàu,8
2023-03-16,Vietnam,Hai Bà Trưng,1
2023-10-25,Vietnam,Hội An,3
2023-10-25,Vietnam,Hải Châu,13
2023-08-27,Vietnam,Hải Châu,6
2023-03-15,Vietnam,Đà Lạt,1
2023-03-29,Vietnam,Việt Trì,1
2023-02-08,Vietnam,Phú Quốc,1
2023-07-19,Vietnam,Hạ Long,6
2023-11-19,Vietnam,Ba Đình,4
2023-08-09,Vietnam,Cam Lâm,7
2023-05-10,Vietnam,Hội An,1
2023-04-07,Vietnam,Phú Quốc,1
2023-11-02,Vietnam,Phan Thiết,15
2023-11-16,Vietnam,Liên Chiểu,4
2023-11-03,Vietnam,Hải Châu,9
2023-09-18,Vietnam,Nha Trang,6
2023-09-18,Vietnam,Ngũ Hành Sơn,1
2023-11-18,Vietnam,Quận 1,24
2023-09-17,Vietnam,Quận 1,38
2023-05-13,Vietnam,Hoàn Kiếm,3
2023-05-13,Vietnam,Ba Đình,1
2023-09-19,Vietnam,Ngũ Hành Sơn,5
2023-09-03,Vietnam,Phú Quốc,5
2023-05-12,Vietnam,Nha Trang,6
2023-03-08,Vietnam,Hạ Long,1
2023-04-14,Vietnam,Liên Chiểu,2
2023-01-31,Vietnam,Liên Chiểu,1
2023-09-11,Vietnam,Phan Thiết,10
2023-04-29,Vietnam,Hòa Bình,1
2023-09-12,Vietnam,Ngũ Hành Sơn,3
2023-08-18,Vietnam,Quận 1,28
2023-10-09,Vietnam,Thủ Đức,1
2023-11-13,Vietnam,Hải Châu,6
2023-08-07,Vietnam,Từ Liêm,1
2023-04-16,Vietnam,Ninh Kiều,2
2023-11-01,Vietnam,Ba Đình,2
2023-05-23,Vietnam,Ba Đình,1
2023-01-30,Vietnam,Quận 1,7
2023-01-30,Vietnam,Ba Đình,1
2023-04-03,Vietnam,Nha Trang,2
2023-06-13,Vietnam,Phú Quốc,6
2023-11-12,Vietnam,Gò Vấp,1
2023-11-12,Vietnam,Ngũ Hành Sơn,1
2023-01-01,Vietnam,Quận 1,4
2023-01-01,Vietnam,Bình Thạnh,1
2023-06-27,Vietnam,Tân Bình,1
2023-02-21,Vietnam,Nha Trang,11
2023-06-01,Vietnam,Phan Thiết,7
2023-05-05,Vietnam,Liên Chiểu,4
2023-07-22,Vietnam,Liên Chiểu,1
2023-06-29,Vietnam,Thủ Dầu Một,3
2023-06-15,Vietnam,Quận 1,11
2023-05-02,Vietnam,Đống Đa,1
2023-07-20,Vietnam,Hoàn Kiếm,5
2023-11-09,Vietnam,Quận 2,2
2023-05-15,Vietnam,Thủ Dầu Một,1
2023-09-06,Vietnam,Ba Đình,1
2023-02-24,Vietnam,Hoàn Kiếm,8
2023-02-24,Vietnam,Ngũ Hành Sơn,5
2023-05-01,Vietnam,Hoàn Kiếm,4
2023-02-20,Vietnam,Hoàn Kiếm,6
2023-05-04,Vietnam,Quận 7,1
2023-06-10,Vietnam,Nha Trang,19
2023-07-31,Vietnam,Quận 7,1
2023-09-07,Vietnam,Tân Bình,2
2023-07-30,Vietnam,Hoàn Kiếm,3
2023-05-03,Vietnam,Phan Rang-Tháp Chàm,1
2023-11-08,Vietnam,Vũng Tàu,3
2023-04-30,Vietnam,Hải Châu,13
2023-10-23,Vietnam,Phú Quốc,1
2023-06-07,Vietnam,Phan Thiết,7
2023-07-28,Vietnam,Hội An,6
2023-07-28,Vietnam,Tây Hồ,2
2023-03-23,Vietnam,Binh Tan,1
2023-10-24,Vietnam,Tân Bình,1
2023-07-13,Vietnam,Sa Pa,4
2023-02-01,Vietnam,Hoàn Kiếm,3
2023-03-22,Vietnam,Cam Lâm,5
2023-02-15,Vietnam,Cam Ranh,1
2023-10-10,Vietnam,Cam Lâm,1
2023-07-16,Vietnam,Đồng Hới,1
2023-08-22,Vietnam,Bình Thạnh,1
2023-07-01,Vietnam,Bình Chánh,1
2023-07-29,Vietnam,Tuy Hoa,1
2023-03-10,Vietnam,Đống Đa,3
2023-06-08,Vietnam,Hoàn Kiếm,4
2023-07-24,Vietnam,Nha Trang,23
2023-02-26,Vietnam,Quận 1,5
2023-07-23,Vietnam,Hạ Long,1
2023-07-23,Vietnam,Phú Nhuận,1
2023-07-26,Vietnam,Quận 7,1
2023-07-11,Vietnam,Hải Châu,22
2023-07-10,Vietnam,Sơn Trà,1
2023-07-10,Vietnam,Sa Pa,2
2023-07-25,Vietnam,Quận 3,3
2023-03-18,Vietnam,Quận 1,16
2023-08-29,Vietnam,Ngũ Hành Sơn,2
2023-05-31,Vietnam,Phan Thiết,10
2023-07-08,Vietnam,Từ Liêm,1
2023-09-21,Vietnam,Tây Hồ,1
2023-03-17,Vietnam,Quận 3,1
2023-05-30,Vietnam,Liên Chiểu,3
2023-03-02,Vietnam,Quận 3,1
2023-03-02,Vietnam,Tân Bình,4
2023-04-27,Vietnam,Quận 1,33
2023-10-15,Vietnam,Hải Châu,18
2023-08-03,Vietnam,Sa Pa,3
2023-03-05,Vietnam,Phan Thiết,2
2023-10-02,Vietnam,Phú Quốc,1
2023-08-02,Vietnam,Đống Đa,1
2023-04-26,Vietnam,Hạ Long,7
2023-04-26,Vietnam,Đống Đa,2
2023-08-16,Vietnam,Hội An,2
2023-07-09,Vietnam,Tân Bình,6
2023-07-09,Vietnam,Cầu Giấy,3
2023-02-07,Vietnam,Tân Bình,1
2023-08-25,Vietnam,Hương Thủy,2
2023-04-20,Vietnam,Ngũ Hành Sơn,5
2023-03-28,Vietnam,Quận 1,21
2023-10-14,Vietnam,Nha Trang,10
2023-10-14,Vietnam,Tĩnh Gia,1
2023-03-16,Vietnam,Cầu Giấy,2
2023-09-20,Vietnam,Hai Bà Trưng,1
2023-10-26,Vietnam,Đồng Hới,1
2023-10-26,Vietnam,Bình Thạnh,1
2023-04-21,Vietnam,Quận 3,1
2023-04-21,Vietnam,Hạ Long,4
2023-07-05,Vietnam,Phan Thiết,8
2023-11-04,Vietnam,Phú Nhuận,1
2023-11-04,Vietnam,Phan Thiết,12
2023-11-19,Vietnam,Đà Lạt,7
2023-11-19,Vietnam,Quận 1,19
2023-11-19,Vietnam,Quận 3,2
2023-09-16,Vietnam,Sa Pa,1
2023-03-14,Vietnam,Cầu Giấy,1
2023-09-15,Vietnam,Sa Pa,3
2023-04-07,Vietnam,Ninh Kiều,1
2023-11-03,Vietnam,Hạ Long,2
2023-11-03,Vietnam,Phú Quốc,11
2023-11-03,Vietnam,Xuyên Mộc,1
2023-01-23,Vietnam,Nha Trang,13
2023-06-20,Vietnam,Quận 7,1
2023-11-18,Vietnam,Huế,1
2023-11-18,Vietnam,Sơn Trà,2
2023-11-18,Vietnam,Liên Chiểu,2
2023-05-13,Vietnam,Hội An,1
2023-04-15,Vietnam,Ngũ Hành Sơn,2
2023-10-07,Vietnam,Hoàn Kiếm,2
2023-04-29,Vietnam,Sa Pa,1
2023-03-08,Vietnam,Quận 1,18
2023-11-01,Vietnam,Cam Lâm,2
2023-08-19,Vietnam,Phú Quốc,2
2023-09-26,Vietnam,Tân Bình,1
2023-01-31,Vietnam,Hội An,1
2023-01-31,Vietnam,Bình Thạnh,1
2023-01-31,Vietnam,Tân Bình,1
2023-09-11,Vietnam,Hội An,4
2023-05-20,Vietnam,Quận 3,1
2023-04-28,Vietnam,Ngũ Hành Sơn,1
2023-03-08,Vietnam,Quận 7,1
2023-11-15,Vietnam,Đống Đa,1
2023-08-04,Vietnam,Tuy Hoa,2
2023-08-18,Vietnam,Nha Trang,8
2023-09-25,Vietnam,Ninh Kiều,1
2023-10-06,Vietnam,Cam Lâm,1
2023-05-23,Vietnam,Đà Lạt,1
2023-09-27,Vietnam,Hoàn Kiếm,1
2023-08-06,Vietnam,Hải Châu,7
2023-06-27,Vietnam,Liên Chiểu,1
2023-06-11,Vietnam,Cam Lâm,9
2023-02-10,Vietnam,Vũng Tàu,2
2023-10-30,Vietnam,Sa Pa,1
2023-07-22,Vietnam,Phan Rang-Tháp Chàm,2
2023-06-29,Vietnam,Hội An,2
2023-05-19,Vietnam,Ngũ Hành Sơn,1
2023-06-12,Vietnam,Phan Thiết,12
2023-01-24,Vietnam,Quận 4,1
2023-05-15,Vietnam,Phan Thiết,8
2023-01-10,Vietnam,Tây Hồ,1
2023-01-10,Vietnam,Cầu Giấy,1
2023-01-16,Vietnam,Quận 1,2
2023-05-29,Vietnam,Hải Châu,4
2023-09-05,Vietnam,Tân Bình,3
2023-02-24,Vietnam,Quận 2,1
2023-01-11,Vietnam,Hội An,1
2023-05-01,Vietnam,Vũng Tàu,1
2023-06-22,Vietnam,Cầu Giấy,1
2023-11-07,Vietnam,Đà Lạt,3
2023-07-30,Vietnam,Quận 1,12
2023-07-30,Vietnam,Ba Đình,1
2023-07-30,Vietnam,Cái Răng,1
2023-08-21,Vietnam,Đồng Hới,2
2023-08-21,Vietnam,Bảo Lộc,1
2023-04-30,Vietnam,Hạ Long,1
2023-10-23,Vietnam,Đồng Hới,2
2023-03-23,Vietnam,Quận 1,18
2023-08-20,Vietnam,Liên Chiểu,2
2023-02-16,Vietnam,Liên Chiểu,4
2023-10-24,Vietnam,Cầu Giấy,3
2023-03-10,Vietnam,Lạng Sơn,1
2023-03-10,Vietnam,Phú Quốc,1
2023-02-03,Vietnam,Ngũ Hành Sơn,2
2023-07-24,Vietnam,Hội An,5
2023-06-17,Vietnam,Nha Trang,16
2023-01-05,Vietnam,Phú Quốc,5
2023-08-30,Vietnam,Hạ Long,1
2023-06-02,Vietnam,Phan Thiết,5
2023-10-20,Vietnam,Ngũ Hành Sơn,1
2023-06-05,Vietnam,Tân Bình,2
2023-01-08,Vietnam,Gò Vấp,1
2023-07-26,Vietnam,Sa Pa,6
2023-07-26,Vietnam,Cái Răng,1
2023-07-11,Vietnam,Thái Bình,1
2023-07-10,Vietnam,Cam Lâm,1
2023-02-13,Vietnam,Huế,2
2023-08-31,Vietnam,Gò Vấp,2
2023-08-31,Vietnam,Đống Đa,2
2023-04-25,Vietnam,Quận 7,1
2023-08-01,Vietnam,Quận 1,19
2023-08-01,Vietnam,Vũng Tàu,3
2023-10-03,Vietnam,Phan Thiết,8
2023-03-18,Vietnam,Hải Châu,1
2023-08-29,Vietnam,Hải Châu,12
2023-03-03,Vietnam,Hoàn Kiếm,16
2023-05-31,Vietnam,Liên Chiểu,1
2023-03-03,Vietnam,Hội An,2
2023-04-24,Vietnam,Cầu Giấy,2
2023-03-17,Vietnam,Tân Bình,2
2023-03-17,Vietnam,Phú Quốc,2
2023-10-18,Vietnam,Sa Pa,5
2023-10-18,Vietnam,Hải Châu,13
2023-05-30,Vietnam,Cam Lâm,8
2023-05-30,Vietnam,Hạ Long,1
2023-04-23,Vietnam,Phan Thiết,3
2023-11-11,Vietnam,Qui Nhơn,1
2023-04-27,Vietnam,Hạ Long,2
2023-10-15,Vietnam,Hạ Long,1
2023-10-15,Vietnam,Phan Thiết,9
2023-11-22,Vietnam,Phan Thiết,2
2023-03-05,Vietnam,Vũng Tàu,1
2023-03-19,Vietnam,Binh Tan,1
2023-10-02,Vietnam,Đống Đa,1
2023-04-26,Vietnam,Ba Đình,1
2023-09-23,Vietnam,Binh Tan,2
2023-08-16,Vietnam,Binh Tan,1
2023-08-16,Vietnam,Tân Bình,2
2023-08-16,Vietnam,Hương Thủy,2
2023-10-27,Vietnam,Phú Quốc,1
2023-04-11,Vietnam,Hương Thủy,2
2023-08-11,Vietnam,Thăng Bình,1
2023-07-04,Vietnam,Hạ Long,5
2023-03-28,Vietnam,Đà Lạt,2
2023-03-27,Vietnam,Ba Đình,2
2023-10-14,Vietnam,Hai Bà Trưng,1
2023-07-17,Vietnam,Hoàn Kiếm,3
2023-09-30,Vietnam,Nha Trang,6
2023-02-09,Vietnam,Thái Bình,1
2023-08-27,Vietnam,Phan Thiết,3
2023-08-13,Vietnam,Sơn Trà,1
2023-03-01,Vietnam,Hoàn Kiếm,20
2023-10-26,Vietnam,Thanh Xuân,1
2023-02-08,Vietnam,Nha Trang,27
2023-04-21,Vietnam,Vũng Tàu,1
2023-07-05,Vietnam,Hoàn Kiếm,3
2023-11-04,Vietnam,Nha Trang,10
2023-11-04,Vietnam,Ninh Kiều,2
2023-09-02,Vietnam,Phan Thiết,5
2023-11-19,Vietnam,Nha Trang,15
2023-01-21,Vietnam,Hoàn Kiếm,1
2023-04-19,Vietnam,Hai Bà Trưng,1
2023-08-09,Vietnam,Ngũ Hành Sơn,7
2023-09-15,Vietnam,Cầu Giấy,2
2023-11-16,Vietnam,Xuyên Mộc,1
2023-04-07,Vietnam,Hoà Vang,1
2023-08-08,Vietnam,Huế,2
2023-09-04,Vietnam,Cam Lâm,3
2023-09-18,Vietnam,Quận 3,2
2023-06-20,Vietnam,Nha Trang,12
2023-11-18,Vietnam,Sa Pa,1
2023-11-18,Vietnam,Vũng Tàu,2
2023-10-07,Vietnam,Binh Tan,1
2023-10-07,Vietnam,Hội An,2
2023-10-07,Vietnam,Thủ Đức,1
2023-08-19,Vietnam,Nha Trang,8
2023-08-05,Vietnam,Hải Châu,9
2023-08-05,Vietnam,Quận 10,2
2023-04-29,Vietnam,Cam Ranh,1
2023-04-29,Vietnam,Cầu Giấy,1
2023-04-28,Vietnam,Quận 7,1
2023-09-12,Vietnam,Quận 2,1
2023-09-12,Vietnam,Nha Trang,9
2023-09-25,Vietnam,Quận 2,2
2023-10-06,Vietnam,Hoàn Kiếm,2
2023-03-09,Vietnam,Thủ Dầu Một,1
2023-11-12,Vietnam,Việt Trì,1
2023-02-22,Vietnam,Hoàn Kiếm,11
2023-05-06,Vietnam,Nha Trang,8
2023-09-13,Vietnam,Hải Châu,13
2023-06-27,Vietnam,Hải Châu,1
2023-06-26,Vietnam,Nha Trang,10
2023-02-21,Vietnam,Ngũ Hành Sơn,1
2023-10-30,Vietnam,Quận 1,24
2023-10-30,Vietnam,Vũng Tàu,1
2023-05-19,Vietnam,Hạ Long,3
2023-07-22,Vietnam,Nha Trang,15
2023-03-31,Vietnam,Phan Rang-Tháp Chàm,1
2023-05-07,Vietnam,Quận 1,22
2023-02-23,Vietnam,Hoàn Kiếm,8
2023-06-23,Vietnam,Phú Quốc,4
2023-11-09,Vietnam,Nha Trang,24
2023-09-09,Vietnam,Tân Bình,1
2023-05-29,Vietnam,Liên Chiểu,2
2023-02-20,Vietnam,Phú Quốc,3
2023-06-10,Vietnam,Quận 1,9
2023-06-10,Vietnam,Cam Lâm,8
2023-01-12,Vietnam,Phú Quốc,2
2023-01-26,Vietnam,Hội An,1
2023-09-08,Vietnam,Cầu Giấy,1
2023-07-31,Vietnam,Phú Quốc,2
2023-09-07,Vietnam,Hoàn Kiếm,3
2023-07-30,Vietnam,Quận 7,1
2023-04-30,Vietnam,Phú Quốc,1
2023-02-16,Vietnam,Phú Quốc,2
2023-07-13,Vietnam,Hoàn Kiếm,1
2023-02-01,Vietnam,Phan Thiết,2
2023-03-22,Vietnam,Nha Trang,9
2023-02-05,Vietnam,Nha Trang,27
2023-03-26,Vietnam,Hoàn Kiếm,6
2023-03-11,Vietnam,Sơn Trà,2
2023-02-04,Vietnam,Quận 3,2
2023-02-04,Vietnam,Phú Quốc,1
2023-10-21,Vietnam,Nha Trang,11
2023-02-18,Vietnam,Tân Bình,3
2023-07-01,Vietnam,Quận 1,30
2023-07-01,Vietnam,Phan Thiết,10
2023-03-10,Vietnam,Cam Lâm,3
2023-06-03,Vietnam,Hải Châu,4
2023-06-03,Vietnam,Hoàn Kiếm,1
2023-02-12,Vietnam,Phú Nhuận,5
2023-01-05,Vietnam,Cầu Giấy,1
2023-05-09,Vietnam,Đống Đa,1
2023-02-11,Vietnam,Ngũ Hành Sơn,2
2023-06-05,Vietnam,Thái Bình,1
2023-02-14,Vietnam,Nha Trang,32
2023-02-14,Vietnam,Phú Quốc,3
2023-07-11,Vietnam,Sơn Trà,1
2023-06-18,Vietnam,Ngũ Hành Sơn,2
2023-07-10,Vietnam,Hải Châu,15
2023-02-13,Vietnam,Hoàng Mai,1
2023-02-13,Vietnam,Ngũ Hành Sơn,4
2023-10-17,Vietnam,Ba Đình,1
2023-10-17,Vietnam,Thủ Đức,1
2023-10-17,Vietnam,Liên Chiểu,3
2023-03-18,Vietnam,Nha Trang,4
2023-03-18,Vietnam,Cầu Giấy,1
2023-08-15,Vietnam,Tân Bình,2
2023-07-08,Vietnam,Quận 1,13
2023-04-24,Vietnam,Cam Lâm,8
2023-04-24,Vietnam,Thủ Dầu Một,1
2023-09-21,Vietnam,Ngũ Hành Sơn,4
2023-05-30,Vietnam,Sơn Trà,1
2023-08-14,Vietnam,Tân Bình,5
2023-03-02,Vietnam,Phú Quốc,1
2023-04-23,Vietnam,Cầu Giấy,1
2023-11-11,Vietnam,Sơn Trà,2
2023-11-11,Vietnam,Đà Lạt,6
2023-10-29,Vietnam,Đà Lạt,5
2023-08-03,Vietnam,Mai Châu,2
2023-10-01,Vietnam,Hải Châu,7
2023-03-05,Vietnam,Sa Pa,1
2023-03-19,Vietnam,Quận 1,17
2023-03-19,Vietnam,Đống Đa,1
2023-08-02,Vietnam,Tân Bình,2
2023-07-09,Vietnam,Phú Quốc,6
2023-03-28,Vietnam,Phan Rang-Tháp Chàm,1
2023-02-06,Vietnam,Liên Chiểu,2
2023-10-28,Vietnam,Quận 1,18
2023-08-24,Vietnam,Quận 1,30
2023-09-20,Vietnam,Hải Châu,15
2023-10-11,Vietnam,Nha Trang,10
2023-10-26,Vietnam,Nha Trang,8
2023-07-06,Vietnam,Liên Chiểu,1
2023-08-12,Vietnam,Binh Tan,1
2023-03-01,Vietnam,Quận 2,2
2023-08-26,Vietnam,Liên Chiểu,1
2023-10-12,Vietnam,Vũng Tàu,1
2023-07-05,Vietnam,Hải Châu,2
2023-03-14,Vietnam,Nha Trang,4
2023-11-04,Vietnam,Quận 1,21
2023-09-16,Vietnam,Hải Châu,7
2023-09-16,Vietnam,Hội An,4
2023-08-09,Vietnam,Quận 1,35
2023-04-04,Vietnam,Nha Trang,1
2023-04-04,Vietnam,Cam Lâm,2
2023-05-10,Vietnam,Nha Trang,8
2023-04-07,Vietnam,Tân Bình,1
2023-04-07,Vietnam,Phan Thiết,6
2023-08-08,Vietnam,Đà Lạt,4
2023-09-04,Vietnam,Tân Bình,2
2023-11-03,Vietnam,Ninh Kiều,3
2023-11-17,Vietnam,Di An,1
2023-11-17,Vietnam,Hải Châu,5
2023-09-19,Vietnam,Quận 3,3
2023-05-12,Vietnam,Hải Châu,12
2023-04-15,Vietnam,Thủ Dầu Một,1
2023-04-06,Vietnam,Hội An,1
2023-08-05,Vietnam,Quận 1,17
2023-09-26,Vietnam,Binh Tan,1
2023-09-26,Vietnam,Bảo Lộc,1
2023-08-05,Vietnam,Nha Trang,18
2023-04-28,Vietnam,Hoàn Kiếm,1
2023-09-12,Vietnam,Sa Pa,1
2023-09-12,Vietnam,Vũng Tàu,5
2023-08-04,Vietnam,Quận 7,2
2023-04-13,Vietnam,Hương Thủy,1
2023-11-13,Vietnam,Phú Quốc,9
2023-10-06,Vietnam,Phan Thiết,6
2023-05-24,Vietnam,Liên Chiểu,2
2023-04-16,Vietnam,Hoàn Kiếm,3
2023-06-30,Vietnam,Quận 3,2
2023-06-30,Vietnam,Qui Nhơn,1
2023-09-27,Vietnam,Sa Pa,1
2023-10-05,Vietnam,Sa Pa,3
2023-10-05,Vietnam,Đồng Hới,2
2023-06-13,Vietnam,Đà Lạt,3
2023-11-12,Vietnam,Hải Châu,11
2023-11-12,Vietnam,Phú Quốc,1
2023-11-12,Vietnam,Hội An,1
2023-08-06,Vietnam,Phan Thiết,7
2023-08-06,Vietnam,Vũng Tàu,2
2023-08-06,Vietnam,Quận 7,1
2023-05-06,Vietnam,Hội An,4
2023-09-13,Vietnam,Hai Bà Trưng,1
2023-06-27,Vietnam,Đà Lạt,2
2023-02-21,Vietnam,Tân Bình,3
2023-01-29,Vietnam,Hoàn Kiếm,3
2023-01-29,Vietnam,Liên Chiểu,4
2023-05-19,Vietnam,Nha Trang,7
2023-07-22,Vietnam,Ninh Kiều,3
2023-07-22,Vietnam,Tân Bình,2
2023-01-15,Vietnam,Đống Đa,2
2023-01-02,Vietnam,Phú Quốc,5
2023-06-12,Vietnam,Liên Chiểu,1
2023-06-26,Vietnam,Ngũ Hành Sơn,1
2023-06-28,Vietnam,Sơn Trà,3
2023-06-28,Vietnam,Quận 7,2
2023-07-20,Vietnam,Hồng Bàng,1
2023-01-03,Vietnam,Bình Thạnh,2
2023-11-09,Vietnam,Quận 3,1
2023-05-16,Vietnam,Binh Tan,1
2023-09-06,Vietnam,Quận 7,2
2023-07-21,Vietnam,Ba Đình,1
2023-05-18,Vietnam,Cầu Giấy,1
2023-05-18,Vietnam,Phan Thiết,6
2023-11-07,Vietnam,Ba Đình,1
2023-06-21,Vietnam,Sơn Trà,2
2023-06-21,Vietnam,Liên Chiểu,3
2023-11-06,Vietnam,Quận 7,1
2023-05-03,Vietnam,Đà Lạt,1
2023-05-17,Vietnam,Thủ Dầu Một,1
2023-07-31,Vietnam,Nha Trang,11
2023-07-31,Vietnam,Bình Thạnh,1
2023-09-07,Vietnam,Điện Bàn,1
2023-02-17,Vietnam,Bình Thạnh,1
2023-08-21,Vietnam,Bình Thạnh,1
2023-07-14,Vietnam,Hoàng Mai,1
2023-02-16,Vietnam,Cầu Giấy,1
2023-02-01,Vietnam,Nha Trang,25
2023-02-01,Vietnam,Đà Lạt,1
2023-03-25,Vietnam,Binh Tan,1
2023-08-22,Vietnam,Cầu Giấy,1
2023-07-15,Vietnam,Sa Pa,1
2023-07-15,Vietnam,Cam Lâm,3
2023-07-01,Vietnam,Hải Châu,1
2023-10-22,Vietnam,Ba Đình,3
2023-07-29,Vietnam,Hải Châu,14
2023-03-10,Vietnam,Tân Bình,2
2023-06-08,Vietnam,Nha Trang,8
2023-03-24,Vietnam,Cam Lâm,2
2023-02-03,Vietnam,Huế,1
2023-07-23,Vietnam,Quận 2,2
2023-01-19,Vietnam,Hoàn Kiếm,1
2023-06-16,Vietnam,Nha Trang,14
2023-05-09,Vietnam,Phú Quốc,1
2023-02-25,Vietnam,Hoàn Kiếm,2
2023-06-05,Vietnam,Đà Lạt,1
2023-01-04,Vietnam,Sóc Sơn,1
2023-02-14,Vietnam,Vũng Tàu,1
2023-10-31,Vietnam,Mai Châu,1
2023-03-21,Vietnam,Đống Đa,1
2023-01-07,Vietnam,Tây Hồ,1
2023-03-20,Vietnam,Tân Bình,6
2023-07-10,Vietnam,Tân Bình,11
2023-07-25,Vietnam,Ninh Kiều,1
2023-10-17,Vietnam,Phan Thiết,20
2023-10-03,Vietnam,Ngũ Hành Sơn,1
2023-04-10,Vietnam,Ngũ Hành Sơn,1
2023-04-24,Vietnam,Tân Bình,2
2023-04-24,Vietnam,Đống Đa,2
2023-11-10,Vietnam,Phan Thiết,6
2023-09-21,Vietnam,Hoàn Kiếm,4
2023-10-04,Vietnam,Phan Thiết,9
2023-03-17,Vietnam,Ngũ Hành Sơn,4
2023-10-18,Vietnam,Quận 10,1
2023-10-18,Vietnam,Phú Quốc,4
2023-07-07,Vietnam,Liên Chiểu,1
2023-11-11,Vietnam,Tân Bình,9
2023-04-27,Vietnam,Quận 3,2
2023-03-06,Vietnam,Phú Quốc,1
2023-10-01,Vietnam,Vũng Tàu,2
2023-11-22,Vietnam,Sa Pa,2
2023-09-24,Vietnam,Ba Đình,1
2023-09-24,Vietnam,Nha Trang,10
2023-04-12,Vietnam,Quận 2,1
2023-04-12,Vietnam,Liên Chiểu,3
2023-04-26,Vietnam,Hội An,3
2023-09-23,Vietnam,Hoàn Kiếm,7
2023-08-11,Vietnam,Phú Nhuận,1
2023-08-11,Vietnam,Liên Chiểu,4
2023-08-25,Vietnam,Cam Lâm,1
2023-04-20,Vietnam,Nha Trang,10
2023-11-20,Vietnam,Đà Lạt,4
2023-03-27,Vietnam,Hòa Bình,1
2023-08-10,Vietnam,Vũng Tàu,4
2023-08-10,Vietnam,Cầu Giấy,6
2023-03-13,Vietnam,Tân Bình,1
2023-03-13,Vietnam,Gò Vấp,1
2023-07-03,Vietnam,Cái Răng,2
2023-10-25,Vietnam,Lạng Sơn,1
2023-09-20,Vietnam,Sóc Sơn,1
2023-10-11,Vietnam,Hội An,2
2023-10-11,Vietnam,Sa Pa,1
2023-02-09,Vietnam,Nha Trang,29
2023-02-09,Vietnam,Bình Thạnh,1
2023-08-27,Vietnam,Cầu Giấy,1
2023-08-27,Vietnam,Vũng Tàu,5
2023-07-06,Vietnam,Nha Trang,25
2023-08-13,Vietnam,Phan Thiết,3
2023-08-12,Vietnam,Phú Quốc,3
2023-03-29,Vietnam,Vị Thanh,3
2023-02-08,Vietnam,Cầu Giấy,3
2023-08-26,Vietnam,Hải Châu,13
2023-08-26,Vietnam,Hương Thủy,1
2023-08-26,Vietnam,Điện Bàn,1
2023-10-12,Vietnam,Hải Châu,15
2023-10-12,Vietnam,Phú Quốc,2
2023-07-19,Vietnam,Đồng Hới,1
2023-03-14,Vietnam,Hai Bà Trưng,1
2023-11-04,Vietnam,Nam Định,2
2023-11-19,Vietnam,Liên Chiểu,1
2023-04-19,Vietnam,Quận 1,18
2023-09-16,Vietnam,Đồng Hới,1
2023-09-16,Vietnam,Phú Quốc,4
2023-05-11,Vietnam,Nha Trang,12
2023-04-18,Vietnam,Phan Thiết,3
2023-09-29,Vietnam,Sơn Trà,1
2023-04-07,Vietnam,Quận 1,17
2023-11-02,Vietnam,Phong Điền,1
2023-11-17,Vietnam,Bảo Lộc,1
2023-09-17,Vietnam,Hải Châu,10
2023-05-28,Vietnam,Liên Chiểu,2
2023-11-14,Vietnam,Quận 2,1
2023-09-17,Vietnam,Sa Pa,3
2023-09-17,Vietnam,Tân Bình,3
2023-04-06,Vietnam,Phan Thiết,6
2023-09-26,Vietnam,Hội An,2
2023-08-19,Vietnam,Hội An,1
2023-04-28,Vietnam,Hải Châu,7
2023-08-04,Vietnam,Quận 2,1
2023-09-25,Vietnam,Tân Bình,2
2023-06-30,Vietnam,Quận 1,18
2023-09-14,Vietnam,Nha Trang,7
2023-08-07,Vietnam,Phan Rang-Tháp Chàm,1
2023-04-17,Vietnam,Liên Chiểu,1
2023-10-06,Vietnam,Quận 7,3
2023-01-30,Vietnam,Sơn Trà,2
2023-01-30,Vietnam,Gò Vấp,3
2023-06-13,Vietnam,Nha Trang,8
2023-02-22,Vietnam,Vũng Tàu,2
2023-05-06,Vietnam,Phan Thiết,7
2023-04-01,Vietnam,Hoàn Kiếm,4
2023-04-02,Vietnam,Ngũ Hành Sơn,1
2023-02-10,Vietnam,Ninh Kiều,2
2023-05-05,Vietnam,Cam Lâm,8
2023-03-31,Vietnam,Quận 3,1
2023-05-08,Vietnam,Tân Bình,4
2023-04-09,Vietnam,Hai Bà Trưng,1
2023-04-09,Vietnam,Cam Lâm,10
2023-06-26,Vietnam,Quận 7,1
2023-06-26,Vietnam,Phú Quốc,6
2023-06-23,Vietnam,Vũng Tàu,1
2023-06-28,Vietnam,Quận 1,19
2023-05-02,Vietnam,Hạ Long,1
2023-11-09,Vietnam,Ba Đình,4
2023-09-09,Vietnam,Vũng Tàu,5
2023-01-10,Vietnam,Đống Đa,1
2023-05-29,Vietnam,Hoàn Kiếm,1
2023-05-29,Vietnam,Ninh Kiều,1
2023-09-05,Vietnam,Phú Quốc,2
2023-07-21,Vietnam,Hàm Thuận Nam,1
2023-07-21,Vietnam,Huế,1
2023-01-11,Vietnam,Sơn Trà,1
2023-05-01,Vietnam,Liên Chiểu,2
2023-01-28,Vietnam,Nha Trang,15
2023-02-20,Vietnam,Nha Trang,13
2023-02-20,Vietnam,Quận 9,1
2023-06-21,Vietnam,Quận 1,16
2023-06-24,Vietnam,Quận 3,3
2023-01-26,Vietnam,Thanh Xuân,1
2023-06-25,Vietnam,Ngũ Hành Sơn,1
2023-05-17,Vietnam,Quận 7,1
2023-07-31,Vietnam,Hội An,2
2023-07-30,Vietnam,Nha Trang,14
2023-05-03,Vietnam,Hải Châu,23
2023-11-08,Vietnam,Sơn Trà,1
2023-07-14,Vietnam,Đà Lạt,1
2023-04-30,Vietnam,Quận 1,15
2023-10-23,Vietnam,Ba Đình,1
2023-06-07,Vietnam,Hải Châu,7
2023-02-02,Vietnam,Ngũ Hành Sơn,4
2023-07-13,Vietnam,Ngũ Hành Sơn,7
2023-03-22,Vietnam,Hoàn Kiếm,3
2023-07-27,Vietnam,Mai Châu,4
2023-02-19,Vietnam,Phan Thiết,1
2023-03-25,Vietnam,Nha Trang,13
2023-10-21,Vietnam,Phan Thiết,4
2023-07-15,Vietnam,Ngũ Hành Sơn,4
2023-07-29,Vietnam,Phan Rang-Tháp Chàm,1
2023-03-10,Vietnam,Thủ Dầu Một,1
2023-06-08,Vietnam,Quận 1,18
2023-03-24,Vietnam,Hải Châu,2
2023-06-17,Vietnam,Hạ Long,1
2023-08-30,Vietnam,Hải Châu,10
2023-08-30,Vietnam,Hội An,1
2023-07-23,Vietnam,Hoàn Kiếm,4
2023-02-11,Vietnam,Đống Đa,1
2023-02-25,Vietnam,Từ Liêm,1
2023-06-05,Vietnam,Quận 1,14
2023-01-04,Vietnam,Tân Bình,2
2023-03-21,Vietnam,Cầu Giấy,4
2023-07-11,Vietnam,Vũng Tàu,1
2023-06-18,Vietnam,Lạng Sơn,1
2023-07-10,Vietnam,Phan Thiết,6
2023-08-29,Vietnam,Quận 7,1
2023-11-10,Vietnam,Hải Châu,5
2023-11-10,Vietnam,Hạ Long,2
2023-09-21,Vietnam,Vũng Tàu,1
2023-09-21,Vietnam,Phan Thiết,7
2023-07-07,Vietnam,Quận 1,29
2023-10-19,Vietnam,Ninh Kiều,1
2023-10-19,Vietnam,Liên Chiểu,5
2023-11-11,Vietnam,Hoà Vang,1
2023-08-03,Vietnam,Cái Răng,1
2023-08-03,Vietnam,Đức Trọng,1
2023-04-12,Vietnam,Cầu Giấy,1
2023-03-19,Vietnam,Cam Ranh,2
2023-03-19,Vietnam,Sơn Trà,1
2023-04-26,Vietnam,Hải Châu,8
2023-04-26,Vietnam,Phan Thiết,13
2023-09-23,Vietnam,Huế,1
2023-08-16,Vietnam,Sa Pa,1
2023-08-16,Vietnam,Hoàn Kiếm,1
2023-10-27,Vietnam,Tân Bình,1
2023-07-04,Vietnam,Ngũ Hành Sơn,1
2023-03-28,Vietnam,Ngũ Hành Sơn,4
2023-07-18,Vietnam,Hội An,7
2023-03-27,Vietnam,Cam Ranh,1
2023-08-10,Vietnam,Từ Liêm,1
2023-03-16,Vietnam,Phú Nhuận,1
2023-09-20,Vietnam,Vũng Tàu,4
2023-10-11,Vietnam,Quận 2,2
2023-08-27,Vietnam,Hội An,1
2023-07-06,Vietnam,Hạ Long,1
2023-03-01,Vietnam,Nha Trang,22
2023-10-26,Vietnam,Hải Châu,5
2023-03-01,Vietnam,Quận 9,1
2023-04-21,Vietnam,Lạng Sơn,1
2023-10-12,Vietnam,Quận 1,26
2023-07-19,Vietnam,Cầu Giấy,2
2023-07-19,Vietnam,Bình Thạnh,1
2023-04-05,Vietnam,Sơn Trà,1
2023-09-02,Vietnam,Cam Lâm,1
2023-11-19,Vietnam,Sa Pa,2
2023-01-21,Vietnam,Vũng Tàu,1
2023-05-11,Vietnam,Ngũ Hành Sơn,3
2023-09-15,Vietnam,Quận 3,2
2023-09-15,Vietnam,Hoàn Kiếm,2
2023-09-15,Vietnam,Phú Quốc,3
2023-04-18,Vietnam,Việt Trì,1
2023-04-18,Vietnam,Thủ Dầu Một,1
2023-09-29,Vietnam,Tân Bình,5
2023-08-08,Vietnam,Hà Đông,1
2023-11-03,Vietnam,Hoà Vang,1
2023-01-22,Vietnam,Hai Bà Trưng,1
2023-05-14,Vietnam,Hải Châu,9
2023-09-19,Vietnam,Hoàn Kiếm,3
2023-09-03,Vietnam,Ba Đình,1
2023-05-12,Vietnam,Vị Thanh,1
2023-09-17,Vietnam,Đà Lạt,1
2023-04-06,Vietnam,Đà Lạt,2
2023-10-07,Vietnam,Ba Đình,1
2023-05-21,Vietnam,Hải Châu,6
2023-11-01,Vietnam,Hội An,3
2023-10-08,Vietnam,Tân Bình,3
2023-01-31,Vietnam,Hoàn Kiếm,9
2023-04-29,Vietnam,Hải Châu,11
2023-09-12,Vietnam,Hải Châu,15
2023-08-04,Vietnam,Phú Quốc,9
2023-10-09,Vietnam,Hải Châu,12
2023-09-14,Vietnam,Đồng Hới,1
2023-09-28,Vietnam,Tân Bình,5
2023-11-13,Vietnam,Phan Rang-Tháp Chàm,1
2023-08-07,Vietnam,Tân Bình,6
2023-08-07,Vietnam,Sơn Trà,1
2023-08-07,Vietnam,Vũng Tàu,4
2023-05-22,Vietnam,Nha Trang,4
2023-02-22,Vietnam,Nha Trang,4
2023-02-22,Vietnam,Từ Liêm,1
2023-05-06,Vietnam,Đà Lạt,2
2023-09-13,Vietnam,Hoàn Kiếm,3
2023-09-13,Vietnam,Cam Lâm,1
2023-09-13,Vietnam,Đồng Hới,1
2023-04-01,Vietnam,Nha Trang,4
2023-02-10,Vietnam,Ngũ Hành Sơn,1
2023-07-22,Vietnam,Quận 1,21
2023-03-31,Vietnam,Sơn Trà,6
2023-05-19,Vietnam,Thủ Dầu Một,1
2023-06-14,Vietnam,Cam Lâm,1
2023-07-20,Vietnam,Thủ Dầu Một,1
2023-07-20,Vietnam,Liên Chiểu,1
2023-02-23,Vietnam,Nha Trang,11
2023-02-23,Vietnam,Tân Bình,1
2023-02-23,Vietnam,Gò Vấp,1
2023-06-23,Vietnam,Nha Trang,9
2023-09-09,Vietnam,Hương Thủy,1
2023-01-10,Vietnam,Phú Nhuận,1
2023-05-16,Vietnam,Tân Bình,3
2023-05-29,Vietnam,Cam Lâm,9
2023-09-05,Vietnam,Nha Trang,6
2023-09-06,Vietnam,Sa Pa,1
2023-02-24,Vietnam,Hội An,1
2023-07-21,Vietnam,Binh Tan,1
2023-07-21,Vietnam,Ninh Kiều,1
2023-05-01,Vietnam,Tân Bình,8
2023-05-18,Vietnam,Sơn Trà,1
2023-05-18,Vietnam,Bình Thạnh,1
2023-06-22,Vietnam,Hải Châu,2
2023-02-20,Vietnam,Thăng Bình,1
2023-05-04,Vietnam,Nha Trang,16
2023-05-04,Vietnam,Sơn Trà,3
2023-06-10,Vietnam,Phú Quốc,3
2023-06-25,Vietnam,Phan Thiết,4
2023-05-17,Vietnam,Quận 1,27
2023-02-17,Vietnam,Việt Trì,1
2023-02-17,Vietnam,Phú Nhuận,4
2023-07-14,Vietnam,Huế,1
2023-03-23,Vietnam,Thanh Khê,1
2023-08-20,Vietnam,Điện Bàn,1
2023-02-05,Vietnam,Quận 9,1
2023-08-23,Vietnam,Hoàn Kiếm,3
2023-07-02,Vietnam,Nha Trang,24
2023-03-26,Vietnam,Ninh Kiều,1
2023-03-11,Vietnam,Ninh Kiều,1
2023-10-21,Vietnam,Mai Châu,1
2023-07-15,Vietnam,Phan Thiết,5
2023-03-10,Vietnam,Nha Trang,7
2023-03-24,Vietnam,Đống Đa,5
2023-02-27,Vietnam,Ninh Kiều,2
2023-02-27,Vietnam,Liên Chiểu,2
2023-02-12,Vietnam,Liên Chiểu,3
2023-06-17,Vietnam,Sơn Trà,2
2023-07-23,Vietnam,Phú Quốc,2
2023-01-19,Vietnam,Tân Bình,3
2023-06-02,Vietnam,Liên Chiểu,1
2023-01-04,Vietnam,Nha Trang,11
2023-01-04,Vietnam,Quận 3,1
2023-07-12,Vietnam,Sa Pa,2
2023-01-08,Vietnam,Tân Bình,2
2023-10-31,Vietnam,Tân Bình,2
2023-02-14,Vietnam,Đống Đa,1
2023-01-07,Vietnam,Quận 7,1
2023-01-07,Vietnam,Hội An,1
2023-07-11,Vietnam,Sa Pa,1
2023-07-25,Vietnam,Lạng Sơn,1
2023-08-31,Vietnam,Quận 1,30
2023-08-31,Vietnam,Bảo Lộc,2
2023-09-22,Vietnam,Nha Trang,5
2023-10-03,Vietnam,Hải Châu,12
2023-08-29,Vietnam,Hội An,1
2023-05-31,Vietnam,Vũng Tàu,2
2023-05-31,Vietnam,Nha Trang,3
2023-04-10,Vietnam,Quận 7,1
2023-10-18,Vietnam,Nha Trang,13
2023-07-07,Vietnam,Ngũ Hành Sơn,12
2023-08-28,Vietnam,Ngũ Hành Sơn,4
2023-10-19,Vietnam,Đà Lạt,2
2023-10-19,Vietnam,Hải Châu,11
2023-04-23,Vietnam,Ninh Kiều,1
2023-10-15,Vietnam,Ngũ Hành Sơn,1
2023-08-17,Vietnam,Cái Răng,1
2023-10-01,Vietnam,Sa Pa,2
2023-10-01,Vietnam,Tân Bình,2
2023-09-24,Vietnam,Quận 1,14
2023-10-16,Vietnam,Đà Lạt,1
2023-03-19,Vietnam,Ngũ Hành Sơn,3
2023-10-13,Vietnam,Đà Lạt,3
2023-08-25,Vietnam,Phú Quốc,2
2023-04-20,Vietnam,Hoàng Mai,1
2023-08-10,Vietnam,Đồng Hới,1
2023-07-03,Vietnam,Thanh Xuân,1
2023-08-24,Vietnam,Tân Bình,4
2023-03-16,Vietnam,Quận 1,22
2023-09-20,Vietnam,Nha Trang,10
2023-03-01,Vietnam,Ngũ Hành Sơn,7
2023-10-26,Vietnam,Sa Pa,2
2023-03-29,Vietnam,Quận 3,3
2023-03-01,Vietnam,Gò Vấp,1
2023-04-21,Vietnam,Ba Đình,1
2023-07-19,Vietnam,Vũng Tàu,1
2023-03-14,Vietnam,Thủ Dầu Một,1
2023-05-11,Vietnam,Quận 3,1
2023-03-14,Vietnam,Quận 7,1
2023-09-01,Vietnam,Quận 7,3
2023-05-25,Vietnam,Quận 3,2
2023-04-04,Vietnam,Hai Bà Trưng,1
2023-11-16,Vietnam,Đà Lạt,2
2023-04-07,Vietnam,Quận 2,1
2023-11-03,Vietnam,Hội An,2
2023-06-20,Vietnam,Lạng Sơn,1
2023-11-18,Vietnam,Đà Lạt,1
2023-11-18,Vietnam,Đống Đa,1
2023-11-18,Vietnam,Hải Châu,7
2023-09-17,Vietnam,Hoàn Kiếm,4
2023-09-17,Vietnam,Đống Đa,1
2023-09-03,Vietnam,Vũng Tàu,4
2023-11-14,Vietnam,Phan Thiết,4
2023-04-15,Vietnam,Tây Hồ,1
2023-04-06,Vietnam,Quận 1,14
2023-10-07,Vietnam,Đà Lạt,2
2023-09-26,Vietnam,Phú Quốc,6
2023-05-21,Vietnam,Quận 1,14
2023-09-26,Vietnam,Sơn Trà,1
2023-08-05,Vietnam,Cam Lâm,8
2023-09-11,Vietnam,Sa Pa,3
2023-05-20,Vietnam,Quận 10,1
2023-04-28,Vietnam,Thái Bình,3
2023-09-12,Vietnam,Hội An,4
2023-08-04,Vietnam,Ngũ Hành Sơn,6
2023-08-18,Vietnam,Qui Nhơn,1
2023-04-13,Vietnam,Cam Ranh,1
2023-10-09,Vietnam,Quận 2,1
2023-10-09,Vietnam,Cầu Giấy,1
2023-11-13,Vietnam,Sơn Trà,1
2023-08-07,Vietnam,Hương Thủy,1
2023-04-16,Vietnam,Ngũ Hành Sơn,2
2023-10-06,Vietnam,Vũng Tàu,1
2023-09-27,Vietnam,Sơn Trà,5
2023-03-09,Vietnam,Sơn Trà,1
2023-11-12,Vietnam,Phan Thiết,6
2023-01-01,Vietnam,Phú Nhuận,1
2023-05-22,Vietnam,Cam Lâm,11
2023-05-22,Vietnam,Phan Thiết,9
2023-06-27,Vietnam,Sơn Trà,2
2023-02-21,Vietnam,Phú Nhuận,4
2023-10-30,Vietnam,Đồng Hới,1
2023-10-30,Vietnam,Hoàn Kiếm,1
2023-05-05,Vietnam,Hoàn Kiếm,1
2023-02-10,Vietnam,Bình Thạnh,3
2023-06-29,Vietnam,Hoàn Kiếm,1
2023-05-19,Vietnam,Đống Đa,1
2023-01-15,Vietnam,Quận 3,2
2023-06-12,Vietnam,Quận 1,13
2023-06-28,Vietnam,Phú Quốc,2
2023-03-30,Vietnam,Cam Lâm,5
2023-02-23,Vietnam,Hoàng Mai,1
2023-06-23,Vietnam,Quận 10,1
2023-11-09,Vietnam,Đà Lạt,1
2023-11-09,Vietnam,Quận 1,22
2023-11-09,Vietnam,Hoàn Kiếm,1
2023-01-10,Vietnam,Nha Trang,8
2023-01-25,Vietnam,Đà Lạt,2
2023-01-28,Vietnam,Phan Thiết,2
2023-01-28,Vietnam,Đà Lạt,1
2023-05-18,Vietnam,Hải Châu,8
2023-02-20,Vietnam,Liên Chiểu,2
2023-06-21,Vietnam,Cái Răng,1
2023-06-21,Vietnam,Bình Chánh,1
2023-11-06,Vietnam,Đồng Hới,1
2023-11-06,Vietnam,Tân Bình,1
2023-01-27,Vietnam,Hương Thủy,1
2023-07-30,Vietnam,Hương Thủy,1
2023-11-08,Vietnam,Ba Đình,1
2023-11-08,Vietnam,Thái Bình,2
2023-02-17,Vietnam,Nha Trang,15
2023-02-17,Vietnam,Sơn Trà,4
2023-08-21,Vietnam,Vũng Tàu,4
2023-07-14,Vietnam,Binh Tan,2
2023-04-30,Vietnam,Cái Răng,1
2023-04-30,Vietnam,Hòa Bình,1
2023-08-20,Vietnam,Đà Lạt,1
2023-01-09,Vietnam,Gò Vấp,1
2023-03-22,Vietnam,Đà Lạt,1
2023-08-23,Vietnam,Ninh Kiều,2
2023-07-02,Vietnam,Hạ Long,1
2023-02-19,Vietnam,Quận 2,1
2023-03-11,Vietnam,Quận 2,1
2023-07-15,Vietnam,Quận 2,1
2023-02-18,Vietnam,Quận 1,18
2023-10-22,Vietnam,Hội An,1
2023-03-10,Vietnam,Quận 1,31
2023-03-24,Vietnam,Hoàn Kiếm,2
2023-02-03,Vietnam,Liên Chiểu,2
2023-07-24,Vietnam,Huế,1
2023-07-24,Vietnam,Vũng Tàu,1
2023-01-05,Vietnam,Vũng Tàu,1
2023-06-02,Vietnam,Hải Châu,4
2023-06-02,Vietnam,Cam Lâm,6
2023-05-09,Vietnam,Cam Lâm,3
2023-02-11,Vietnam,Hội An,2
2023-07-12,Vietnam,Hạ Long,1
2023-01-08,Vietnam,Quận 2,2
2023-02-14,Vietnam,Đà Lạt,1
2023-02-14,Vietnam,Thủ Đức,1
2023-10-31,Vietnam,Liên Chiểu,2
2023-06-18,Vietnam,Cầu Giấy,2
2023-07-10,Vietnam,Ngũ Hành Sơn,1
2023-07-25,Vietnam,Hoàn Kiếm,4
2023-02-13,Vietnam,Quận 4,1
2023-04-25,Vietnam,Phú Nhuận,1
2023-09-22,Vietnam,Hạ Long,1
2023-09-22,Vietnam,Hoàn Kiếm,4
2023-10-03,Vietnam,Sơn Trà,1
2023-08-15,Vietnam,Đồng Hới,1
2023-08-15,Vietnam,Quận 7,1
2023-08-15,Vietnam,Hạ Long,1
2023-07-08,Vietnam,Quận 3,1
2023-04-24,Vietnam,Sa Pa,1
2023-11-10,Vietnam,Quận 7,1
2023-08-14,Vietnam,Phú Quốc,5
2023-10-19,Vietnam,Nha Trang,6
2023-04-23,Vietnam,Nha Trang,4
2023-08-03,Vietnam,Quận 1,30
2023-08-17,Vietnam,Vũng Tàu,9
2023-08-17,Vietnam,Ninh Kiều,1
2023-09-24,Vietnam,Phan Thiết,2
2023-03-05,Vietnam,Liên Chiểu,1
2023-10-02,Vietnam,Quận 7,3
2023-08-02,Vietnam,Huế,1
2023-08-16,Vietnam,Mai Châu,1
2023-10-27,Vietnam,Ba Đình,1
2023-04-11,Vietnam,Vị Thanh,1
2023-08-11,Vietnam,Sa Pa,1
2023-07-04,Vietnam,Vũng Tàu,1
2023-04-20,Vietnam,Quận 7,1
2023-11-20,Vietnam,Vũng Tàu,2
2023-08-24,Vietnam,Liên Chiểu,4
2023-07-17,Vietnam,Đà Lạt,1
2023-07-17,Vietnam,Ngũ Hành Sơn,4
2023-03-12,Vietnam,Quận 7,2
2023-11-21,Vietnam,Sa Pa,1
2023-09-20,Vietnam,Hoàn Kiếm,3
2023-10-11,Vietnam,Vũng Tàu,1
2023-02-09,Vietnam,Sơn Trà,3
2023-02-09,Vietnam,Quận 1,15
2023-03-29,Vietnam,Hội An,2
2023-08-26,Vietnam,Quận 1,17
2023-08-26,Vietnam,Phú Quốc,4
2023-04-21,Vietnam,Quận 1,18
2023-10-12,Vietnam,Quận 2,4
2023-10-12,Vietnam,Ba Đình,1
2023-10-12,Vietnam,Sóc Sơn,1
2023-10-12,Vietnam,Phan Thiết,13
2023-05-25,Vietnam,Hải Châu,4
2023-05-25,Vietnam,Ngũ Hành Sơn,2
2023-08-08,Vietnam,Sa Pa,3
2023-08-08,Vietnam,Liên Chiểu,1
2023-11-02,Vietnam,Cái Răng,1
2023-11-02,Vietnam,Hội An,2
2023-09-04,Vietnam,Nha Trang,4
2023-09-04,Vietnam,Bảo Lộc,2
2023-11-03,Vietnam,Vũng Tàu,3
2023-11-03,Vietnam,Hoàn Kiếm,9
2023-01-23,Vietnam,Tân Bình,1
2023-06-20,Vietnam,Hải Châu,2
2023-05-13,Vietnam,Binh Tan,1
2023-05-14,Vietnam,Cam Lâm,6
2023-05-14,Vietnam,Phú Quốc,5
2023-09-19,Vietnam,Sa Pa,1
2023-09-03,Vietnam,Tân Bình,1
2023-05-12,Vietnam,Sơn Trà,1
2023-11-14,Vietnam,Quận 1,20
2023-04-06,Vietnam,Hạ Long,4
2023-08-19,Vietnam,Huế,1
2023-08-19,Vietnam,Liên Chiểu,6
2023-05-12,Vietnam,Hoàn Kiếm,2
2023-08-05,Vietnam,Tân Bình,7
2023-08-18,Vietnam,Cầu Giấy,3
2023-04-13,Vietnam,Quận 1,28
2023-09-25,Vietnam,Mai Châu,1
2023-09-28,Vietnam,Hoàn Kiếm,6
2023-10-06,Vietnam,Tân Bình,5
2023-05-24,Vietnam,Đà Lạt,1
2023-04-16,Vietnam,Sa Pa,1
2023-01-30,Vietnam,Quận 9,1
2023-09-27,Vietnam,Phan Thiết,5
2023-03-09,Vietnam,Tân Bình,2
2023-03-09,Vietnam,Ninh Kiều,1
2023-01-01,Vietnam,Quận 2,1
2023-08-06,Vietnam,Nha Trang,28
2023-08-06,Vietnam,Cầu Giấy,3
2023-05-06,Vietnam,Quận 7,1
2023-09-13,Vietnam,Ninh Kiều,1
2023-04-01,Vietnam,Hội An,2
2023-04-01,Vietnam,Quận 7,1
2023-01-18,Vietnam,Sa Pa,1
2023-02-10,Vietnam,Thủ Dầu Một,1
2023-03-31,Vietnam,Nha Trang,2
2023-05-08,Vietnam,Hoàn Kiếm,2
2023-01-14,Vietnam,Nha Trang,10
2023-01-17,Vietnam,Hoàn Kiếm,1
2023-01-17,Vietnam,Phú Quốc,1
2023-01-02,Vietnam,Gò Vấp,2
2023-06-14,Vietnam,Hải Châu,11
2023-06-15,Vietnam,Hải Châu,2
2023-05-02,Vietnam,Quận 1,8
2023-07-20,Vietnam,Mai Châu,1
2023-03-30,Vietnam,Sa Pa,1
2023-01-03,Vietnam,Nha Trang,14
2023-04-08,Vietnam,Cam Lâm,3
2023-11-09,Vietnam,Cam Lâm,2
2023-11-09,Vietnam,Thái Bình,2
2023-01-24,Vietnam,Quận 7,1
2023-09-09,Vietnam,Hải Châu,13
2023-05-29,Vietnam,Hạ Long,1
2023-01-25,Vietnam,Tân Bình,1
2023-09-06,Vietnam,Bảo Lộc,1
2023-07-21,Vietnam,Thủ Dầu Một,1
2023-01-28,Vietnam,Quận 1,7
2023-01-28,Vietnam,Vũng Tàu,1
2023-06-22,Vietnam,Quận 7,2
2023-11-07,Vietnam,Huế,2
2023-05-04,Vietnam,Quận 1,25
2023-05-04,Vietnam,Từ Liêm,1
2023-05-03,Vietnam,Cầu Giấy,2
2023-06-10,Vietnam,Điện Bàn,1
2023-07-31,Vietnam,Phan Thiết,6
2023-09-07,Vietnam,Quận 3,4
2023-08-21,Vietnam,Việt Trì,1
2023-08-21,Vietnam,Ngũ Hành Sơn,4
2023-04-30,Vietnam,Đống Đa,1
2023-07-28,Vietnam,Quận 10,2
2023-08-20,Vietnam,Hải Châu,6
2023-10-24,Vietnam,Hạ Long,2
2023-02-01,Vietnam,Sơn Trà,2
2023-07-27,Vietnam,Tân Bình,4
2023-07-27,Vietnam,Phú Quốc,4
2023-02-19,Vietnam,Quận 1,9
2023-03-11,Vietnam,Đà Lạt,1
2023-07-16,Vietnam,Ngũ Hành Sơn,8
2023-02-04,Vietnam,Đống Đa,1
2023-10-21,Vietnam,Sơn Trà,2
2023-06-09,Vietnam,Hoàn Kiếm,6
2023-02-18,Vietnam,Nha Trang,13
2023-10-22,Vietnam,Phan Thiết,6
2023-03-10,Vietnam,Ba Đình,1
2023-02-27,Vietnam,Ngũ Hành Sơn,1
2023-06-17,Vietnam,Quận 7,2
2023-06-17,Vietnam,Quận 1,18
2023-07-23,Vietnam,Ngũ Hành Sơn,2
2023-06-02,Vietnam,Quận 3,2
2023-02-11,Vietnam,Tân Bình,5
2023-02-11,Vietnam,Tan Phu,1
2023-07-12,Vietnam,Hội An,6
2023-06-05,Vietnam,Phú Quốc,1
2023-01-04,Vietnam,Phan Thiết,2
2023-07-26,Vietnam,Nha Trang,18
2023-06-19,Vietnam,Hạ Long,1
2023-03-21,Vietnam,Vị Thanh,1
2023-02-28,Vietnam,Quận 7,2
2023-07-11,Vietnam,Quận 1,30
2023-07-11,Vietnam,Phan Thiết,7
2023-06-18,Vietnam,Sơn Trà,1
2023-02-13,Vietnam,Ba Đình,4
2023-10-17,Vietnam,Đà Lạt,2
2023-10-17,Vietnam,Hải Châu,11
2023-09-22,Vietnam,Ngũ Hành Sơn,2
2023-10-03,Vietnam,Quận 1,21
2023-10-03,Vietnam,Liên Chiểu,2
2023-07-08,Vietnam,Quận 2,1
2023-04-24,Vietnam,Cam Ranh,1
2023-11-10,Vietnam,Mai Châu,2
2023-08-28,Vietnam,Cầu Giấy,1
2023-10-19,Vietnam,Đống Đa,1
2023-10-19,Vietnam,Phan Rang-Tháp Chàm,1
2023-10-29,Vietnam,Nha Trang,12
2023-03-06,Vietnam,Hai Bà Trưng,1
2023-10-15,Vietnam,Hội An,2
2023-10-15,Vietnam,Vũng Tàu,2
2023-04-26,Vietnam,Cam Lâm,2
2023-04-26,Vietnam,Ngũ Hành Sơn,2
2023-09-23,Vietnam,Quận 3,1
2023-08-11,Vietnam,Quận 7,4
2023-08-11,Vietnam,Quận 1,26
2023-08-25,Vietnam,Quận 5,1
2023-04-20,Vietnam,Bình Thạnh,1
2023-07-18,Vietnam,Sóc Sơn,1
2023-11-20,Vietnam,Phú Quốc,2
2023-07-18,Vietnam,Cam Lâm,1
2023-03-27,Vietnam,Đống Đa,1
2023-02-06,Vietnam,Tan Phu,1
2023-07-03,Vietnam,Phan Thiết,15
2023-10-28,Vietnam,Tân Bình,1
2023-11-21,Vietnam,Đà Lạt,6
2023-11-21,Vietnam,Bảo Lộc,2
2023-10-25,Vietnam,Đà Lạt,7
2023-10-25,Vietnam,Hoàn Kiếm,9
2023-09-20,Vietnam,Tân Bình,6
2023-02-09,Vietnam,Hoàn Kiếm,4
2023-02-09,Vietnam,Quận 3,2
2023-08-27,Vietnam,Đà Lạt,2
2023-08-27,Vietnam,Ngũ Hành Sơn,3
2023-08-13,Vietnam,Cái Răng,1
2023-08-12,Vietnam,Hội An,16
2023-03-29,Vietnam,Ninh Kiều,1
2023-02-08,Vietnam,Đống Đa,4
2023-02-08,Vietnam,Hội An,1
2023-07-19,Vietnam,Tân Bình,3
2023-07-19,Vietnam,Mai Châu,1
2023-07-05,Vietnam,Binh Tan,1
2023-03-14,Vietnam,Gò Vấp,1
2023-09-02,Vietnam,Nha Trang,4
2023-04-19,Vietnam,Nam Định,1
2023-05-26,Vietnam,Cam Lâm,6
2023-09-01,Vietnam,Hoàn Kiếm,3
2023-09-15,Vietnam,Tân Bình,5
2023-11-16,Vietnam,Vũng Tàu,4
2023-11-05,Vietnam,Nha Trang,29
2023-08-08,Vietnam,Ninh Kiều,2
2023-11-02,Vietnam,Cầu Giấy,2
2023-11-03,Vietnam,Bảo Lộc,2
2023-09-17,Vietnam,Hội An,4
2023-05-14,Vietnam,Phan Thiết,10
2023-09-03,Vietnam,Hải Châu,12
2023-05-12,Vietnam,Phan Thiết,2
2023-04-15,Vietnam,Vũng Tàu,1
2023-10-07,Vietnam,Ninh Kiều,1
2023-03-08,Vietnam,Gò Vấp,1
2023-05-21,Vietnam,Hoàn Kiếm,3
2023-11-01,Vietnam,Nha Trang,9
2023-08-19,Vietnam,Hoàn Kiếm,3
2023-05-20,Vietnam,Sa Pa,1
2023-05-20,Vietnam,Cam Lâm,15
2023-09-12,Vietnam,Hoàn Kiếm,1
2023-09-12,Vietnam,Phan Thiết,4
2023-04-13,Vietnam,Quận 3,4
2023-09-25,Vietnam,Sơn Trà,3
2023-09-25,Vietnam,Nha Trang,7
2023-10-06,Vietnam,Thủ Đức,1
2023-01-30,Vietnam,Phan Thiết,1
2023-04-03,Vietnam,Sa Pa,1
2023-10-05,Vietnam,Đức Trọng,1
2023-10-05,Vietnam,Phú Nhuận,1
2023-10-05,Vietnam,Ngũ Hành Sơn,1
2023-11-13,Vietnam,Ngũ Hành Sơn,1
2023-11-12,Vietnam,Quận 2,2
2023-11-12,Vietnam,Cam Lâm,1
2023-02-22,Vietnam,Phan Thiết,3
2023-08-06,Vietnam,Ninh Kiều,1
2023-08-06,Vietnam,Sóc Sơn,1
2023-06-27,Vietnam,Quận 1,16
2023-01-18,Vietnam,Quận 1,2
2023-02-21,Vietnam,Sa Pa,1
2023-10-30,Vietnam,Phan Thiết,15
2023-01-29,Vietnam,Cam Lâm,1
2023-05-05,Vietnam,Nha Trang,8
2023-06-12,Vietnam,Hoàn Kiếm,1
2023-06-23,Vietnam,Sơn Trà,2
2023-03-30,Vietnam,Quận 2,1
2023-05-15,Vietnam,Hải Châu,9
2023-09-09,Vietnam,Binh Tan,1
2023-09-09,Vietnam,Quận 2,1
2023-01-02,Vietnam,Cầu Giấy,1
2023-05-16,Vietnam,Thủ Dầu Một,1
2023-02-24,Vietnam,Hoàng Mai,1
2023-07-21,Vietnam,Cam Lâm,1
2023-06-22,Vietnam,Tân Bình,2
2023-02-20,Vietnam,Hạ Long,1
2023-11-06,Vietnam,Mai Châu,2
2023-05-03,Vietnam,Nha Trang,7
2023-06-24,Vietnam,Nha Trang,6
2023-01-27,Vietnam,Phú Quốc,6
2023-01-27,Vietnam,Tân Bình,1
2023-01-26,Vietnam,Cam Ranh,1
2023-06-25,Vietnam,Quận 3,1
2023-05-17,Vietnam,Phú Quốc,1
2023-09-07,Vietnam,Liên Chiểu,2
2023-07-30,Vietnam,Thăng Bình,2
2023-11-08,Vietnam,Cầu Giấy,1
2023-02-17,Vietnam,Vũng Tàu,2
2023-07-14,Vietnam,Ngũ Hành Sơn,5
2023-10-23,Vietnam,Quận 1,21
2023-07-28,Vietnam,Hạ Long,4
2023-07-28,Vietnam,Liên Chiểu,1
2023-10-24,Vietnam,Bảo Lộc,1
2023-10-24,Vietnam,Ngũ Hành Sơn,3
2023-02-01,Vietnam,Thái Bình,1
2023-07-27,Vietnam,Hải Châu,12
2023-10-10,Vietnam,Ba Đình,3
2023-03-11,Vietnam,Tân Bình,2
2023-03-25,Vietnam,Tân Bình,2
2023-03-25,Vietnam,Thủ Dầu Một,2
2023-10-21,Vietnam,Đà Lạt,3
2023-08-22,Vietnam,Nha Trang,8
2023-08-22,Vietnam,Liên Chiểu,1
2023-02-18,Vietnam,Huế,1
2023-02-18,Vietnam,Ninh Kiều,2
2023-07-29,Vietnam,Quận 2,1
2023-07-29,Vietnam,Quận 10,1
2023-07-24,Vietnam,Quận 2,2
2023-06-03,Vietnam,Từ Liêm,1
2023-06-03,Vietnam,Quận 1,12
2023-02-12,Vietnam,Quận 3,2
2023-06-17,Vietnam,Hoàn Kiếm,4
2023-07-23,Vietnam,Sa Pa,2
2023-07-23,Vietnam,Phan Thiết,3
2023-06-16,Vietnam,Vũng Tàu,1
2023-07-12,Vietnam,Vũng Tàu,2
2023-06-05,Vietnam,Hạ Long,5
2023-06-19,Vietnam,Nha Trang,10
2023-06-18,Vietnam,Tân Bình,3
2023-07-25,Vietnam,Hội An,3
2023-08-31,Vietnam,Hương Thủy,1
2023-08-31,Vietnam,Ngũ Hành Sơn,2
2023-04-25,Vietnam,Ngũ Hành Sơn,1
2023-08-01,Vietnam,Hội An,6
2023-08-15,Vietnam,Phan Thiết,3
2023-05-31,Vietnam,Vị Thanh,2
2023-04-10,Vietnam,Cam Lâm,4
2023-10-04,Vietnam,Điện Bàn,1
2023-08-28,Vietnam,Liên Chiểu,3
2023-09-10,Vietnam,Quận 3,10
2023-08-03,Vietnam,Vũng Tàu,2
2023-11-22,Vietnam,Nha Trang,2
2023-03-19,Vietnam,Cầu Giấy,2
2023-03-19,Vietnam,Hội An,1
2023-07-09,Vietnam,Quận 1,19
2023-07-09,Vietnam,Liên Chiểu,3
2023-10-27,Vietnam,Hội An,2
2023-04-11,Vietnam,Nha Trang,5
2023-04-11,Vietnam,Tân Bình,3
2023-02-07,Vietnam,Cầu Giấy,1
2023-08-25,Vietnam,Phan Thiết,4
2023-08-25,Vietnam,Quận 7,1
2023-03-28,Vietnam,Phan Thiết,3
2023-07-18,Vietnam,Quận 1,25
2023-10-28,Vietnam,Liên Chiểu,2
2023-08-24,Vietnam,Bảo Lộc,1
2023-08-24,Vietnam,Phan Thiết,3
2023-07-17,Vietnam,Đống Đa,1
2023-07-17,Vietnam,Ba Đình,1
2023-11-21,Vietnam,Sơn Trà,1
2023-10-25,Vietnam,Mai Châu,3
2023-02-09,Vietnam,Cầu Giấy,4
2023-08-13,Vietnam,Đà Lạt,3
2023-03-15,Vietnam,Đống Đa,2
2023-08-12,Vietnam,Hải Châu,9
2023-07-19,Vietnam,Đà Lạt,2
2023-07-05,Vietnam,Liên Chiểu,2
2023-09-02,Vietnam,Vũng Tàu,1
2023-11-19,Vietnam,Vũng Tàu,2
2023-05-26,Vietnam,Ngũ Hành Sơn,2
2023-05-25,Vietnam,Tân Bình,3
2023-04-04,Vietnam,Phú Quốc,2
2023-08-08,Vietnam,Quận 1,23
2023-08-08,Vietnam,Hoàn Kiếm,1
2023-11-02,Vietnam,Hải Châu,6
2023-11-17,Vietnam,Phú Quốc,2
2023-09-19,Vietnam,Phan Thiết,4
2023-09-19,Vietnam,Bình Thạnh,1
2023-04-15,Vietnam,Hoàn Kiếm,4
2023-04-06,Vietnam,Liên Chiểu,2
2023-10-07,Vietnam,Cam Lâm,2
2023-10-07,Vietnam,Hải Châu,9
2023-05-12,Vietnam,Thủ Đức,1
2023-10-08,Vietnam,Quận 1,24
2023-09-12,Vietnam,Binh Tan,2
2023-08-18,Vietnam,Sa Pa,1
2023-11-13,Vietnam,Ninh Kiều,1
2023-04-17,Vietnam,Quận 3,1
2023-05-24,Vietnam,Phú Quốc,3
2023-04-16,Vietnam,Phú Quốc,1
2023-04-03,Vietnam,Thủ Dầu Một,1
2023-09-27,Vietnam,Quận 1,22
2023-10-05,Vietnam,Phan Rang-Tháp Chàm,1
2023-11-12,Vietnam,Đà Lạt,2
2023-11-12,Vietnam,Bảo Lộc,1
2023-01-18,Vietnam,Hải Châu,1
2023-02-21,Vietnam,Quận 4,1
2023-06-01,Vietnam,Hoàn Kiếm,1
2023-06-11,Vietnam,Đà Lạt,1
2023-10-30,Vietnam,Hải Châu,15
2023-07-22,Vietnam,Vũng Tàu,2
2023-03-31,Vietnam,Phú Quốc,2
2023-01-17,Vietnam,Cam Lâm,1
2023-01-02,Vietnam,Đống Đa,3
2023-01-02,Vietnam,Ninh Kiều,1
2023-06-28,Vietnam,Huế,1
2023-03-30,Vietnam,Cam Ranh,1
2023-06-23,Vietnam,Liên Chiểu,1
2023-05-29,Vietnam,Cầu Giấy,1
2023-05-29,Vietnam,Ngũ Hành Sơn,2
2023-01-25,Vietnam,Ngũ Hành Sơn,1
2023-07-21,Vietnam,Quận 3,6
2023-07-21,Vietnam,Cầu Giấy,2
2023-09-05,Vietnam,Hải Châu,12
2023-02-20,Vietnam,Phú Nhuận,2
2023-11-06,Vietnam,Ngũ Hành Sơn,2
2023-06-24,Vietnam,Hạ Long,2
2023-06-24,Vietnam,Ba Đình,1
2023-06-10,Vietnam,Sa Pa,5
2023-01-12,Vietnam,Quận 3,2
2023-05-17,Vietnam,Hải Châu,9
2023-05-17,Vietnam,Đà Lạt,1
2023-07-31,Vietnam,Cầu Giấy,1
2023-09-07,Vietnam,Hương Thủy,1
2023-09-07,Vietnam,Quận 7,1
2023-07-30,Vietnam,Ngũ Hành Sơn,3
2023-11-08,Vietnam,Phú Quốc,9
2023-11-08,Vietnam,Hoàn Kiếm,2
2023-01-26,Vietnam,Đống Đa,1
2023-08-21,Vietnam,Tân Bình,4
2023-08-21,Vietnam,Hoàn Kiếm,1
2023-07-14,Vietnam,Cầu Giấy,1
2023-07-28,Vietnam,Đồng Hới,2
2023-02-02,Vietnam,Quận 7,1
2023-02-02,Vietnam,Phú Quốc,1
2023-03-23,Vietnam,Ngũ Hành Sơn,9
2023-03-23,Vietnam,Cầu Giấy,5
2023-08-20,Vietnam,Ngũ Hành Sơn,3
2023-07-13,Vietnam,Quận 1,33
2023-10-10,Vietnam,Binh Tan,1
2023-10-10,Vietnam,Hoàn Kiếm,3
2023-10-10,Vietnam,Đồng Hới,1
2023-02-05,Vietnam,Quận 1,11
2023-08-23,Vietnam,Sa Pa,2
2023-08-23,Vietnam,Quận 2,2
2023-08-23,Vietnam,Bảo Lộc,2
2023-07-02,Vietnam,Hoàn Kiếm,2
2023-08-22,Vietnam,Hội An,4
2023-07-15,Vietnam,Quận 3,7
2023-03-24,Vietnam,Ninh Kiều,1
2023-02-03,Vietnam,Tân Bình,3
2023-01-06,Vietnam,Nha Trang,9
2023-07-24,Vietnam,Cam Lâm,2
2023-06-03,Vietnam,Phú Quốc,4
2023-01-05,Vietnam,Quận 3,1
2023-02-26,Vietnam,Sơn Trà,1
2023-06-16,Vietnam,Hội An,3
2023-05-09,Vietnam,Tân Bình,2
2023-02-11,Vietnam,Đà Lạt,2
2023-06-05,Vietnam,Sơn Trà,1
2023-01-04,Vietnam,Quận 2,1
2023-06-04,Vietnam,Phan Thiết,6
2023-01-07,Vietnam,Nha Trang,8
2023-07-11,Vietnam,Nha Trang,58
2023-03-20,Vietnam,Sơn Trà,1
2023-07-10,Vietnam,Hoàng Mai,1
2023-02-13,Vietnam,Thủ Dầu Một,2
2023-08-01,Vietnam,Ngũ Hành Sơn,3
2023-09-22,Vietnam,Quận 7,1
2023-03-18,Vietnam,Vinh,1
2023-05-31,Vietnam,Phú Quốc,4
2023-03-03,Vietnam,Quận 1,26
2023-07-08,Vietnam,Phan Thiết,9
2023-07-08,Vietnam,Cầu Giấy,5
2023-04-10,Vietnam,Binh Tan,2
2023-04-10,Vietnam,Ba Đình,1
2023-04-10,Vietnam,Liên Chiểu,3
2023-11-10,Vietnam,Hoàn Kiếm,1
2023-09-21,Vietnam,Sa Pa,1
2023-09-21,Vietnam,Hải Châu,8
2023-03-17,Vietnam,Thủ Dầu Một,1
2023-10-18,Vietnam,Phú Nhuận,1
2023-05-30,Vietnam,Phan Thiết,17
2023-08-14,Vietnam,Hạ Long,1
2023-03-02,Vietnam,Hải Châu,3
2023-03-02,Vietnam,Phú Nhuận,2
2023-10-19,Vietnam,Hoàn Kiếm,1
2023-04-27,Vietnam,Đống Đa,1
2023-04-27,Vietnam,Quận 10,1
2023-04-12,Vietnam,Phan Thiết,35
2023-04-12,Vietnam,Tân Bình,2
2023-10-02,Vietnam,Quận 3,1
2023-10-27,Vietnam,Phan Thiết,12
2023-04-11,Vietnam,Nam Định,1
2023-07-04,Vietnam,Phan Thiết,10
2023-07-04,Vietnam,Thủ Dầu Một,1
2023-04-20,Vietnam,Phan Thiết,5
2023-02-06,Vietnam,Đống Đa,3
2023-08-10,Vietnam,Hải Châu,3
2023-07-03,Vietnam,Sa Pa,1
2023-07-03,Vietnam,Đà Lạt,1
2023-10-14,Vietnam,Đồng Hới,1
2023-08-24,Vietnam,Phú Quốc,5
2023-09-20,Vietnam,Quận 1,25
2023-09-30,Vietnam,Sơn Trà,1
2023-09-30,Vietnam,Mai Châu,2
2023-08-13,Vietnam,Hạ Long,1
2023-03-15,Vietnam,Hoàn Kiếm,6
2023-04-22,Vietnam,Đà Lạt,1
2023-04-22,Vietnam,Phú Quốc,3
2023-10-12,Vietnam,Đống Đa,1
2023-07-19,Vietnam,Sơn Trà,2
2023-03-14,Vietnam,Sơn Trà,1
2023-03-14,Vietnam,Tân Bình,1
2023-11-04,Vietnam,Quận 2,4
2023-11-04,Vietnam,Quận 7,2
2023-04-19,Vietnam,Nha Trang,6
2023-04-04,Vietnam,Đà Lạt,1
2023-09-15,Vietnam,Tây Hồ,2
2023-05-10,Vietnam,Quận 1,23
2023-05-10,Vietnam,Tuy Hoa,1
2023-08-08,Vietnam,Ngũ Hành Sơn,1
2023-09-04,Vietnam,Ba Đình,3
2023-09-04,Vietnam,Phan Thiết,2
2023-11-17,Vietnam,Sa Pa,1
2023-11-18,Vietnam,Tân Bình,2
2023-05-13,Vietnam,Hải Châu,8
2023-09-03,Vietnam,Quận 2,1
2023-04-06,Vietnam,Ninh Kiều,1
2023-05-21,Vietnam,Vũng Tàu,1
2023-05-21,Vietnam,Ninh Kiều,1
2023-11-01,Vietnam,Tân Bình,4
2023-11-01,Vietnam,Ngũ Hành Sơn,1
2023-01-31,Vietnam,Bắc Ninh,1
2023-04-28,Vietnam,Hạ Long,2
2023-03-07,Vietnam,Đà Lạt,1
2023-08-04,Vietnam,Hoàn Kiếm,3
2023-08-04,Vietnam,Hội An,2
2023-10-09,Vietnam,Phan Thiết,4
2023-09-14,Vietnam,Quận 1,24
2023-09-14,Vietnam,Bình Thạnh,1
2023-11-13,Vietnam,Đà Lạt,4
2023-10-06,Vietnam,Gò Vấp,2
2023-10-06,Vietnam,Hội An,2
2023-04-17,Vietnam,Phan Thiết,7
2023-11-01,Vietnam,Vũng Tàu,3
2023-05-23,Vietnam,Phú Quốc,1
2023-05-23,Vietnam,Vũng Tàu,2
2023-01-30,Vietnam,Ngũ Hành Sơn,1
2023-09-27,Vietnam,Hải Châu,12
2023-02-22,Vietnam,Hai Bà Trưng,1
2023-08-06,Vietnam,Hai Bà Trưng,1
2023-08-06,Vietnam,Thăng Bình,1
2023-09-13,Vietnam,Quận 7,1
2023-05-05,Vietnam,Phan Thiết,13
2023-01-18,Vietnam,Sơn Trà,1
2023-02-10,Vietnam,Quận 3,2
2023-01-29,Vietnam,Từ Liêm,1
2023-05-05,Vietnam,Hạ Long,1
2023-06-29,Vietnam,Phan Thiết,1
2023-05-19,Vietnam,Liên Chiểu,3
2023-01-02,Vietnam,Quận 10,1
2023-06-26,Vietnam,Đống Đa,1
2023-05-02,Vietnam,Cam Lâm,7
2023-05-07,Vietnam,Tân Bình,4
2023-02-23,Vietnam,Quận 1,18
2023-01-03,Vietnam,Quận 3,5
2023-04-08,Vietnam,Nha Trang,5
2023-04-08,Vietnam,Ba Đình,1
2023-09-09,Vietnam,Quận 3,10
2023-01-10,Vietnam,Sa Pa,1
2023-09-06,Vietnam,Tân Bình,5
2023-02-24,Vietnam,Quận 7,1
2023-11-07,Vietnam,Tuy Hoa,1
2023-05-04,Vietnam,Đà Lạt,3
2023-11-06,Vietnam,Hải Châu,12
2023-11-06,Vietnam,Hoàn Kiếm,3
2023-11-06,Vietnam,Thái Bình,1
2023-06-24,Vietnam,Cầu Giấy,1
2023-06-10,Vietnam,Sóc Sơn,2
2023-01-12,Vietnam,Sơn Trà,2
2023-06-25,Vietnam,Thanh Xuân,1
2023-09-08,Vietnam,Hải Châu,8
2023-05-03,Vietnam,Qui Nhơn,1
2023-05-03,Vietnam,Ba Đình,1
2023-11-08,Vietnam,Hải Châu,15
2023-07-14,Vietnam,Bảo Lộc,2
2023-07-28,Vietnam,Hải Châu,17
2023-07-28,Vietnam,Thủ Dầu Một,3
2023-07-28,Vietnam,Cầu Giấy,1
2023-08-20,Vietnam,Tân Bình,3
2023-08-20,Vietnam,Hương Thủy,1
2023-02-16,Vietnam,Tân Bình,2
2023-03-22,Vietnam,Quận 1,17
2023-08-23,Vietnam,Cam Lâm,3
2023-03-11,Vietnam,Thủ Dầu Một,2
2023-03-25,Vietnam,Quận 1,33
2023-02-18,Vietnam,Phú Nhuận,3
2023-07-01,Vietnam,Ba Đình,1
2023-10-22,Vietnam,Hoàn Kiếm,4
2023-03-10,Vietnam,Quận 10,2
2023-06-08,Vietnam,Hải Châu,10
2023-01-06,Vietnam,Phú Quốc,1
2023-06-03,Vietnam,Vũng Tàu,2
2023-01-05,Vietnam,Phú Nhuận,1
2023-02-26,Vietnam,Nha Trang,11
2023-06-02,Vietnam,Nha Trang,9
2023-06-02,Vietnam,Quận 5,1
2023-05-09,Vietnam,Quận 7,1
2023-06-05,Vietnam,Hải Châu,11
2023-01-04,Vietnam,Đà Lạt,3
2023-02-14,Vietnam,Quận 1,16
2023-03-21,Vietnam,Quận 1,20
2023-02-28,Vietnam,Nha Trang,8
2023-01-07,Vietnam,Phú Quốc,2
2023-07-11,Vietnam,Cam Lâm,1
2023-06-18,Vietnam,Quận 2,1
2023-07-25,Vietnam,Quận 1,28
2023-02-13,Vietnam,Đà Lạt,1
2023-02-13,Vietnam,Vũng Tàu,3
2023-02-13,Vietnam,Cam Ranh,1
2023-08-01,Vietnam,Sơn Trà,1
2023-09-22,Vietnam,Ninh Kiều,1
2023-09-22,Vietnam,Huế,2
2023-10-03,Vietnam,Phú Quốc,2
2023-03-18,Vietnam,Cam Lâm,1
2023-08-15,Vietnam,Quận 1,24
2023-08-15,Vietnam,Đà Lạt,1
2023-03-17,Vietnam,Quận 7,2
2023-09-24,Vietnam,Sa Pa,3
2023-09-24,Vietnam,Phú Quốc,3
2023-04-12,Vietnam,Hội An,2
2023-10-02,Vietnam,Vũng Tàu,2
2023-04-26,Vietnam,Sa Pa,2
2023-09-23,Vietnam,Phú Quốc,5
2023-07-09,Vietnam,Hải Châu,26
2023-07-09,Vietnam,Quận 2,2
2023-07-09,Vietnam,Sa Pa,1
2023-10-27,Vietnam,Liên Chiểu,1
2023-10-13,Vietnam,Hải Châu,13
2023-08-11,Vietnam,Từ Liêm,1
2023-08-10,Vietnam,Hội An,15
2023-07-17,Vietnam,Hạ Long,1
2023-03-12,Vietnam,Đà Lạt,1
2023-11-21,Vietnam,Quận 2,4
2023-11-21,Vietnam,Ninh Kiều,1
2023-11-21,Vietnam,Liên Chiểu,2
2023-10-26,Vietnam,Hoàn Kiếm,1
2023-03-29,Vietnam,Quận 10,1
2023-03-29,Vietnam,Hoàn Kiếm,5
2023-02-08,Vietnam,Cam Ranh,1
2023-08-26,Vietnam,Vũng Tàu,4
2023-08-26,Vietnam,Quận 7,1
2023-04-21,Vietnam,Thái Bình,2
2023-07-05,Vietnam,Sơn Trà,4
2023-03-14,Vietnam,Ninh Kiều,1
2023-11-19,Vietnam,Phan Thiết,3
2023-04-19,Vietnam,Cam Lâm,4
2023-03-14,Vietnam,Phan Thiết,1
2023-04-07,Vietnam,Cầu Giấy,1
2023-08-08,Vietnam,Đống Đa,1
2023-08-08,Vietnam,Phú Quốc,13
2023-11-03,Vietnam,Cầu Giấy,3
2023-09-18,Vietnam,Cái Răng,1
2023-11-17,Vietnam,Ninh Kiều,2
2023-06-20,Vietnam,Đà Lạt,1
2023-05-14,Vietnam,Đà Lạt,1
2023-05-27,Vietnam,Cam Lâm,7
2023-04-06,Vietnam,Phú Quốc,1
2023-10-07,Vietnam,Tân Bình,9
2023-09-26,Vietnam,Quận 1,18
2023-05-21,Vietnam,Phan Thiết,9
2023-05-21,Vietnam,Sơn Trà,1
2023-01-31,Vietnam,Phú Quốc,2
2023-08-19,Vietnam,Hải Châu,16
2023-04-14,Vietnam,Quận 7,1
2023-04-14,Vietnam,Thủ Đức,1
2023-09-11,Vietnam,Quận 3,6
2023-03-07,Vietnam,Nha Trang,14
2023-08-04,Vietnam,Quận 1,35
2023-08-04,Vietnam,Sơn Trà,2
2023-08-04,Vietnam,Sa Pa,2
2023-11-13,Vietnam,Ba Đình,5
2023-04-17,Vietnam,Quận 7,1
2023-09-14,Vietnam,Ba Đình,3
2023-11-01,Vietnam,Phú Quốc,6
2023-06-30,Vietnam,Hội An,3
2023-06-30,Vietnam,Phú Quốc,4
2023-04-01,Vietnam,Đà Lạt,1
2023-02-21,Vietnam,Thanh Xuân,1
2023-02-10,Vietnam,Ba Đình,1
2023-06-12,Vietnam,Tây Hồ,1
2023-04-09,Vietnam,Ngũ Hành Sơn,3
2023-06-28,Vietnam,Ninh Kiều,2
2023-03-30,Vietnam,Binh Tan,1
2023-11-09,Vietnam,Mai Châu,4
2023-01-24,Vietnam,Nha Trang,10
2023-05-04,Vietnam,Hoàn Kiếm,5
2023-05-04,Vietnam,Lạng Sơn,1
2023-05-03,Vietnam,Quận 3,1
2023-05-03,Vietnam,Quận 1,22
2023-01-27,Vietnam,Cầu Giấy,4
2023-01-26,Vietnam,Hoàn Kiếm,7
2023-09-08,Vietnam,Tân Bình,4
2023-07-31,Vietnam,Binh Tan,2
2023-07-30,Vietnam,Ninh Kiều,1
2023-02-17,Vietnam,Hai Bà Trưng,2
2023-08-21,Vietnam,Sa Pa,4
2023-07-14,Vietnam,Liên Chiểu,3
2023-07-14,Vietnam,Phú Quốc,7
2023-07-13,Vietnam,Ba Đình,1
2023-03-22,Vietnam,Tân Bình,3
2023-06-06,Vietnam,Tân Bình,1
2023-06-06,Vietnam,Ngũ Hành Sơn,2
2023-06-06,Vietnam,Đà Lạt,1
2023-02-15,Vietnam,Ninh Kiều,1
2023-10-10,Vietnam,Đà Lạt,3
2023-08-23,Vietnam,Quận 1,24
2023-03-11,Vietnam,Sa Pa,1
2023-07-16,Vietnam,Đà Lạt,1
2023-02-04,Vietnam,Phú Nhuận,5
2023-07-15,Vietnam,Mai Châu,1
2023-07-29,Vietnam,Ninh Kiều,1
2023-02-03,Vietnam,Thủ Dầu Một,1
2023-01-06,Vietnam,Phan Thiết,1
2023-02-27,Vietnam,Quận 1,12
2023-07-24,Vietnam,Hải Châu,15
2023-07-24,Vietnam,Quận 3,7
2023-07-24,Vietnam,Tân Bình,3
2023-02-12,Vietnam,Hoàn Kiếm,4
2023-02-26,Vietnam,Hoàn Kiếm,7
2023-06-02,Vietnam,Sơn Trà,2
2023-06-16,Vietnam,Phú Quốc,10
2023-02-25,Vietnam,Phan Thiết,4
2023-05-09,Vietnam,Phan Thiết,4
2023-02-11,Vietnam,Từ Liêm,1
2023-10-31,Vietnam,Phan Thiết,7
2023-03-21,Vietnam,Từ Liêm,1
2023-02-13,Vietnam,Nha Trang,21
2023-04-25,Vietnam,Ninh Bình,1
2023-04-25,Vietnam,Thái Bình,1
2023-10-17,Vietnam,Tân Bình,1
2023-09-22,Vietnam,Bảo Lộc,2
2023-08-15,Vietnam,Ninh Kiều,2
2023-03-03,Vietnam,Sơn Trà,2
2023-04-10,Vietnam,Việt Trì,1
2023-04-10,Vietnam,Đà Lạt,1
2023-07-07,Vietnam,Từ Liêm,1
2023-08-14,Vietnam,Phan Thiết,4
2023-03-02,Vietnam,Vũng Tàu,1
2023-11-11,Vietnam,Nha Trang,17
2023-08-03,Vietnam,Hải Châu,14
2023-08-17,Vietnam,Hương Thủy,2
2023-08-17,Vietnam,Cầu Giấy,2
2023-10-16,Vietnam,Quận 1,32
2023-03-05,Vietnam,Phú Nhuận,1
2023-08-02,Vietnam,Sơn Trà,1
2023-04-26,Vietnam,Cầu Giấy,1
2023-09-23,Vietnam,Tân Bình,4
2023-08-11,Vietnam,Đà Lạt,2
2023-11-20,Vietnam,Nha Trang,14
2023-11-20,Vietnam,Hoàn Kiếm,3
2023-07-03,Vietnam,Hội An,6
2023-10-28,Vietnam,Cái Răng,1
2023-10-14,Vietnam,Mai Châu,2
2023-03-12,Vietnam,Quận 3,1
2023-10-11,Vietnam,Đà Lạt,2
2023-08-27,Vietnam,Tân Bình,4
2023-10-26,Vietnam,Cam Lâm,1
2023-07-06,Vietnam,Phan Rang-Tháp Chàm,1
2023-07-05,Vietnam,Hạ Long,2
2023-07-05,Vietnam,Phú Quốc,3
2023-03-14,Vietnam,Đà Lạt,1
2023-04-05,Vietnam,Phan Thiết,6
2023-04-05,Vietnam,Hạ Long,2
2023-11-04,Vietnam,Sa Pa,3
2023-11-04,Vietnam,Ba Đình,4
2023-11-19,Vietnam,Hai Bà Trưng,1
2023-04-19,Vietnam,Quận 10,1
2023-09-16,Vietnam,Ba Đình,1
2023-09-16,Vietnam,Mai Châu,1
2023-05-11,Vietnam,Ba Đình,3
2023-05-11,Vietnam,Phú Quốc,2
2023-04-18,Vietnam,Nha Trang,11
2023-11-05,Vietnam,Phú Quốc,7
2023-05-28,Vietnam,Nha Trang,8
2023-05-13,Vietnam,Quận 1,18
2023-05-13,Vietnam,Sa Pa,2
2023-09-03,Vietnam,Phan Thiết,4
2023-09-03,Vietnam,Đống Đa,1
2023-11-14,Vietnam,Sa Pa,3
2023-04-06,Vietnam,Quận 7,1
2023-08-05,Vietnam,Điện Bàn,1
2023-01-31,Vietnam,Hai Bà Trưng,2
2023-09-11,Vietnam,Quận 7,3
2023-05-20,Vietnam,Ngũ Hành Sơn,1
2023-04-28,Vietnam,Nha Trang,11
2023-04-28,Vietnam,Phan Thiết,6
2023-03-08,Vietnam,Quận 3,1
2023-11-15,Vietnam,Mai Châu,1
2023-11-15,Vietnam,Đà Lạt,2
2023-11-15,Vietnam,Hoàn Kiếm,2
2023-03-07,Vietnam,Ba Đình,1
2023-03-07,Vietnam,Liên Chiểu,1
2023-08-18,Vietnam,Sơn Trà,2
2023-04-13,Vietnam,Phan Thiết,34
2023-09-14,Vietnam,Phú Nhuận,1
2023-09-28,Vietnam,Bảo Lộc,1
2023-04-17,Vietnam,Hoàn Kiếm,4
2023-11-01,Vietnam,Ngô Quyền,1
2023-04-03,Vietnam,Hội An,2
2023-10-05,Vietnam,Quận 1,29
2023-10-05,Vietnam,Hải Châu,22
2023-10-05,Vietnam,Phan Thiết,6
2023-11-12,Vietnam,Tân Bình,2
2023-01-01,Vietnam,Quận 7,1
2023-02-22,Vietnam,Phú Quốc,2
2023-09-13,Vietnam,Vũng Tàu,3
2023-04-01,Vietnam,Liên Chiểu,1
2023-06-27,Vietnam,Phan Thiết,11
2023-02-21,Vietnam,Vũng Tàu,3
2023-06-01,Vietnam,Ngũ Hành Sơn,1
2023-06-11,Vietnam,Nha Trang,13
2023-02-10,Vietnam,Cầu Giấy,2
2023-01-15,Vietnam,Quận 1,1
2023-01-15,Vietnam,Ninh Kiều,1
2023-06-14,Vietnam,Quận 7,1
2023-06-15,Vietnam,Hạ Long,2
2023-04-09,Vietnam,Phú Quốc,3
2023-07-20,Vietnam,Bá Thước,1
2023-05-07,Vietnam,Liên Chiểu,3
2023-03-30,Vietnam,Tân Bình,1
2023-01-03,Vietnam,Gò Vấp,2
2023-11-09,Vietnam,Hội An,1
2023-05-16,Vietnam,Quận 1,12
2023-01-25,Vietnam,Hạ Long,2
2023-02-24,Vietnam,Ninh Kiều,1
2023-01-11,Vietnam,Ninh Kiều,1
2023-11-07,Vietnam,Phan Thiết,4
2023-05-04,Vietnam,Phú Quốc,2
2023-05-03,Vietnam,Việt Trì,1
2023-05-03,Vietnam,Điện Bàn,1
2023-06-10,Vietnam,Quận 7,1
2023-06-25,Vietnam,Hạ Long,1
2023-05-17,Vietnam,Cam Lâm,5
2023-09-08,Vietnam,Nha Trang,6
2023-07-30,Vietnam,Sa Pa,1
2023-05-03,Vietnam,Cam Ranh,1
2023-05-03,Vietnam,Quận 7,1
2023-08-21,Vietnam,Hội An,1
2023-06-07,Vietnam,Sơn Trà,1
2023-08-20,Vietnam,Cam Lâm,3
2023-07-13,Vietnam,Nha Trang,29
2023-07-13,Vietnam,Nam Định,1
2023-10-10,Vietnam,Huế,2
2023-10-10,Vietnam,Hải Châu,13
2023-07-02,Vietnam,Cái Răng,1
2023-07-02,Vietnam,Hàm Thuận Nam,1
2023-07-02,Vietnam,Sa Pa,1
2023-07-02,Vietnam,Phú Quốc,7
2023-03-11,Vietnam,Quận 5,1
2023-02-18,Vietnam,Phú Quốc,4
2023-02-18,Vietnam,Từ Liêm,2
2023-03-10,Vietnam,Cầu Giấy,3
2023-06-08,Vietnam,Sơn Trà,5
2023-06-08,Vietnam,Đà Lạt,1
2023-02-03,Vietnam,Phan Thiết,1
2023-06-03,Vietnam,Quận 7,1
2023-02-12,Vietnam,Tân Bình,3
2023-02-12,Vietnam,Đà Lạt,1
2023-05-09,Vietnam,Từ Liêm,2
2023-05-09,Vietnam,Liên Chiểu,2
2023-07-12,Vietnam,Quận 1,22
2023-01-08,Vietnam,Đống Đa,2
2023-07-26,Vietnam,Quận 1,24
2023-02-14,Vietnam,Hoàn Kiếm,3
2023-07-11,Vietnam,Quận 3,2
2023-07-11,Vietnam,Liên Chiểu,1
2023-07-10,Vietnam,Đồng Hới,1
2023-07-25,Vietnam,Sơn Trà,4
2023-02-13,Vietnam,Quận 1,11
2023-08-31,Vietnam,Tân Bình,2
2023-08-31,Vietnam,Phan Rang-Tháp Chàm,1
2023-03-18,Vietnam,Quận 3,1
2023-03-03,Vietnam,Quận 7,2
2023-11-10,Vietnam,Hòa Bình,1
2023-10-04,Vietnam,Vũng Tàu,2
2023-03-17,Vietnam,Sa Pa,1
2023-08-14,Vietnam,Quận 1,19
2023-09-10,Vietnam,Tân Bình,3
2023-04-27,Vietnam,Đà Lạt,2
2023-03-06,Vietnam,Quận 1,14
2023-10-15,Vietnam,Cầu Giấy,1
2023-04-12,Vietnam,Nha Trang,3
2023-10-02,Vietnam,Cầu Giấy,1
2023-09-23,Vietnam,Bố Trạch,1
2023-09-23,Vietnam,Hải Châu,7
2023-10-27,Vietnam,Sóc Sơn,1
2023-04-11,Vietnam,Quận 1,17
2023-04-11,Vietnam,Hội An,2
2023-02-07,Vietnam,Thái Bình,1
2023-08-11,Vietnam,Cầu Giấy,2
2023-08-25,Vietnam,Nha Trang,7
2023-08-25,Vietnam,Tân Bình,7
2023-08-25,Vietnam,Quận 3,4
2023-11-20,Vietnam,Ba Đình,1
2023-08-10,Vietnam,Hương Thủy,3
2023-07-03,Vietnam,Hương Thủy,2
2023-07-03,Vietnam,Đống Đa,1
2023-08-13,Vietnam,Vũng Tàu,4
2023-10-26,Vietnam,Phú Quốc,1
2023-10-26,Vietnam,Vũng Tàu,5
2023-07-06,Vietnam,Phú Quốc,2
2023-03-15,Vietnam,Cam Lâm,2
2023-08-12,Vietnam,Cam Lâm,5
2023-04-22,Vietnam,Ngũ Hành Sơn,2
2023-07-19,Vietnam,Phan Rang-Tháp Chàm,1
2023-07-05,Vietnam,Quận 1,22
2023-09-02,Vietnam,Đà Lạt,1
2023-08-09,Vietnam,Hương Thủy,1
2023-09-01,Vietnam,Liên Chiểu,2
2023-04-04,Vietnam,Phan Thiết,4
2023-04-04,Vietnam,Ngũ Hành Sơn,3
2023-09-15,Vietnam,Hải Châu,10
2023-11-02,Vietnam,Quận 1,32
2023-05-13,Vietnam,Nha Trang,7
2023-09-03,Vietnam,Đà Lạt,2
2023-04-15,Vietnam,Phan Thiết,17
2023-11-01,Vietnam,Quận 3,3
2023-08-19,Vietnam,Bảo Lộc,1
2023-08-05,Vietnam,Phan Thiết,2
2023-01-31,Vietnam,Ngũ Hành Sơn,1
2023-09-11,Vietnam,Nha Trang,6
2023-09-11,Vietnam,Cam Lâm,2
2023-09-12,Vietnam,Phú Quốc,3
2023-03-07,Vietnam,Ngũ Hành Sơn,3
2023-08-04,Vietnam,Đồng Hới,2
2023-08-18,Vietnam,Quận 7,3
2023-04-13,Vietnam,Nha Trang,5
2023-09-28,Vietnam,Quận 3,3
2023-09-28,Vietnam,Quận 5,1
2023-09-28,Vietnam,Phan Thiết,7
2023-11-13,Vietnam,Cầu Giấy,3
2023-08-07,Vietnam,Phan Thiết,6
2023-05-24,Vietnam,Binh Tan,1
2023-03-09,Vietnam,Huế,1
2023-01-01,Vietnam,Quận 3,1
2023-09-13,Vietnam,Binh Tan,1
2023-04-01,Vietnam,Nam Định,1
2023-05-22,Vietnam,Phú Quốc,3
2023-04-02,Vietnam,Hoàn Kiếm,13
2023-04-02,Vietnam,Ninh Kiều,3
2023-07-22,Vietnam,Hải Châu,20
2023-07-22,Vietnam,Phan Thiết,11
2023-05-08,Vietnam,Quận 1,23
2023-01-17,Vietnam,Hai Bà Trưng,1
2023-01-02,Vietnam,Hai Bà Trưng,2
2023-03-30,Vietnam,Tây Hồ,1
2023-06-23,Vietnam,Cầu Giấy,1
2023-11-09,Vietnam,Phú Quốc,4
2023-01-24,Vietnam,Hải Châu,1
2023-01-10,Vietnam,Ngũ Hành Sơn,1
2023-01-25,Vietnam,Quận 1,3
2023-07-21,Vietnam,Đà Lạt,1
2023-05-01,Vietnam,Ngũ Hành Sơn,2
2023-01-28,Vietnam,Ninh Kiều,1
2023-01-28,Vietnam,Tân Bình,3
2023-05-18,Vietnam,Hạ Long,3
2023-11-07,Vietnam,Mai Châu,1
2023-02-20,Vietnam,Sơn Trà,2
2023-02-20,Vietnam,Quận 10,1
2023-05-04,Vietnam,Phan Thiết,15
2023-05-04,Vietnam,Thái Bình,1
2023-05-03,Vietnam,Phan Thiết,17
2023-06-24,Vietnam,Hội An,1
2023-01-27,Vietnam,Sơn Trà,2
2023-01-26,Vietnam,Ngũ Hành Sơn,2
2023-05-17,Vietnam,Sa Pa,1
2023-07-31,Vietnam,Hương Thủy,1
2023-09-07,Vietnam,Phan Thiết,6
2023-11-08,Vietnam,Phan Thiết,6
2023-01-26,Vietnam,Dau Tieng,1
2023-07-14,Vietnam,Tây Hồ,1
2023-04-30,Vietnam,Quận 7,1
2023-10-23,Vietnam,Hoàn Kiếm,3
2023-10-23,Vietnam,Hai Bà Trưng,1
2023-02-02,Vietnam,Ba Đình,1
2023-03-23,Vietnam,Hoàn Kiếm,6
2023-08-20,Vietnam,Ninh Kiều,1
2023-08-20,Vietnam,Thủ Dầu Một,1
2023-02-16,Vietnam,Lạng Sơn,1
2023-10-24,Vietnam,Đồng Hới,1
2023-07-13,Vietnam,Đà Lạt,2
2023-06-06,Vietnam,Quận 1,9
2023-02-15,Vietnam,Tân Bình,5
2023-02-15,Vietnam,Quận 2,1
2023-02-15,Vietnam,Thủ Dầu Một,2
2023-02-15,Vietnam,Quận 3,2
2023-10-10,Vietnam,Thủ Đức,1
2023-03-26,Vietnam,Tân Bình,1
2023-02-19,Vietnam,Ninh Kiều,1
2023-07-16,Vietnam,Bình Thạnh,2
2023-08-22,Vietnam,Quận 3,1
2023-10-22,Vietnam,Liên Chiểu,2
2023-03-10,Vietnam,Sơn Trà,3
2023-06-08,Vietnam,Hội An,1
2023-02-03,Vietnam,Hội An,3
2023-02-26,Vietnam,Cầu Giấy,1
2023-06-02,Vietnam,Vũng Tàu,2
2023-06-16,Vietnam,Thủ Dầu Một,3
2023-06-05,Vietnam,Phan Thiết,5
2023-07-12,Vietnam,Tân Bình,1
2023-06-19,Vietnam,Phan Thiết,10
2023-10-31,Vietnam,Quận 3,2
2023-10-31,Vietnam,Hoàn Kiếm,9
2023-02-14,Vietnam,Gò Vấp,1
2023-07-11,Vietnam,Tân Bình,2
2023-07-11,Vietnam,Sóc Sơn,1
2023-07-10,Vietnam,Vũng Tàu,1
2023-02-13,Vietnam,Quận 2,1
2023-02-13,Vietnam,Quận 10,1
2023-08-01,Vietnam,Hoàn Kiếm,5
2023-08-01,Vietnam,Hạ Long,3
2023-03-03,Vietnam,Thủ Dầu Một,1
2023-03-03,Vietnam,Đống Đa,1
2023-11-10,Vietnam,Cầu Giấy,1
2023-10-04,Vietnam,Ngũ Hành Sơn,2
2023-10-18,Vietnam,Tân Bình,9
2023-10-18,Vietnam,Hoàn Kiếm,2
2023-10-18,Vietnam,Phan Thiết,9
2023-05-30,Vietnam,Hòa Bình,1
2023-08-14,Vietnam,Đồng Hới,1
2023-03-06,Vietnam,Đống Đa,1
2023-04-27,Vietnam,Quận 7,1
2023-08-03,Vietnam,Thăng Bình,1
2023-10-01,Vietnam,Mai Châu,1
2023-09-24,Vietnam,Hoàn Kiếm,6
2023-10-16,Vietnam,Quận 3,2
2023-09-23,Vietnam,Ngũ Hành Sơn,3
2023-08-16,Vietnam,Phan Thiết,3
2023-07-09,Vietnam,Hội An,24
2023-02-07,Vietnam,Hoàn Kiếm,9
2023-03-27,Vietnam,Hạ Long,1
2023-10-28,Vietnam,Hải Châu,5
2023-10-28,Vietnam,Phan Thiết,11
2023-10-14,Vietnam,Hoàn Kiếm,1
2023-07-17,Vietnam,Hải Châu,40
2023-07-17,Vietnam,Tân Bình,1
2023-11-21,Vietnam,Nha Trang,18
2023-10-25,Vietnam,Quận 1,20
2023-10-25,Vietnam,Đồng Hới,1
2023-10-11,Vietnam,Ninh Kiều,1
2023-02-09,Vietnam,Quận 4,2
2023-03-15,Vietnam,Tân Bình,4
2023-03-15,Vietnam,Thủ Dầu Một,1
2023-03-15,Vietnam,Sa Pa,1
2023-04-21,Vietnam,Nha Trang,8
2023-09-02,Vietnam,Ba Đình,2
2023-04-19,Vietnam,Vũng Tàu,1
2023-04-19,Vietnam,Hải Châu,1
2023-08-09,Vietnam,Đồng Hới,4
2023-09-15,Vietnam,Quận 1,30
2023-11-16,Vietnam,Hải Châu,5
2023-05-10,Vietnam,Liên Chiểu,4
2023-11-16,Vietnam,Quận 7,2
2023-11-16,Vietnam,Đức Trọng,1
2023-09-04,Vietnam,Quận 2,1
2023-11-03,Vietnam,Quận 1,39
2023-11-03,Vietnam,Hà Đông,1
2023-09-18,Vietnam,Đà Lạt,2
2023-06-20,Vietnam,Quận 3,1
2023-09-17,Vietnam,Nha Trang,11
2023-05-28,Vietnam,Tân Bình,1
2023-11-14,Vietnam,Cam Lâm,1
2023-03-08,Vietnam,Tân Bình,3
2023-03-08,Vietnam,Cam Lâm,6
2023-03-08,Vietnam,Thủ Dầu Một,2
2023-11-01,Vietnam,Hoàn Kiếm,4
2023-11-01,Vietnam,Đồng Hới,2
2023-08-19,Vietnam,Sa Pa,2
2023-10-08,Vietnam,Sa Pa,2
2023-01-31,Vietnam,Đà Lạt,1
2023-10-06,Vietnam,Đà Lạt,1
2023-05-23,Vietnam,Hải Châu,6
2023-06-13,Vietnam,Quận 1,15
2023-09-27,Vietnam,Cam Lâm,3
2023-10-05,Vietnam,Cầu Giấy,1
2023-06-13,Vietnam,Cam Lâm,7
2023-04-01,Vietnam,Cam Lâm,4
2023-02-22,Vietnam,Bình Chánh,1
2023-02-22,Vietnam,Tân Bình,1
2023-08-06,Vietnam,Ngũ Hành Sơn,1
2023-05-06,Vietnam,Hải Châu,13
2023-06-11,Vietnam,Sa Pa,2
2023-02-10,Vietnam,Hai Bà Trưng,1
2023-01-29,Vietnam,Hội An,2
2023-01-29,Vietnam,Quận 3,1
2023-05-19,Vietnam,Quận 1,12
2023-06-15,Vietnam,Nha Trang,15
2023-05-02,Vietnam,Hải Châu,8
2023-07-20,Vietnam,Hải Châu,28
2023-01-03,Vietnam,Đống Đa,1
2023-06-23,Vietnam,Quận 7,1
2023-02-24,Vietnam,Đống Đa,2
2023-07-21,Vietnam,Đồng Hới,1
2023-05-01,Vietnam,Nha Trang,4
2023-01-13,Vietnam,Cầu Giấy,1
2023-11-07,Vietnam,Bảo Lộc,2
2023-11-07,Vietnam,Phan Rang-Tháp Chàm,1
2023-02-20,Vietnam,Tân Bình,1
2023-05-04,Vietnam,Hải Châu,10
2023-05-04,Vietnam,Cầu Giấy,4
2023-06-21,Vietnam,Ninh Kiều,1
2023-11-06,Vietnam,Vũng Tàu,1
2023-07-31,Vietnam,Quận 1,14
2023-02-17,Vietnam,Ba Đình,2
2023-07-14,Vietnam,Hương Thủy,1
2023-04-30,Vietnam,Tân Bình,4
2023-02-02,Vietnam,Hải Châu,1
2023-02-02,Vietnam,Tân Bình,1
2023-08-20,Vietnam,Phan Thiết,1
2023-02-16,Vietnam,Thủ Dầu Một,1
2023-10-24,Vietnam,Sa Pa,1
2023-07-13,Vietnam,Sơn Trà,1
2023-06-06,Vietnam,Phan Thiết,6
2023-10-10,Vietnam,Phan Thiết,12
2023-02-05,Vietnam,Tân Bình,1
2023-07-02,Vietnam,Nam Định,1
2023-10-21,Vietnam,Hải Châu,8
2023-10-21,Vietnam,Quận 2,2
2023-03-25,Vietnam,Cam Lâm,3
2023-06-09,Vietnam,Hải Châu,9
2023-08-22,Vietnam,Phan Thiết,1
2023-07-15,Vietnam,Hội An,12
2023-02-18,Vietnam,Bình Thạnh,2
2023-07-01,Vietnam,Liên Chiểu,1
2023-07-29,Vietnam,Thủ Dầu Một,1
2023-03-24,Vietnam,Quận 1,19
2023-07-24,Vietnam,Phan Thiết,5
2023-06-03,Vietnam,Cam Lâm,10
2023-02-12,Vietnam,Cầu Giấy,1
2023-02-12,Vietnam,Bình Thạnh,1
2023-02-26,Vietnam,Phú Quốc,4
2023-08-30,Vietnam,Vũng Tàu,1
2023-02-25,Vietnam,Quận 1,13
2023-02-11,Vietnam,Phú Nhuận,3
2023-06-05,Vietnam,Nha Trang,10
2023-01-04,Vietnam,Quận 7,4
2023-01-08,Vietnam,Nha Trang,8
2023-10-31,Vietnam,Hòa Bình,1
2023-07-11,Vietnam,Ngũ Hành Sơn,6
2023-07-11,Vietnam,Phú Quốc,4
2023-03-20,Vietnam,Ngũ Hành Sơn,2
2023-07-25,Vietnam,Hải Châu,19
2023-08-31,Vietnam,Hòa Bình,1
2023-10-03,Vietnam,Hoàn Kiếm,4
2023-08-29,Vietnam,Phan Thiết,7
2023-08-29,Vietnam,Mai Châu,1
2023-03-03,Vietnam,Lạng Sơn,1
2023-04-24,Vietnam,Hoàn Kiếm,3
2023-11-10,Vietnam,Nam Định,1
2023-10-18,Vietnam,Ba Đình,1
2023-08-14,Vietnam,Mai Châu,1
2023-10-19,Vietnam,Tân Bình,1
2023-04-27,Vietnam,Phan Rang-Tháp Chàm,1
2023-10-01,Vietnam,Điện Bàn,1
2023-04-26,Vietnam,Vũng Tàu,1
2023-09-23,Vietnam,Cầu Giấy,1
2023-04-11,Vietnam,Liên Chiểu,1
2023-02-07,Vietnam,Ngũ Hành Sơn,1
2023-08-25,Vietnam,Vị Thanh,1
2023-08-10,Vietnam,Tân Bình,8
2023-08-10,Vietnam,Hàm Thuận Nam,1
2023-08-10,Vietnam,Huế,5
2023-03-13,Vietnam,Phan Thiết,4
2023-11-21,Vietnam,Tân Bình,1
2023-03-16,Vietnam,Hoàn Kiếm,1
2023-09-20,Vietnam,Sầm Sơn,1
2023-03-01,Vietnam,Binh Tan,3
2023-02-08,Vietnam,Hoàn Kiếm,2
2023-04-21,Vietnam,Hoàn Kiếm,2
2023-10-12,Vietnam,Tân Bình,3
2023-07-19,Vietnam,Thủ Dầu Một,1
2023-07-05,Vietnam,Nha Trang,18
2023-04-05,Vietnam,Nha Trang,1
2023-04-05,Vietnam,Thủ Đức,1
2023-08-09,Vietnam,Ba Đình,1
2023-05-25,Vietnam,Phú Quốc,4
2023-09-01,Vietnam,Bảo Lộc,1
2023-04-04,Vietnam,Hoàn Kiếm,3
2023-04-04,Vietnam,Hạ Long,1
2023-04-18,Vietnam,Ninh Kiều,1
2023-11-16,Vietnam,Đống Đa,1
2023-11-05,Vietnam,Việt Trì,1
2023-11-05,Vietnam,Đồng Hới,1
2023-08-08,Vietnam,Từ Liêm,1
2023-11-16,Vietnam,Sơn Trà,1
2023-09-04,Vietnam,Quận 7,2
2023-09-04,Vietnam,Liên Chiểu,1
2023-09-18,Vietnam,Phan Thiết,9
2023-09-18,Vietnam,Bình Thạnh,2
2023-01-23,Vietnam,Gò Vấp,1
2023-01-22,Vietnam,Nha Trang,5
2023-11-18,Vietnam,Cầu Giấy,1
2023-11-14,Vietnam,Tân Bình,4
2023-03-08,Vietnam,Ngũ Hành Sơn,1
2023-10-08,Vietnam,Bảo Lộc,1
2023-10-08,Vietnam,Ngũ Hành Sơn,2
2023-01-31,Vietnam,Nam Định,1
2023-09-11,Vietnam,Vũng Tàu,2
2023-04-29,Vietnam,Hoàn Kiếm,3
2023-04-28,Vietnam,Cam Ranh,1
2023-04-28,Vietnam,Nam Định,1
2023-08-04,Vietnam,Vũng Tàu,5
2023-04-13,Vietnam,Ninh Kiều,1
2023-09-25,Vietnam,Hội An,2
2023-09-25,Vietnam,Xuyên Mộc,1
2023-09-28,Vietnam,Sơn Trà,1
2023-09-28,Vietnam,Thủ Dầu Một,1
2023-11-13,Vietnam,Tân Bình,5
2023-05-24,Vietnam,Ngũ Hành Sơn,1
2023-05-24,Vietnam,Hạ Long,1
2023-04-03,Vietnam,Phan Thiết,1
2023-01-01,Vietnam,Nha Trang,5
2023-02-22,Vietnam,Quận 3,1
2023-09-13,Vietnam,Huế,1
2023-04-01,Vietnam,Huế,1
2023-05-22,Vietnam,Cầu Giấy,1
2023-06-26,Vietnam,Quận 1,22
2023-02-10,Vietnam,Phú Quốc,1
2023-03-31,Vietnam,Hoàn Kiếm,3
2023-03-31,Vietnam,Quận 2,1
2023-06-29,Vietnam,Hạ Long,3
2023-01-17,Vietnam,Tân Bình,2
2023-06-15,Vietnam,Phan Thiết,11
2023-04-09,Vietnam,Thủ Dầu Một,2
2023-01-11,Vietnam,Nha Trang,11
2023-06-28,Vietnam,Ngũ Hành Sơn,1
2023-07-20,Vietnam,Đà Lạt,1
2023-07-20,Vietnam,Quận 3,3
2023-07-20,Vietnam,Qui Nhơn,1
2023-02-23,Vietnam,Phan Thiết,2
2023-01-03,Vietnam,Hoàn Kiếm,1
2023-06-23,Vietnam,Hội An,2
2023-06-23,Vietnam,Quận 2,1
2023-11-09,Vietnam,Quận 4,2
2023-09-09,Vietnam,Hội An,3
2023-05-16,Vietnam,Quận 7,1
2023-05-01,Vietnam,Binh Tan,1
2023-09-05,Vietnam,Ngũ Hành Sơn,4
2023-01-28,Vietnam,Nam Định,1
2023-11-07,Vietnam,Ninh Kiều,1
2023-05-04,Vietnam,Quận 2,2
2023-11-06,Vietnam,Phan Thiết,7
2023-01-26,Vietnam,Phú Quốc,2
2023-05-17,Vietnam,Tân Bình,4
2023-05-17,Vietnam,Sơn Trà,1
2023-07-30,Vietnam,Quận 2,3
2023-11-08,Vietnam,Quận 1,29
2023-11-08,Vietnam,Cái Răng,1
2023-01-26,Vietnam,Huế,1
2023-02-17,Vietnam,Tân Bình,2
2023-02-17,Vietnam,Liên Chiểu,4
2023-07-14,Vietnam,Thái Bình,1
2023-04-30,Vietnam,Lạng Sơn,4
2023-02-02,Vietnam,Quận 2,2
2023-02-02,Vietnam,Ninh Kiều,1
2023-02-16,Vietnam,Ba Đình,1
2023-02-16,Vietnam,Bình Thạnh,3
2023-07-13,Vietnam,Hội An,7
2023-07-13,Vietnam,Cầu Giấy,1
2023-03-22,Vietnam,Phú Quốc,1
2023-08-23,Vietnam,Tân Bình,3
2023-03-26,Vietnam,Cam Lâm,8
2023-02-19,Vietnam,Bình Thạnh,1
2023-03-11,Vietnam,Quận 3,1
2023-07-16,Vietnam,Quận 6,1
2023-06-09,Vietnam,Sơn Trà,5
2023-06-09,Vietnam,Cam Lâm,6
2023-08-22,Vietnam,Quận 1,21
2023-08-22,Vietnam,Phú Quốc,3
2023-07-15,Vietnam,Tây Hồ,1
2023-02-27,Vietnam,Nha Trang,9
2023-02-12,Vietnam,Binh Tan,1
2023-06-17,Vietnam,Cầu Giấy,1
2023-01-05,Vietnam,Bình Thạnh,1
2023-02-26,Vietnam,Hội An,2
2023-07-23,Vietnam,Đà Lạt,1
2023-06-02,Vietnam,Tân Bình,1
2023-02-11,Vietnam,Huế,1
2023-02-11,Vietnam,Bình Thạnh,1
2023-07-12,Vietnam,Đống Đa,1
2023-03-21,Vietnam,Hoàn Kiếm,4
2023-03-21,Vietnam,Ba Đình,1
2023-02-28,Vietnam,Phan Thiết,3
2023-06-04,Vietnam,Quận 10,1
2023-06-04,Vietnam,Liên Chiểu,3
2023-07-10,Vietnam,Nha Trang,36
2023-08-31,Vietnam,Vũng Tàu,4
2023-08-01,Vietnam,Từ Liêm,1
2023-03-04,Vietnam,Quận 3,3
2023-08-29,Vietnam,Sa Pa,1
2023-08-29,Vietnam,Phú Quốc,4
2023-05-31,Vietnam,Hạ Long,1
2023-04-10,Vietnam,Nha Trang,6
2023-04-24,Vietnam,Đà Lạt,2
2023-10-18,Vietnam,Vũng Tàu,2
2023-08-28,Vietnam,Phan Thiết,7
2023-03-02,Vietnam,Phan Thiết,3
2023-10-29,Vietnam,Cam Lâm,2
2023-03-06,Vietnam,Hoàn Kiếm,10
2023-08-17,Vietnam,Hoàn Kiếm,1
2023-10-01,Vietnam,Phú Quốc,2
2023-10-16,Vietnam,Phú Quốc,1
2023-03-05,Vietnam,Cầu Giấy,1
2023-03-05,Vietnam,Hạ Long,1
2023-03-05,Vietnam,Hội An,1
2023-10-02,Vietnam,Ngũ Hành Sơn,1
2023-04-11,Vietnam,Đống Đa,1
2023-02-07,Vietnam,Phan Thiết,1
2023-07-18,Vietnam,Phú Quốc,3
2023-03-27,Vietnam,Tân Bình,3
2023-03-13,Vietnam,Ngũ Hành Sơn,2
2023-10-28,Vietnam,Ninh Kiều,2
2023-07-03,Vietnam,Nha Trang,15
2023-07-03,Vietnam,Qui Nhơn,1
2023-10-14,Vietnam,Sơn Trà,1
2023-10-14,Vietnam,Ngũ Hành Sơn,2
2023-08-24,Vietnam,Nha Trang,9
2023-08-24,Vietnam,Quận 2,1
2023-11-21,Vietnam,Quận 1,15
2023-11-21,Vietnam,Ba Đình,3
2023-03-16,Vietnam,Phan Thiết,1
2023-10-25,Vietnam,Sa Pa,6
2023-09-20,Vietnam,Điện Bàn,1
2023-08-27,Vietnam,Quận 2,1
2023-08-13,Vietnam,Bảo Lộc,2
2023-03-29,Vietnam,Nha Trang,10
2023-04-21,Vietnam,Cam Lâm,3
2023-04-21,Vietnam,Quận 7,1
2023-10-12,Vietnam,Nha Trang,19
2023-07-19,Vietnam,Phú Quốc,4
2023-11-04,Vietnam,Cầu Giấy,1
2023-11-04,Vietnam,Vũng Tàu,2
2023-09-02,Vietnam,Hoàn Kiếm,1
2023-04-19,Vietnam,Quận 2,1
2023-04-18,Vietnam,Tân Bình,1
2023-09-18,Vietnam,Hội An,5
2023-11-17,Vietnam,Ba Đình,2
2023-06-20,Vietnam,Ba Đình,2
2023-05-28,Vietnam,Hai Bà Trưng,2
2023-05-13,Vietnam,Phú Quốc,5
2023-05-14,Vietnam,Tây Hồ,1
2023-05-14,Vietnam,Cầu Giấy,2
2023-01-22,Vietnam,Bình Thạnh,1
2023-05-27,Vietnam,Cát Hải,1
2023-04-06,Vietnam,Tân Bình,8
2023-03-08,Vietnam,Binh Tan,1
2023-09-26,Vietnam,Cam Lâm,2
2023-10-08,Vietnam,Hội An,3
2023-05-20,Vietnam,Hải Châu,14
2023-09-12,Vietnam,Cam Lâm,3
2023-03-07,Vietnam,Hoàn Kiếm,9
2023-08-18,Vietnam,Huế,1
2023-08-18,Vietnam,Ngũ Hành Sơn,2
2023-04-13,Vietnam,Sơn Trà,3
2023-10-09,Vietnam,Tân Bình,1
2023-10-09,Vietnam,Ninh Kiều,3
2023-09-14,Vietnam,Hội An,7
2023-11-13,Vietnam,Hội An,5
2023-08-07,Vietnam,Nha Trang,23
2023-08-07,Vietnam,Quận 1,19
2023-08-07,Vietnam,Ninh Kiều,1
2023-08-07,Vietnam,Ngũ Hành Sơn,2
2023-05-24,Vietnam,Tân Bình,3
2023-04-16,Vietnam,Hội An,4
2023-05-23,Vietnam,Hội An,2
2023-06-30,Vietnam,Hòa Bình,1
2023-03-09,Vietnam,Liên Chiểu,1
2023-02-22,Vietnam,Sơn Trà,1
2023-02-22,Vietnam,Ngũ Hành Sơn,2
2023-09-13,Vietnam,Quận 3,3
2023-04-02,Vietnam,Cầu Giấy,1
2023-05-05,Vietnam,Quận 1,27
2023-10-30,Vietnam,Thanh Xuân,1
2023-01-29,Vietnam,Phan Thiết,1
2023-01-29,Vietnam,Phú Quốc,1
2023-02-10,Vietnam,Binh Tan,2
2023-05-08,Vietnam,Thái Bình,1
2023-06-12,Vietnam,Hai Bà Trưng,1
2023-07-20,Vietnam,Tân Bình,4
2023-05-07,Vietnam,Cam Lâm,6
2023-05-07,Vietnam,Ngũ Hành Sơn,3
2023-03-30,Vietnam,Hội An,1
2023-02-23,Vietnam,Quận 7,2
2023-02-23,Vietnam,Hạ Long,1
2023-11-09,Vietnam,Sa Pa,3
2023-05-15,Vietnam,Cam Ranh,1
2023-01-16,Vietnam,Hai Bà Trưng,1
2023-01-25,Vietnam,Quận 2,1
2023-02-24,Vietnam,Quận 3,3
2023-05-01,Vietnam,Cam Lâm,16
2023-06-22,Vietnam,Quận 3,1
2023-07-30,Vietnam,Hải Châu,20
2023-02-17,Vietnam,Hội An,1
2023-07-14,Vietnam,Phan Thiết,4
2023-10-23,Vietnam,Sóc Sơn,1
2023-06-07,Vietnam,Sa Pa,1
2023-08-20,Vietnam,Hội An,4
2023-02-16,Vietnam,Quận 2,2
2023-07-13,Vietnam,Vũng Tàu,1
2023-07-13,Vietnam,Phan Rang-Tháp Chàm,1
2023-02-15,Vietnam,Quận 10,3
2023-10-10,Vietnam,Cầu Giấy,1
2023-02-05,Vietnam,Ninh Kiều,2
2023-03-11,Vietnam,Ngũ Hành Sơn,3
2023-03-11,Vietnam,Hoàn Kiếm,2
2023-07-16,Vietnam,Cam Ranh,2
2023-07-16,Vietnam,Phan Thiết,5
2023-07-15,Vietnam,Sơn Trà,1
2023-07-15,Vietnam,Vị Thanh,1
2023-02-18,Vietnam,Hoàn Kiếm,5
2023-02-18,Vietnam,Ba Đình,1
2023-07-15,Vietnam,Hoàn Kiếm,3
2023-10-22,Vietnam,Tân Bình,1
2023-06-08,Vietnam,Phan Thiết,8
2023-02-27,Vietnam,Đống Đa,1
2023-06-17,Vietnam,Hải Châu,9
2023-06-17,Vietnam,Liên Chiểu,2
2023-01-05,Vietnam,Quận 1,2
2023-06-16,Vietnam,Cầu Giấy,2
2023-02-25,Vietnam,Nha Trang,8
2023-02-11,Vietnam,Thủ Dầu Một,2
2023-10-20,Vietnam,Quận 3,4
2023-06-05,Vietnam,Hội An,1
2023-06-19,Vietnam,Quận 2,1
2023-02-14,Vietnam,Tan Phu,1
2023-03-21,Vietnam,Thanh Khê,1
2023-06-18,Vietnam,Phú Quốc,3
2023-08-31,Vietnam,Ba Đình,2
2023-04-25,Vietnam,Tân Bình,3
2023-10-17,Vietnam,Phú Quốc,1
2023-03-04,Vietnam,Nha Trang,13
2023-03-04,Vietnam,Phan Thiết,1
2023-10-03,Vietnam,Đà Lạt,2
2023-08-29,Vietnam,Quận 1,28
2023-08-29,Vietnam,Hoàn Kiếm,1
2023-08-29,Vietnam,Thăng Bình,1
2023-04-24,Vietnam,Phan Thiết,6
2023-04-24,Vietnam,Hoàng Mai,1
2023-11-10,Vietnam,Phú Quốc,5
2023-11-10,Vietnam,Sơn Trà,1
2023-11-10,Vietnam,Đà Lạt,4
2023-10-04,Vietnam,Cam Lâm,2
2023-03-17,Vietnam,Hội An,1
2023-10-18,Vietnam,Binh Tan,1
2023-07-07,Vietnam,Sơn Trà,6
2023-07-07,Vietnam,Hạ Long,2
2023-07-07,Vietnam,Ninh Kiều,1
2023-08-14,Vietnam,Cam Lâm,3
2023-03-02,Vietnam,Nha Trang,10
2023-04-23,Vietnam,Sơn Trà,1
2023-11-11,Vietnam,Hoàn Kiếm,2
2023-10-29,Vietnam,Thăng Bình,2
2023-04-27,Vietnam,Cái Răng,1
2023-08-17,Vietnam,Cam Lâm,5
2023-10-01,Vietnam,Quận 7,1
2023-07-04,Vietnam,Quận 2,1
2023-07-04,Vietnam,Đà Lạt,1
2023-08-25,Vietnam,Phan Rang-Tháp Chàm,1
2023-04-20,Vietnam,Đống Đa,1
2023-07-18,Vietnam,Cái Răng,1
2023-11-20,Vietnam,Hội An,2
2023-03-27,Vietnam,Cam Lâm,1
2023-02-06,Vietnam,Hoàn Kiếm,2
2023-02-06,Vietnam,Cầu Giấy,1
2023-10-28,Vietnam,Ngũ Hành Sơn,3
2023-10-28,Vietnam,Cầu Giấy,2
2023-10-14,Vietnam,Sa Pa,1
2023-03-12,Vietnam,Nha Trang,5
2023-03-12,Vietnam,Quận 5,1
2023-03-16,Vietnam,Đống Đa,1
2023-09-20,Vietnam,Sa Pa,2
2023-10-11,Vietnam,Phú Quốc,1
2023-10-11,Vietnam,Đức Trọng,1
2023-10-11,Vietnam,Từ Liêm,2
2023-08-27,Vietnam,Phú Quốc,2
2023-07-06,Vietnam,Điện Bàn,1
2023-04-22,Vietnam,Quận 1,14
2023-04-22,Vietnam,Gò Vấp,1
2023-03-01,Vietnam,Tân Bình,2
2023-04-19,Vietnam,Phan Thiết,2
2023-09-01,Vietnam,Hải Châu,15
2023-09-01,Vietnam,Ngũ Hành Sơn,3
2023-04-04,Vietnam,Cầu Giấy,2
2023-04-18,Vietnam,Quận 1,16
2023-09-29,Vietnam,Hội An,5
2023-09-29,Vietnam,Hoàn Kiếm,1
2023-04-07,Vietnam,Lạng Sơn,1
2023-04-07,Vietnam,Sa Pa,2
2023-04-07,Vietnam,Hoàng Mai,2
2023-04-07,Vietnam,Phan Rang-Tháp Chàm,1
2023-11-02,Vietnam,Vũng Tàu,2
2023-11-03,Vietnam,Tây Hồ,1
2023-11-03,Vietnam,Liên Chiểu,4
2023-09-18,Vietnam,Liên Chiểu,1
2023-11-17,Vietnam,Tân Bình,7
2023-06-20,Vietnam,Việt Trì,1
2023-05-14,Vietnam,Hoàn Kiếm,2
2023-05-14,Vietnam,Sơn Trà,2
2023-05-27,Vietnam,Sa Pa,1
2023-11-14,Vietnam,Đà Lạt,2
2023-11-14,Vietnam,Sơn Trà,1
2023-04-06,Vietnam,Ngũ Hành Sơn,5
2023-10-07,Vietnam,Nha Trang,7
2023-09-26,Vietnam,Quận 3,1
2023-08-05,Vietnam,Ba Đình,1
2023-03-07,Vietnam,Lạng Sơn,1
2023-04-13,Vietnam,Cam Lâm,3
2023-09-14,Vietnam,Phú Quốc,2
2023-10-06,Vietnam,Hải Châu,8
2023-05-24,Vietnam,Nha Trang,3
2023-01-30,Vietnam,Quận 4,1
2023-10-05,Vietnam,Vũng Tàu,2
2023-06-13,Vietnam,Sơn Trà,1
2023-11-12,Vietnam,Quận 1,24
2023-08-06,Vietnam,Cái Răng,3
2023-09-13,Vietnam,Tân Bình,1
2023-04-01,Vietnam,Đống Đa,1
2023-06-26,Vietnam,Đà Lạt,2
2023-06-01,Vietnam,Nha Trang,6
2023-06-11,Vietnam,Hạ Long,3
2023-10-30,Vietnam,Quận 2,1
2023-01-29,Vietnam,Nha Trang,20
2023-06-29,Vietnam,Nha Trang,21
2023-05-08,Vietnam,Ninh Kiều,2
2023-01-17,Vietnam,Đống Đa,1
2023-01-02,Vietnam,Tân Bình,2
2023-06-14,Vietnam,Quận 1,13
2023-06-14,Vietnam,Nha Trang,22
2023-05-02,Vietnam,Sơn Trà,1
2023-03-30,Vietnam,Sơn Trà,1
2023-04-08,Vietnam,Hạ Long,1
2023-09-09,Vietnam,Phan Thiết,3
2023-01-02,Vietnam,Quận 3,2
2023-01-10,Vietnam,Quận 3,1
2023-05-29,Vietnam,Ba Đình,1
2023-01-13,Vietnam,Quận 3,3
2023-09-08,Vietnam,Quận 1,27
2023-02-20,Vietnam,Quận 7,2
2023-06-21,Vietnam,Phú Quốc,4
2023-11-06,Vietnam,Hai Bà Trưng,1
2023-05-03,Vietnam,Hội An,3
2023-01-27,Vietnam,Nam Định,1
2023-09-07,Vietnam,Sa Pa,1
2023-09-07,Vietnam,Nha Trang,12
2023-02-02,Vietnam,Tan Phu,1
2023-08-20,Vietnam,Quận 7,3
2023-02-16,Vietnam,Hòa Bình,1
2023-02-01,Vietnam,Ninh Kiều,1
2023-06-06,Vietnam,Đống Đa,1
2023-07-27,Vietnam,Quận 2,1
2023-02-15,Vietnam,Hoàn Kiếm,7
2023-02-15,Vietnam,Thanh Xuân,1
2023-08-23,Vietnam,Hải Châu,10
2023-08-23,Vietnam,Đống Đa,1
2023-08-23,Vietnam,Hạ Long,1
2023-07-16,Vietnam,Hải Châu,21
2023-07-16,Vietnam,Phú Quốc,4
2023-02-04,Vietnam,Hoàn Kiếm,2
2023-02-04,Vietnam,Thủ Dầu Một,2
2023-08-22,Vietnam,Sơn Trà,1
2023-07-29,Vietnam,Đồng Hới,2
2023-06-08,Vietnam,Thủ Dầu Một,1
2023-03-24,Vietnam,Binh Tan,1
2023-02-27,Vietnam,Tân Bình,2
2023-02-12,Vietnam,Quận 2,1
2023-02-12,Vietnam,Gò Vấp,1
2023-07-23,Vietnam,Hải Châu,20
2023-07-23,Vietnam,Liên Chiểu,3
2023-02-11,Vietnam,Quận 1,15
2023-06-05,Vietnam,Ninh Kiều,2
2023-06-19,Vietnam,Sa Pa,4
2023-01-07,Vietnam,Quận 2,1
2023-07-11,Vietnam,Đà Lạt,2
2023-03-20,Vietnam,Quận 3,3
2023-07-10,Vietnam,Hạ Long,2
2023-08-31,Vietnam,Huế,1
2023-03-18,Vietnam,Sơn Trà,2
2023-03-18,Vietnam,Quận 7,1
2023-05-31,Vietnam,Ngũ Hành Sơn,1
2023-07-08,Vietnam,Đồng Hới,3
2023-07-08,Vietnam,Phú Quốc,5
2023-04-10,Vietnam,Nam Định,1
2023-09-21,Vietnam,Phú Quốc,5
2023-10-04,Vietnam,Quận 1,32
2023-03-17,Vietnam,Cam Ranh,1
2023-10-18,Vietnam,Vị Thanh,1
2023-10-18,Vietnam,Liên Chiểu,8
2023-05-30,Vietnam,Hải Châu,8
2023-08-14,Vietnam,Vũng Tàu,6
2023-10-29,Vietnam,Ba Đình,1
2023-10-29,Vietnam,Sóc Sơn,1
2023-08-17,Vietnam,Phan Thiết,3
2023-10-16,Vietnam,Sa Pa,2
2023-10-16,Vietnam,Thủ Đức,1
2023-04-12,Vietnam,Ngũ Hành Sơn,5
2023-10-02,Vietnam,Liên Chiểu,1
2023-08-16,Vietnam,Cam Lâm,5
2023-04-11,Vietnam,Ninh Kiều,1
2023-04-11,Vietnam,Sơn Trà,2
2023-04-11,Vietnam,Phú Quốc,1
2023-08-11,Vietnam,Phú Quốc,9
2023-08-11,Vietnam,Hạ Long,4
2023-08-25,Vietnam,Ngũ Hành Sơn,2
2023-03-28,Vietnam,Tân Bình,1
2023-03-28,Vietnam,Ninh Kiều,1
2023-03-28,Vietnam,Cam Lâm,1
2023-07-18,Vietnam,Nha Trang,31
2023-03-27,Vietnam,Hoàn Kiếm,5
2023-02-06,Vietnam,Quận 1,10
2023-03-13,Vietnam,Sơn Trà,2
2023-08-24,Vietnam,Hai Bà Trưng,1
2023-11-21,Vietnam,Phan Thiết,4
2023-09-20,Vietnam,Sơn Trà,2
2023-09-30,Vietnam,Sa Pa,2
2023-09-30,Vietnam,Ngũ Hành Sơn,2
2023-10-11,Vietnam,Quận 3,1
2023-07-06,Vietnam,Quận 1,26
2023-10-26,Vietnam,Hội An,2
2023-10-26,Vietnam,Phan Thiết,11
2023-04-22,Vietnam,Hoàn Kiếm,6
2023-11-19,Vietnam,Cầu Giấy,2
2023-11-19,Vietnam,Tân Bình,1
2023-08-09,Vietnam,Điện Bàn,1
2023-05-11,Vietnam,Cam Ranh,1
2023-09-01,Vietnam,Phú Quốc,2
2023-04-04,Vietnam,Hội An,2
2023-01-20,Vietnam,Quận 1,2
2023-04-18,Vietnam,Hoàn Kiếm,3
2023-11-16,Vietnam,Phú Quốc,1
2023-08-08,Vietnam,Cam Lâm,7
2023-09-04,Vietnam,Sa Pa,2
2023-11-03,Vietnam,Quận 10,1
2023-09-18,Vietnam,Quận 1,24
2023-11-17,Vietnam,Đà Lạt,3
2023-05-13,Vietnam,Cầu Giấy,1
2023-05-12,Vietnam,Hội An,1
2023-11-14,Vietnam,Ba Vi,1
2023-04-06,Vietnam,Cầu Giấy,2
2023-03-08,Vietnam,Quận 2,1
2023-11-01,Vietnam,Quận 1,33
2023-09-26,Vietnam,Sa Pa,1
2023-09-26,Vietnam,Ngũ Hành Sơn,1
2023-04-14,Vietnam,Cầu Giấy,3
2023-09-11,Vietnam,Sơn Trà,1
2023-03-08,Vietnam,Đống Đa,4
2023-03-07,Vietnam,Quận 1,22
2023-09-25,Vietnam,Sa Pa,2
2023-09-25,Vietnam,Cầu Giấy,3
2023-10-09,Vietnam,Nha Trang,8
2023-10-09,Vietnam,Vũng Tàu,2
2023-10-09,Vietnam,Phú Quốc,3
2023-10-09,Vietnam,Hàm Thuận Nam,2
2023-04-17,Vietnam,Ngũ Hành Sơn,3
2023-04-17,Vietnam,Ninh Kiều,2
2023-09-14,Vietnam,Đà Lạt,1
2023-09-14,Vietnam,Sơn Trà,1
2023-10-06,Vietnam,Bảo Lộc,2
2023-01-30,Vietnam,Hoàn Kiếm,7
2023-01-30,Vietnam,Hai Bà Trưng,1
2023-06-30,Vietnam,Tây Hồ,1
2023-09-27,Vietnam,Đức Trọng,1
2023-10-05,Vietnam,Tân Bình,7
2023-06-13,Vietnam,Hải Châu,6
2023-03-09,Vietnam,Phú Quốc,2
2023-02-22,Vietnam,Hội An,2
2023-08-06,Vietnam,Đồng Hới,2
2023-09-13,Vietnam,Liên Chiểu,1
2023-04-02,Vietnam,Binh Tan,2
2023-01-18,Vietnam,Hoàn Kiếm,1
2023-06-11,Vietnam,Phan Thiết,10
2023-02-10,Vietnam,Quận 7,1
2023-01-29,Vietnam,Ba Đình,1
2023-05-08,Vietnam,Hải Châu,12
2023-07-20,Vietnam,Hai Bà Trưng,1
2023-04-08,Vietnam,Phú Quốc,1
2023-07-21,Vietnam,Hội An,9
2023-09-08,Vietnam,Sa Pa,1
2023-06-22,Vietnam,Phan Thiết,12
2023-11-07,Vietnam,Quận 1,28
2023-06-21,Vietnam,Hoàn Kiếm,3
2023-01-27,Vietnam,Nha Trang,22
2023-06-10,Vietnam,Ngũ Hành Sơn,1
2023-06-25,Vietnam,Tân Bình,1
2023-07-31,Vietnam,Đồng Hới,4
2023-02-02,Vietnam,Hai Bà Trưng,1
2023-02-02,Vietnam,Phú Nhuận,2
2023-08-20,Vietnam,Phú Quốc,3
2023-02-16,Vietnam,Quận 1,20
2023-02-16,Vietnam,Thăng Bình,1
2023-03-22,Vietnam,Ngũ Hành Sơn,3
2023-02-05,Vietnam,Đống Đa,2
2023-08-23,Vietnam,Nha Trang,5
2023-02-19,Vietnam,Đống Đa,1
2023-07-16,Vietnam,Nha Trang,43
2023-07-15,Vietnam,Hải Châu,26
2023-06-08,Vietnam,Phú Quốc,1
2023-02-12,Vietnam,Thủ Dầu Một,1
2023-01-05,Vietnam,Nha Trang,9
2023-01-19,Vietnam,Nha Trang,11
2023-06-02,Vietnam,Hoàn Kiếm,3
2023-06-16,Vietnam,Hải Châu,12
2023-06-16,Vietnam,Thái Bình,1
2023-02-25,Vietnam,Hoàng Mai,1
2023-02-25,Vietnam,Sơn Trà,4
2023-07-26,Vietnam,Phú Quốc,4
2023-10-31,Vietnam,Ninh Kiều,3
2023-03-21,Vietnam,Việt Trì,1
2023-02-28,Vietnam,Thủ Dầu Một,2
2023-03-20,Vietnam,Ninh Kiều,1
2023-07-25,Vietnam,Phan Rang-Tháp Chàm,1
2023-10-17,Vietnam,Sơn Trà,1
2023-10-17,Vietnam,Đồng Hới,2
2023-08-01,Vietnam,Hương Thủy,1
2023-09-22,Vietnam,Đà Lạt,1
2023-03-04,Vietnam,Ngũ Hành Sơn,1
2023-08-15,Vietnam,Hải Châu,9
2023-05-31,Vietnam,Cam Lâm,1
2023-11-10,Vietnam,Hội An,1
2023-09-21,Vietnam,Mai Châu,2
2023-10-18,Vietnam,Cầu Giấy,3
2023-09-10,Vietnam,Hội An,6
2023-10-19,Vietnam,Cam Lâm,1
2023-11-11,Vietnam,Ngũ Hành Sơn,1
2023-10-29,Vietnam,Quận 1,16
2023-03-06,Vietnam,Ninh Kiều,2
2023-08-03,Vietnam,Phan Thiết,1
2023-10-01,Vietnam,Cam Lâm,2
2023-10-01,Vietnam,Đống Đa,1
2023-10-01,Vietnam,Phan Thiết,10
2023-11-22,Vietnam,Hoàn Kiếm,1
2023-10-16,Vietnam,Đống Đa,2
2023-10-16,Vietnam,Hồng Bàng,1
2023-10-16,Vietnam,Hai Bà Trưng,1
2023-03-19,Vietnam,Tân Bình,4
2023-10-02,Vietnam,Sa Pa,2
2023-10-02,Vietnam,Nha Trang,12
2023-09-23,Vietnam,Mai Châu,2
2023-07-09,Vietnam,Hoàn Kiếm,2
2023-07-09,Vietnam,Từ Liêm,1
2023-10-27,Vietnam,Vũng Tàu,2
2023-04-11,Vietnam,Cam Lâm,10
2023-07-04,Vietnam,Phú Quốc,7
2023-11-20,Vietnam,Tân Bình,5
2023-08-10,Vietnam,Phan Thiết,2
2023-03-13,Vietnam,Cam Lâm,2
2023-10-28,Vietnam,Quận 7,3
2023-07-17,Vietnam,Phan Thiết,9
2023-10-25,Vietnam,Bảo Lộc,1
2023-09-20,Vietnam,Hội An,3
2023-09-30,Vietnam,Phan Thiết,3
2023-09-30,Vietnam,Cầu Giấy,1
2023-08-27,Vietnam,Ba Đình,2
2023-08-27,Vietnam,Nha Trang,8
2023-10-26,Vietnam,Ngũ Hành Sơn,1
2023-03-29,Vietnam,Phan Thiết,7
2023-02-08,Vietnam,Quận 2,1
2023-08-26,Vietnam,Nha Trang,5
2023-07-19,Vietnam,Nha Trang,27
2023-07-05,Vietnam,Cái Răng,1
2023-03-14,Vietnam,Cam Lâm,4
2023-11-04,Vietnam,Hội An,2
2023-04-19,Vietnam,Thủ Đức,1
2023-09-16,Vietnam,Nha Trang,7
2023-08-09,Vietnam,Hội An,2
2023-05-26,Vietnam,Hải Châu,9
2023-11-16,Vietnam,Quận 1,26
2023-11-16,Vietnam,Quận 3,2
2023-09-29,Vietnam,Đà Lạt,1
2023-09-29,Vietnam,Phú Quốc,1
2023-11-05,Vietnam,Tân Bình,2
2023-05-10,Vietnam,Hoàn Kiếm,4
2023-05-10,Vietnam,Phú Quốc,2
2023-04-07,Vietnam,Quận 3,2
2023-04-07,Vietnam,Tây Hồ,1
2023-08-08,Vietnam,Cầu Giấy,2
2023-11-02,Vietnam,Liên Chiểu,2
2023-09-29,Vietnam,Quận 3,3
2023-09-29,Vietnam,Ba Đình,1
2023-11-03,Vietnam,Ba Đình,1
2023-11-03,Vietnam,Phan Thiết,28
2023-11-17,Vietnam,Ngũ Hành Sơn,1
2023-05-28,Vietnam,Ngũ Hành Sơn,2
2023-01-22,Vietnam,Quận 4,2
2023-09-03,Vietnam,Đồng Hới,1
2023-11-14,Vietnam,Liên Chiểu,4
2023-11-14,Vietnam,Buon Ma Thuot,1
2023-09-17,Vietnam,Điện Bàn,1
2023-04-15,Vietnam,Hoàng Mai,1
2023-10-07,Vietnam,Phan Thiết,6
2023-08-19,Vietnam,Tân Bình,2
2023-04-14,Vietnam,Quận 3,2
2023-04-28,Vietnam,Quận 3,1
2023-11-15,Vietnam,Hải Châu,13
2023-03-07,Vietnam,Cầu Giấy,2
2023-08-18,Vietnam,Hương Thủy,2
2023-08-18,Vietnam,Mai Châu,1
2023-11-13,Vietnam,Sa Pa,3
2023-11-13,Vietnam,Liên Chiểu,1
2023-08-07,Vietnam,Hải Châu,17
2023-08-07,Vietnam,Cam Lâm,14
2023-04-17,Vietnam,Hải Châu,1
2023-09-14,Vietnam,Quận 7,2
2023-01-30,Vietnam,Đống Đa,1
2023-09-27,Vietnam,Thủ Đức,1
2023-03-09,Vietnam,Quận 2,1
2023-03-09,Vietnam,Hội An,1
2023-03-09,Vietnam,Quận 10,1
2023-11-12,Vietnam,Qui Nhơn,1
2023-01-01,Vietnam,Gò Vấp,3
2023-05-06,Vietnam,Ngũ Hành Sơn,4
2023-05-22,Vietnam,Hải Châu,10
2023-05-22,Vietnam,Ninh Kiều,1
2023-04-02,Vietnam,Đống Đa,1
2023-02-21,Vietnam,Liên Chiểu,2
2023-02-10,Vietnam,Quận 1,15
2023-01-29,Vietnam,Quận 4,1
2023-02-10,Vietnam,Quận 2,2
2023-03-31,Vietnam,Đống Đa,2
2023-06-29,Vietnam,Cầu Giấy,1
2023-05-19,Vietnam,Hải Châu,10
2023-05-08,Vietnam,Hội An,1
2023-06-12,Vietnam,Sa Pa,1
2023-05-02,Vietnam,Đà Lạt,1
2023-07-20,Vietnam,Sa Pa,3
2023-04-08,Vietnam,Thủ Đức,2
2023-01-24,Vietnam,Đà Lạt,2
2023-01-16,Vietnam,Nha Trang,14
2023-09-06,Vietnam,Quận 3,3
2023-02-24,Vietnam,Binh Tan,1
2023-01-28,Vietnam,Đống Đa,3
2023-01-28,Vietnam,Cầu Giấy,2
2023-11-07,Vietnam,Sơn Trà,3
2023-05-04,Vietnam,Ngũ Hành Sơn,3
2023-11-06,Vietnam,Phú Quốc,1
2023-01-27,Vietnam,Hội An,1
2023-06-25,Vietnam,Nha Trang,7
2023-05-03,Vietnam,Nam Định,2
2023-11-08,Vietnam,Quận 2,4
2023-11-08,Vietnam,Tân Bình,5
2023-07-14,Vietnam,Quận 6,1
2023-10-23,Vietnam,Quận 7,1
2023-10-23,Vietnam,Cầu Giấy,1
2023-07-28,Vietnam,Phan Thiết,3
2023-03-23,Vietnam,Tuy Hoa,2
2023-10-24,Vietnam,Đà Lạt,1
2023-07-13,Vietnam,Phú Quốc,8
2023-03-22,Vietnam,Phan Thiết,2
2023-03-22,Vietnam,Hải Châu,1
2023-02-05,Vietnam,Sơn Trà,1
2023-02-05,Vietnam,Đà Lạt,3
2023-02-05,Vietnam,Ngũ Hành Sơn,3
2023-08-23,Vietnam,Vũng Tàu,7
2023-07-02,Vietnam,Phan Thiết,7
2023-02-19,Vietnam,Hoàn Kiếm,5
2023-07-16,Vietnam,Liên Chiểu,2
2023-02-18,Vietnam,Liên Chiểu,1
2023-03-10,Vietnam,Hoàn Kiếm,5
2023-03-10,Vietnam,Tan Phu,1
2023-01-06,Vietnam,Sa Pa,2
2023-01-06,Vietnam,Quận 3,2
2023-02-27,Vietnam,Binh Tan,3
2023-07-24,Vietnam,Ngũ Hành Sơn,1
2023-06-17,Vietnam,Quận 3,3
2023-08-30,Vietnam,Tân Bình,5
2023-08-30,Vietnam,Đà Lạt,1
2023-06-16,Vietnam,Cái Răng,1
2023-06-16,Vietnam,Đà Lạt,1
2023-05-09,Vietnam,Nha Trang,7
2023-10-20,Vietnam,Phú Quốc,3
2023-10-20,Vietnam,Liên Chiểu,2
2023-06-05,Vietnam,Quận 3,1
2023-01-04,Vietnam,Quận 1,3
2023-10-31,Vietnam,Nha Trang,19
2023-10-31,Vietnam,Cầu Giấy,1
2023-02-14,Vietnam,Quận 4,2
2023-06-04,Vietnam,Sơn Trà,3
2023-06-18,Vietnam,Quận 1,16
2023-07-10,Vietnam,Quận 7,1
2023-07-10,Vietnam,Liên Chiểu,1
2023-02-13,Vietnam,Gò Vấp,2
2023-09-22,Vietnam,Mai Châu,6
2023-03-18,Vietnam,Phú Quốc,2
2023-08-29,Vietnam,Đồng Hới,1
2023-08-29,Vietnam,Tuy Hoa,1
2023-03-03,Vietnam,Phú Nhuận,1
2023-04-10,Vietnam,Phan Thiết,4
2023-11-10,Vietnam,Nha Trang,8
2023-11-10,Vietnam,Bảo Lộc,1
2023-07-07,Vietnam,Phú Quốc,4
2023-08-28,Vietnam,Phú Quốc,2
2023-03-02,Vietnam,Thủ Dầu Một,1
2023-10-19,Vietnam,Hội An,3
2023-10-19,Vietnam,Quận 1,30
2023-11-11,Vietnam,Hội An,2
2023-11-11,Vietnam,Thanh Xuân,1
2023-10-15,Vietnam,Binh Tan,1
2023-10-15,Vietnam,Phú Quốc,3
2023-10-16,Vietnam,Phan Thiết,16
2023-08-02,Vietnam,Quận 1,23
2023-04-26,Vietnam,Tân Bình,2
2023-08-02,Vietnam,Bình Thạnh,1
2023-10-27,Vietnam,Hạ Long,1
2023-04-11,Vietnam,Hoàn Kiếm,5
2023-04-11,Vietnam,Cầu Giấy,2
2023-08-25,Vietnam,Quận 1,21
2023-08-25,Vietnam,Ba Đình,1
2023-04-20,Vietnam,Sơn Trà,2
2023-04-20,Vietnam,Thủ Đức,1
2023-04-20,Vietnam,Tân Bình,5
2023-07-18,Vietnam,Mai Châu,2
2023-10-14,Vietnam,Ba Đình,3
2023-08-24,Vietnam,Hải Châu,12
2023-08-24,Vietnam,Đồng Hới,1
2023-07-17,Vietnam,Quận 1,17
2023-07-17,Vietnam,Hội An,8
2023-07-17,Vietnam,Sơn Trà,1
2023-08-13,Vietnam,Huế,1
2023-03-01,Vietnam,Quận 1,22
2023-03-15,Vietnam,Ngũ Hành Sơn,2
2023-08-12,Vietnam,Ngũ Hành Sơn,1
2023-04-22,Vietnam,Sơn Trà,1
2023-03-01,Vietnam,Vị Thanh,1
2023-03-01,Vietnam,Huế,1
2023-10-12,Vietnam,Đồng Hới,1
2023-10-12,Vietnam,Hoàn Kiếm,3
2023-07-19,Vietnam,Phan Thiết,7
2023-07-19,Vietnam,Hội An,9
2023-07-19,Vietnam,Đống Đa,1
2023-07-05,Vietnam,Thủ Dầu Một,1
2023-03-14,Vietnam,Ngũ Hành Sơn,3
2023-09-02,Vietnam,Cầu Giấy,1
2023-11-19,Vietnam,Bảo Lộc,1
2023-04-19,Vietnam,Sơn Trà,1
2023-09-16,Vietnam,Hoàn Kiếm,1
2023-05-11,Vietnam,Cầu Giấy,1
2023-05-25,Vietnam,Ba Đình,1
2023-11-16,Vietnam,Phan Thiết,3
2023-11-05,Vietnam,Phan Thiết,11
2023-08-08,Vietnam,Phan Thiết,6
2023-11-16,Vietnam,Ngũ Hành Sơn,2
2023-11-03,Vietnam,Vị Thanh,2
2023-11-03,Vietnam,Thái Bình,2
2023-11-17,Vietnam,Tuy Hoa,2
2023-04-15,Vietnam,Thủ Đức,1
2023-04-06,Vietnam,Sơn Trà,3
2023-10-07,Vietnam,Quận 1,19
2023-03-08,Vietnam,Từ Liêm,1
2023-03-08,Vietnam,Nha Trang,8
2023-08-19,Vietnam,Quận 1,21
2023-05-12,Vietnam,Hạ Long,1
2023-04-14,Vietnam,Hoàn Kiếm,6
2023-08-05,Vietnam,Hương Thủy,4
2023-01-31,Vietnam,Lạng Sơn,1
2023-11-15,Vietnam,Bảo Lộc,1
2023-09-25,Vietnam,Quận 1,24
2023-09-14,Vietnam,Hoàn Kiếm,4
2023-09-28,Vietnam,Quận 2,1
2023-08-07,Vietnam,Quận 7,4
2023-09-14,Vietnam,Mai Châu,1
2023-05-24,Vietnam,Cam Lâm,8
2023-11-01,Vietnam,Cái Răng,1
2023-01-30,Vietnam,Đà Lạt,6
2023-01-30,Vietnam,Quận 7,2
2023-06-30,Vietnam,Sơn Trà,1
2023-06-13,Vietnam,Tân Bình,1
2023-11-12,Vietnam,Quận 3,1
2023-08-06,Vietnam,Tân Bình,2
2023-08-06,Vietnam,Hội An,4
2023-08-06,Vietnam,Phú Quốc,9
2023-09-13,Vietnam,Thăng Bình,2
2023-05-22,Vietnam,Hai Bà Trưng,2
2023-04-02,Vietnam,Quận 1,27
2023-02-21,Vietnam,Việt Trì,2
2023-02-21,Vietnam,Gò Vấp,1
2023-06-01,Vietnam,Cái Răng,1
2023-06-01,Vietnam,Sơn Trà,4
2023-10-30,Vietnam,Đống Đa,1
2023-06-12,Vietnam,Quận 2,1
2023-06-14,Vietnam,Hoàng Mai,1
2023-04-09,Vietnam,Hạ Long,1
2023-05-07,Vietnam,Phú Quốc,2
2023-03-30,Vietnam,Hoàn Kiếm,11
2023-03-30,Vietnam,Phan Thiết,4
2023-01-03,Vietnam,Tân Bình,8
2023-11-09,Vietnam,Cầu Giấy,3
2023-01-24,Vietnam,Ngũ Hành Sơn,2
2023-09-09,Vietnam,Nha Trang,5
2023-05-16,Vietnam,Nha Trang,10
2023-05-16,Vietnam,Vị Thanh,1
2023-01-16,Vietnam,Tây Hồ,1
2023-09-05,Vietnam,Quận 7,2
2023-09-05,Vietnam,Quận 3,2
2023-01-25,Vietnam,Quận 3,1
2023-02-20,Vietnam,Quận 3,4
2023-05-04,Vietnam,Vũng Tàu,1
2023-06-24,Vietnam,Thanh Xuân,1
2023-06-10,Vietnam,Quận 3,1
2023-01-12,Vietnam,Gò Vấp,1
2023-06-25,Vietnam,Sa Pa,3
2023-05-03,Vietnam,Vị Thanh,1
2023-04-30,Vietnam,Đà Lạt,1
2023-03-23,Vietnam,Quận 3,3
2023-03-23,Vietnam,Việt Trì,1
2023-06-06,Vietnam,Nha Trang,10
2023-10-10,Vietnam,Tân Bình,1
2023-02-05,Vietnam,Phú Nhuận,1
2023-02-04,Vietnam,Quận 1,9
2023-03-25,Vietnam,Hội An,3
2023-03-25,Vietnam,Ninh Kiều,1
2023-10-21,Vietnam,Hồng Bàng,1
2023-06-09,Vietnam,Thái Bình,1
2023-08-22,Vietnam,Vũng Tàu,5
2023-10-22,Vietnam,Cầu Giấy,1
2023-03-10,Vietnam,Phan Thiết,4
2023-03-10,Vietnam,Quận 3,1
2023-03-24,Vietnam,Thủ Đức,1
2023-01-06,Vietnam,Bình Thạnh,1
2023-02-12,Vietnam,Ngũ Hành Sơn,2
2023-08-30,Vietnam,Ngũ Hành Sơn,4
2023-01-19,Vietnam,Quận 1,3
2023-06-02,Vietnam,Quận 1,13
2023-06-16,Vietnam,Quận 1,17
2023-06-16,Vietnam,Sơn Trà,3
2023-02-11,Vietnam,Quận 3,1
2023-10-20,Vietnam,Ninh Kiều,3
2023-01-04,Vietnam,Phú Nhuận,1
2023-07-12,Vietnam,Lạng Sơn,1
2023-02-14,Vietnam,Quận 7,1
2023-02-14,Vietnam,Phan Thiết,2
2023-10-31,Vietnam,Quận 1,21
2023-10-31,Vietnam,Quận 7,1
2023-06-04,Vietnam,Hải Châu,2
2023-06-04,Vietnam,Phú Quốc,4
2023-07-11,Vietnam,Quận 7,4
2023-07-11,Vietnam,Hoàn Kiếm,1
2023-07-25,Vietnam,Liên Chiểu,2
2023-10-17,Vietnam,Nha Trang,6
2023-08-01,Vietnam,Cầu Giấy,3
2023-09-22,Vietnam,Sa Pa,2
2023-09-22,Vietnam,Quận 2,1
2023-10-03,Vietnam,Nha Trang,15
2023-08-29,Vietnam,Liên Chiểu,1
2023-03-03,Vietnam,Gò Vấp,2
2023-04-24,Vietnam,Ngũ Hành Sơn,2
2023-11-10,Vietnam,Vũng Tàu,2
2023-09-21,Vietnam,Thanh Xuân,1
2023-07-07,Vietnam,Nha Trang,31
2023-08-14,Vietnam,Quận 3,2
2023-08-28,Vietnam,Vũng Tàu,4
2023-03-02,Vietnam,Hội An,2
2023-11-11,Vietnam,Ninh Kiều,1
2023-04-27,Vietnam,Nha Trang,10
2023-04-27,Vietnam,Liên Chiểu,3
2023-08-03,Vietnam,Đồng Hới,2
2023-09-24,Vietnam,Vũng Tàu,4
2023-10-16,Vietnam,Nha Trang,9
2023-03-05,Vietnam,Thủ Dầu Một,2
2023-04-12,Vietnam,Quận 1,16
2023-10-02,Vietnam,Tân Bình,3
2023-10-02,Vietnam,Phan Thiết,5
2023-08-02,Vietnam,Quận 3,1
2023-08-16,Vietnam,Vị Thanh,1
2023-08-11,Vietnam,Quận 2,1
2023-08-11,Vietnam,Ngũ Hành Sơn,6
2023-11-20,Vietnam,Quận 2,3
2023-03-27,Vietnam,Phú Quốc,3
2023-07-03,Vietnam,Tân Bình,6
2023-10-14,Vietnam,Cam Lâm,1
2023-03-12,Vietnam,Sơn Trà,1
2023-11-21,Vietnam,Tuy Hoa,2
2023-09-20,Vietnam,Phan Thiết,8
2023-02-09,Vietnam,Phan Thiết,1
2023-02-09,Vietnam,Đà Lạt,3
2023-04-22,Vietnam,Thủ Dầu Một,1
2023-08-26,Vietnam,Hội An,2
2023-04-21,Vietnam,Việt Trì,1
2023-07-19,Vietnam,Ngũ Hành Sơn,2
2023-04-05,Vietnam,Nam Định,1
2023-11-19,Vietnam,Hải Châu,7
2023-05-25,Vietnam,Hoà Vang,1
2023-09-15,Vietnam,Mai Châu,1
2023-04-18,Vietnam,Ba Đình,1
2023-11-05,Vietnam,Liên Chiểu,2
2023-04-07,Vietnam,Cam Ranh,1
2023-04-07,Vietnam,Quận 7,1
2023-11-02,Vietnam,Ninh Kiều,2
2023-11-02,Vietnam,Phú Quốc,8
2023-11-16,Vietnam,Huế,1
2023-05-28,Vietnam,Hạ Long,2
2023-11-18,Vietnam,Quận 7,1
2023-05-27,Vietnam,Hạ Long,1
2023-05-27,Vietnam,Phú Quốc,2
2023-01-31,Vietnam,Quận 1,10
2023-09-26,Vietnam,Hạ Long,2
2023-04-14,Vietnam,Tây Hồ,1
2023-08-05,Vietnam,Đồng Hới,1
2023-08-05,Vietnam,Phú Quốc,13
2023-04-28,Vietnam,Đà Lạt,3
2023-11-15,Vietnam,Phan Thiết,4
2023-03-07,Vietnam,Cam Lâm,3
2023-08-18,Vietnam,Phan Thiết,8
2023-10-09,Vietnam,Sa Pa,3
2023-10-09,Vietnam,Ba Đình,1
2023-09-14,Vietnam,Ngũ Hành Sơn,2
2023-09-14,Vietnam,Sóc Sơn,1
2023-05-23,Vietnam,Cam Lâm,12
2023-04-03,Vietnam,Tân Bình,1
2023-09-27,Vietnam,Cầu Giấy,3
2023-03-09,Vietnam,Ngũ Hành Sơn,4
2023-02-22,Vietnam,Binh Tan,1
2023-08-06,Vietnam,Cam Lâm,6
2023-04-02,Vietnam,Đà Lạt,1
2023-06-26,Vietnam,Phan Thiết,13
2023-06-01,Vietnam,Ba Đình,1
2023-06-01,Vietnam,Phú Quốc,2
2023-07-22,Vietnam,Hội An,5
2023-07-22,Vietnam,Sa Pa,1
2023-06-29,Vietnam,Quận 1,21
2023-05-08,Vietnam,Đà Lạt,1
2023-01-14,Vietnam,Cầu Giấy,1
2023-01-02,Vietnam,Nha Trang,14
2023-01-02,Vietnam,Bình Thạnh,1
2023-05-02,Vietnam,Phú Quốc,1
2023-04-08,Vietnam,Quận 1,12
2023-11-09,Vietnam,Liên Chiểu,1
2023-09-06,Vietnam,Gò Vấp,1
2023-07-21,Vietnam,Hoàn Kiếm,5
2023-07-21,Vietnam,Sa Pa,1
2023-05-01,Vietnam,Quận 7,1
2023-01-13,Vietnam,Bình Thạnh,1
2023-11-07,Vietnam,Thanh Xuân,1
2023-11-07,Vietnam,Hoàn Kiếm,3
2023-02-20,Vietnam,Lạng Sơn,1
2023-11-06,Vietnam,Hàm Thuận Nam,1
2023-06-10,Vietnam,Phan Thiết,11
2023-06-25,Vietnam,Quận 1,21
2023-08-21,Vietnam,Cam Lâm,6
2023-10-23,Vietnam,Liên Chiểu,4
2023-03-23,Vietnam,Ninh Kiều,1
2023-03-22,Vietnam,Quận 3,3
2023-07-27,Vietnam,Hai Bà Trưng,1
2023-03-26,Vietnam,Hội An,2
2023-02-19,Vietnam,Hoàng Mai,1
2023-07-16,Vietnam,Huế,1
2023-07-16,Vietnam,Sơn Trà,1
2023-03-25,Vietnam,Ngũ Hành Sơn,3
2023-08-22,Vietnam,Đà Lạt,3
2023-07-15,Vietnam,Quận 1,19
2023-07-01,Vietnam,Tân Bình,5
2023-03-10,Vietnam,Đà Lạt,2
2023-02-03,Vietnam,Phú Nhuận,4
2023-01-06,Vietnam,Cái Răng,1
2023-02-26,Vietnam,Ngũ Hành Sơn,3
2023-08-30,Vietnam,Phan Rang-Tháp Chàm,2
2023-05-09,Vietnam,Hoàn Kiếm,3
2023-10-20,Vietnam,Hội An,1
2023-10-20,Vietnam,Hoàn Kiếm,1
2023-02-25,Vietnam,Hạ Long,1
2023-07-12,Vietnam,Đồng Hới,2
2023-02-14,Vietnam,Ngũ Hành Sơn,4
2023-06-04,Vietnam,Quận 3,1
2023-03-20,Vietnam,Binh Tan,2
2023-03-20,Vietnam,Cam Lâm,7
2023-07-25,Vietnam,Quận 10,1
2023-07-25,Vietnam,Mai Châu,2
2023-08-01,Vietnam,Quận 7,1
2023-09-22,Vietnam,Quận 1,28
2023-10-17,Vietnam,Vũng Tàu,1
2023-10-03,Vietnam,Huế,1
2023-03-18,Vietnam,Liên Chiểu,1
2023-08-15,Vietnam,Phú Quốc,1
2023-08-29,Vietnam,Ba Đình,2
2023-07-08,Vietnam,Hoàn Kiếm,2
2023-11-10,Vietnam,Liên Chiểu,4
2023-10-04,Vietnam,Phú Quốc,2
2023-08-28,Vietnam,Hương Thủy,2
2023-09-10,Vietnam,Quận 1,15
2023-04-23,Vietnam,Tân Bình,1
2023-03-06,Vietnam,Ngũ Hành Sơn,1
2023-03-06,Vietnam,Phú Nhuận,1
2023-08-03,Vietnam,Cầu Giấy,1
2023-10-01,Vietnam,Nha Trang,14
2023-04-12,Vietnam,Hoàn Kiếm,8
2023-10-02,Vietnam,Quận 1,21
2023-08-02,Vietnam,Phan Thiết,6
2023-08-02,Vietnam,Hoàn Kiếm,6
2023-08-16,Vietnam,Hải Châu,15
2023-07-09,Vietnam,Binh Tan,1
2023-02-07,Vietnam,Quận 2,1
2023-04-20,Vietnam,Thái Bình,1
2023-11-20,Vietnam,Bình Thạnh,1
2023-08-10,Vietnam,Đà Lạt,2
2023-08-10,Vietnam,Quận 3,1
2023-09-30,Vietnam,Hải Châu,11
2023-08-13,Vietnam,Tân Bình,9
2023-07-06,Vietnam,Cầu Giấy,3
2023-04-22,Vietnam,Sa Pa,3
2023-04-22,Vietnam,Cam Lâm,3
2023-08-26,Vietnam,Mai Châu,2
2023-08-26,Vietnam,Sa Pa,2
2023-04-05,Vietnam,Tân Bình,3
2023-11-04,Vietnam,Hải Châu,7
2023-09-02,Vietnam,Ngũ Hành Sơn,1
2023-04-19,Vietnam,Binh Tan,1
2023-08-09,Vietnam,Sơn Trà,1
2023-08-09,Vietnam,Mai Châu,2
2023-05-26,Vietnam,Hoàn Kiếm,2
2023-09-01,Vietnam,Mai Châu,2
2023-09-29,Vietnam,Quận 1,24
2023-04-07,Vietnam,Thái Bình,1
2023-11-03,Vietnam,Đà Lạt,4
2023-11-03,Vietnam,Phú Nhuận,1
2023-11-18,Vietnam,Hoàn Kiếm,3
2023-09-19,Vietnam,Bảo Lộc,1
2023-04-15,Vietnam,Quận 1,12
2023-04-06,Vietnam,Quận 3,2
2023-04-29,Vietnam,Quận 1,25
2023-08-19,Vietnam,Phan Thiết,3
2023-10-08,Vietnam,Cam Lâm,2
2023-10-08,Vietnam,Hoàn Kiếm,1
2023-10-08,Vietnam,Phan Thiết,4
2023-09-26,Vietnam,Quận 7,1
2023-04-14,Vietnam,Quận 1,6
2023-04-14,Vietnam,Sa Pa,2
2023-09-11,Vietnam,Thăng Bình,1
2023-04-29,Vietnam,Phan Thiết,1
2023-05-20,Vietnam,Phan Thiết,9
2023-04-28,Vietnam,Cầu Giấy,2
2023-09-12,Vietnam,Sơn Trà,1
2023-11-15,Vietnam,Sa Pa,1
2023-10-06,Vietnam,Quận 1,28
2023-04-16,Vietnam,Quận 1,16
2023-04-16,Vietnam,Sơn Trà,1
2023-01-30,Vietnam,Phú Quốc,1
2023-04-03,Vietnam,Hoàn Kiếm,4
2023-06-30,Vietnam,Hạ Long,2
2023-01-01,Vietnam,Phú Quốc,3
2023-08-06,Vietnam,Hoàn Kiếm,5
2023-09-13,Vietnam,Phú Quốc,1
2023-06-27,Vietnam,Nha Trang,17
2023-05-05,Vietnam,Đống Đa,1
2023-02-10,Vietnam,Liên Chiểu,1
2023-07-22,Vietnam,Sơn Trà,3
2023-06-29,Vietnam,Tân Bình,2
2023-05-19,Vietnam,Sơn Trà,2
2023-06-14,Vietnam,Hoàn Kiếm,4
2023-06-28,Vietnam,Hạ Long,1
2023-06-28,Vietnam,Thanh Xuân,1
2023-05-02,Vietnam,Nha Trang,4
2023-05-02,Vietnam,Từ Liêm,3
2023-03-30,Vietnam,Quận 3,1
2023-02-23,Vietnam,Thủ Dầu Một,1
2023-01-03,Vietnam,Phú Quốc,6
2023-06-23,Vietnam,Hoàn Kiếm,1
2023-06-23,Vietnam,Thanh Xuân,2
2023-04-08,Vietnam,Thủ Dầu Một,1
2023-01-16,Vietnam,Quận 3,3
2023-02-24,Vietnam,Phú Quốc,1
2023-01-11,Vietnam,Quận 1,1
2023-05-01,Vietnam,Sơn Trà,1
2023-01-13,Vietnam,Hải Châu,1
2023-05-18,Vietnam,Thủ Đức,1
2023-06-22,Vietnam,Nha Trang,7
2023-02-20,Vietnam,Ninh Kiều,2
2023-02-20,Vietnam,Bình Thạnh,1
2023-11-06,Vietnam,Liên Chiểu,1
2023-01-27,Vietnam,Đà Lạt,3
2023-01-27,Vietnam,Liên Chiểu,4
2023-07-31,Vietnam,Hải Châu,20
2023-09-07,Vietnam,Quận 1,19
2023-09-07,Vietnam,Ngũ Hành Sơn,1
2023-08-21,Vietnam,Nha Trang,4
2023-07-14,Vietnam,Sơn Trà,3
2023-06-07,Vietnam,Ngũ Hành Sơn,2
2023-02-02,Vietnam,Nam Định,2
2023-02-02,Vietnam,Phan Thiết,1
2023-10-24,Vietnam,Phú Quốc,3
2023-02-01,Vietnam,Cầu Giấy,1
2023-07-27,Vietnam,Hoàn Kiếm,5
2023-02-15,Vietnam,Bình Thạnh,1
2023-03-26,Vietnam,Quận 1,20
2023-07-16,Vietnam,Hội An,5
2023-07-16,Vietnam,Cầu Giấy,2
2023-03-25,Vietnam,Quận 7,1
2023-02-18,Vietnam,Cầu Giấy,2
2023-02-18,Vietnam,Quận 7,1
2023-07-15,Vietnam,Đồng Hới,1
2023-07-29,Vietnam,Ba Đình,1
2023-06-08,Vietnam,Liên Chiểu,1
2023-03-24,Vietnam,Ninh Bình,1
2023-03-24,Vietnam,Cầu Giấy,3
2023-06-02,Vietnam,Hội An,1
2023-05-09,Vietnam,Cầu Giấy,1
2023-02-11,Vietnam,Ba Đình,1
2023-10-20,Vietnam,Mai Châu,1
2023-01-04,Vietnam,Quận 4,1
2023-07-12,Vietnam,Cam Ranh,1
2023-01-08,Vietnam,Quận 1,1
2023-06-19,Vietnam,Phú Quốc,2
2023-03-21,Vietnam,Thái Bình,1
2023-02-28,Vietnam,Cầu Giấy,1
2023-06-04,Vietnam,Thủ Dầu Một,1
2023-07-11,Vietnam,Quận 2,3
2023-03-20,Vietnam,Thủ Dầu Một,3
2023-06-18,Vietnam,Nha Trang,18
2023-08-31,Vietnam,Cam Lâm,4
2023-10-17,Vietnam,Phú Nhuận,1
2023-10-03,Vietnam,Vũng Tàu,3
2023-03-18,Vietnam,Thủ Đức,1
2023-03-03,Vietnam,Quận 9,1
2023-09-21,Vietnam,Quận 3,1
2023-03-17,Vietnam,Quận 1,27
2023-03-17,Vietnam,Đống Đa,2
2023-03-02,Vietnam,Ba Đình,1
2023-10-19,Vietnam,Tây Ninh,1
2023-08-03,Vietnam,Quận 10,1
2023-03-05,Vietnam,Quận 1,14
2023-04-12,Vietnam,Việt Trì,1
2023-03-19,Vietnam,Nha Trang,6
2023-10-02,Vietnam,Hội An,4
2023-10-02,Vietnam,Thủ Đức,1
2023-04-26,Vietnam,Liên Chiểu,2
2023-10-27,Vietnam,Cam Lâm,1
2023-10-13,Vietnam,Thủ Đức,3
2023-10-13,Vietnam,Hội An,1
2023-02-07,Vietnam,Đống Đa,2
2023-07-18,Vietnam,Quận 3,10
2023-11-20,Vietnam,Phan Thiết,5
2023-08-10,Vietnam,Sa Pa,2
2023-03-13,Vietnam,Lạng Sơn,1
2023-03-13,Vietnam,Nam Định,1
2023-07-17,Vietnam,Quận 3,2
2023-10-25,Vietnam,Binh Tan,1
2023-09-20,Vietnam,Phú Quốc,2
2023-10-11,Vietnam,Tân Bình,3
2023-02-09,Vietnam,Hòa Bình,1
2023-08-12,Vietnam,Nha Trang,8
2023-08-12,Vietnam,Huế,2
2023-04-22,Vietnam,Bình Thạnh,1
2023-04-21,Vietnam,Tân Bình,2
2023-10-12,Vietnam,Binh Tan,1
2023-10-12,Vietnam,Liên Chiểu,1
2023-07-05,Vietnam,Sa Pa,1
2023-04-05,Vietnam,Quận 2,2
2023-04-05,Vietnam,Sa Pa,1
2023-09-02,Vietnam,Quận 7,2
2023-09-16,Vietnam,Điện Bàn,2
2023-05-26,Vietnam,Quận 1,17
2023-05-26,Vietnam,Hạ Long,2
2023-05-11,Vietnam,Nam Định,1
2023-01-20,Vietnam,Hội An,2
2023-01-20,Vietnam,Nha Trang,15
2023-11-05,Vietnam,Gò Vấp,1
2023-05-10,Vietnam,Sơn Trà,1
2023-04-07,Vietnam,Nam Định,2
2023-09-18,Vietnam,Hải Châu,12
2023-11-18,Vietnam,Ngũ Hành Sơn,2
2023-09-19,Vietnam,Quận 7,1
2023-09-19,Vietnam,Đà Lạt,1
2023-09-19,Vietnam,Phú Quốc,4
2023-05-27,Vietnam,Quận 7,2
2023-09-03,Vietnam,Hoàn Kiếm,1
2023-10-07,Vietnam,Sa Pa,1
2023-03-08,Vietnam,Phan Thiết,2
2023-09-26,Vietnam,Vũng Tàu,6
2023-04-14,Vietnam,Tân Bình,2
2023-04-14,Vietnam,Qui Nhơn,1
2023-05-20,Vietnam,Liên Chiểu,2
2023-11-15,Vietnam,Tân Bình,6
2023-11-15,Vietnam,Liên Chiểu,3
2023-10-09,Vietnam,Hoàn Kiếm,3
2023-09-28,Vietnam,Ba Đình,1
2023-09-14,Vietnam,Vũng Tàu,5
2023-04-16,Vietnam,Vũng Tàu,1
2023-10-05,Vietnam,Quận 2,1
2023-10-05,Vietnam,Hoàn Kiếm,4
2023-03-09,Vietnam,Hoàn Kiếm,9
2023-03-09,Vietnam,Quận 1,26
2023-03-09,Vietnam,Thái Bình,2
2023-01-01,Vietnam,Cầu Giấy,2
2023-04-02,Vietnam,Hội An,2
2023-06-27,Vietnam,Hoàn Kiếm,5
2023-01-29,Vietnam,Sơn Trà,5
2023-02-10,Vietnam,Phú Nhuận,3
2023-03-31,Vietnam,Quận 1,17
2023-03-31,Vietnam,Hai Bà Trưng,3
2023-06-29,Vietnam,Đống Đa,1
2023-06-29,Vietnam,Quận 7,1
2023-05-08,Vietnam,Hạ Long,1
2023-01-14,Vietnam,Quận 2,1
2023-06-15,Vietnam,Đan Phượng,1
2023-06-15,Vietnam,Quận 4,1
2023-07-20,Vietnam,Hội An,3
2023-02-23,Vietnam,Hải Châu,1
2023-02-23,Vietnam,Quận 2,1
2023-01-03,Vietnam,Quận 1,4
2023-11-09,Vietnam,Phan Thiết,5
2023-01-24,Vietnam,Cầu Giấy,2
2023-09-09,Vietnam,Quận 7,2
2023-09-09,Vietnam,Đà Lạt,1
2023-05-16,Vietnam,Ngũ Hành Sơn,1
2023-07-21,Vietnam,Tân Bình,4
2023-09-05,Vietnam,Cam Lâm,1
2023-09-05,Vietnam,Phan Thiết,4
2023-05-18,Vietnam,Ninh Kiều,1
2023-06-21,Vietnam,Sa Pa,1
2023-05-03,Vietnam,Cam Lâm,3
2023-01-12,Vietnam,Tân Bình,1
2023-06-25,Vietnam,Phú Quốc,1
2023-05-17,Vietnam,Hạ Long,1
2023-09-08,Vietnam,Mai Châu,2
2023-09-07,Vietnam,Vũng Tàu,3
2023-07-30,Vietnam,Đà Lạt,2
2023-07-30,Vietnam,Hội An,4
2023-11-08,Vietnam,Nha Trang,37
2023-02-17,Vietnam,Quận 3,1
2023-08-21,Vietnam,Quận 1,23
2023-03-23,Vietnam,Sơn Trà,1
2023-03-23,Vietnam,Quận 10,1
2023-10-24,Vietnam,Quận 7,1
2023-10-24,Vietnam,Hải Châu,20
2023-01-09,Vietnam,Tân Bình,4
2023-02-01,Vietnam,Hai Bà Trưng,1
2023-06-06,Vietnam,Cam Lâm,6
2023-07-27,Vietnam,Hàm Thuận Nam,1
2023-10-10,Vietnam,Quận 1,18
2023-02-05,Vietnam,Hoàn Kiếm,1
2023-02-05,Vietnam,Gò Vấp,1
2023-07-02,Vietnam,Liên Chiểu,3
2023-02-19,Vietnam,Ba Đình,1
2023-03-11,Vietnam,Quận 7,1
2023-07-16,Vietnam,Sa Pa,2
2023-10-21,Vietnam,Quận 1,20
2023-02-18,Vietnam,Vũng Tàu,1
2023-07-29,Vietnam,Hoàng Mai,1
2023-07-29,Vietnam,Hạ Long,1
2023-03-10,Vietnam,Gò Vấp,1
2023-02-03,Vietnam,Nam Định,2
2023-01-06,Vietnam,Quận 10,2
2023-07-24,Vietnam,Quận 1,24
2023-02-12,Vietnam,Hội An,1
2023-06-17,Vietnam,Phan Thiết,10
2023-08-30,Vietnam,Quận 1,32
2023-06-16,Vietnam,Tây Hồ,2
2023-05-09,Vietnam,Binh Tan,1
2023-02-11,Vietnam,Gò Vấp,1
2023-07-12,Vietnam,Phú Quốc,12
2023-01-04,Vietnam,Phú Quốc,4
2023-07-26,Vietnam,Đức Trọng,1
2023-02-28,Vietnam,Ngũ Hành Sơn,3
2023-01-07,Vietnam,Đà Lạt,1
2023-07-25,Vietnam,Đức Trọng,1
2023-07-25,Vietnam,Cầu Giấy,5
2023-02-13,Vietnam,Ninh Kiều,1
2023-04-25,Vietnam,Đống Đa,1
2023-10-17,Vietnam,Cam Lâm,1
2023-08-01,Vietnam,Thăng Bình,1
2023-03-18,Vietnam,Ngũ Hành Sơn,3
2023-07-08,Vietnam,Hội An,16
2023-09-21,Vietnam,Cam Lâm,1
2023-10-04,Vietnam,Quận 7,3
2023-10-04,Vietnam,Nha Trang,18
2023-03-17,Vietnam,Sơn Trà,1
2023-03-17,Vietnam,Cam Lâm,3
2023-07-07,Vietnam,Lạng Sơn,1
2023-10-19,Vietnam,Hàm Thuận Nam,1
2023-10-29,Vietnam,Phan Thiết,12
2023-04-27,Vietnam,Ngũ Hành Sơn,1
2023-03-06,Vietnam,Thủ Dầu Một,1
2023-08-03,Vietnam,Từ Liêm,1
2023-08-17,Vietnam,Quận 1,22
2023-10-01,Vietnam,Thái Bình,1
2023-10-01,Vietnam,Hoàn Kiếm,6
2023-09-24,Vietnam,Hội An,5
2023-07-09,Vietnam,Nha Trang,35
2023-10-13,Vietnam,Ngũ Hành Sơn,1
2023-07-04,Vietnam,Cầu Giấy,1
2023-08-25,Vietnam,Cầu Giấy,3
2023-04-20,Vietnam,Hội An,2
2023-11-20,Vietnam,Hải Châu,1
2023-03-27,Vietnam,Nha Trang,12
2023-03-13,Vietnam,Nha Trang,10
2023-10-14,Vietnam,Hải Châu,9
2023-07-17,Vietnam,Tây Hồ,1
2023-03-12,Vietnam,Ngũ Hành Sơn,8
2023-03-16,Vietnam,Nha Trang,4
2023-03-16,Vietnam,Cam Lâm,2
2023-10-25,Vietnam,Nha Trang,11
2023-02-09,Vietnam,Ngũ Hành Sơn,1
2023-02-09,Vietnam,Phú Nhuận,3
2023-03-15,Vietnam,Quận 1,17
2023-03-15,Vietnam,Quận 3,9
2023-03-15,Vietnam,Quận 2,1
2023-03-15,Vietnam,Quận 5,1
2023-08-12,Vietnam,Ninh Kiều,2
2023-03-01,Vietnam,Ba Đình,1
2023-02-08,Vietnam,Tân Bình,7
2023-08-26,Vietnam,Đồng Hới,1
2023-10-12,Vietnam,Hàm Thuận Nam,2
2023-07-19,Vietnam,Hải Châu,19
2023-07-05,Vietnam,Cát Hải,1
2023-04-05,Vietnam,Hoàn Kiếm,1
2023-04-05,Vietnam,Hai Bà Trưng,1
2023-04-05,Vietnam,Liên Chiểu,1
2023-09-01,Vietnam,Cam Lâm,1
2023-09-15,Vietnam,Phan Rang-Tháp Chàm,2
2023-04-07,Vietnam,Hội An,1
2023-08-08,Vietnam,Hương Thủy,1
2023-09-29,Vietnam,Đồng Hới,3
2023-11-03,Vietnam,Quận 2,4
2023-11-03,Vietnam,Quận 3,5
2023-11-17,Vietnam,Liên Chiểu,6
2023-06-20,Vietnam,Phan Thiết,8
2023-11-18,Vietnam,Nha Trang,9
2023-09-17,Vietnam,Ngũ Hành Sơn,3
2023-09-03,Vietnam,Mai Châu,1
2023-05-21,Vietnam,Liên Chiểu,2
2023-05-12,Vietnam,Cầu Giấy,1
2023-04-14,Vietnam,Đà Lạt,2
2023-08-05,Vietnam,Sa Pa,1
2023-01-31,Vietnam,Gò Vấp,1
2023-09-11,Vietnam,Phú Quốc,3
2023-04-28,Vietnam,Tân Bình,1
2023-08-04,Vietnam,Nha Trang,24
2023-08-18,Vietnam,Binh Tan,2
2023-11-13,Vietnam,Cam Lâm,2
2023-11-13,Vietnam,Phan Thiết,8
2023-10-06,Vietnam,Ngũ Hành Sơn,1
2023-04-17,Vietnam,Quận 1,7
2023-04-17,Vietnam,Thủ Dầu Một,2
2023-09-14,Vietnam,Sa Pa,2
2023-01-30,Vietnam,Phú Nhuận,2
2023-04-01,Vietnam,Tây Hồ,1
2023-01-01,Vietnam,Tân Bình,8
2023-02-22,Vietnam,Quận 1,19
2023-02-22,Vietnam,Phú Nhuận,1
2023-08-06,Vietnam,Phan Rang-Tháp Chàm,2
2023-09-13,Vietnam,Phan Thiết,7
2023-06-26,Vietnam,Vũng Tàu,1
2023-06-01,Vietnam,Vũng Tàu,2
2023-06-11,Vietnam,Hải Châu,8
2023-06-11,Vietnam,Ba Đình,1
2023-02-10,Vietnam,Quận 9,1
2023-07-22,Vietnam,Quận 3,4
2023-03-31,Vietnam,Tân Bình,2
2023-01-17,Vietnam,Nha Trang,9
2023-06-14,Vietnam,Hoà Vang,1
2023-05-02,Vietnam,Hoàn Kiếm,1
2023-05-07,Vietnam,Phan Thiết,7
2023-03-30,Vietnam,Nha Trang,8
2023-11-09,Vietnam,Ninh Kiều,2
2023-11-09,Vietnam,Ngũ Hành Sơn,2
2023-01-24,Vietnam,Quận 3,1
2023-01-10,Vietnam,Bình Thạnh,1
2023-05-16,Vietnam,Đà Lạt,1
2023-01-28,Vietnam,Hoàn Kiếm,6
2023-01-28,Vietnam,Quận 7,2
2023-02-20,Vietnam,Thủ Dầu Một,1
2023-05-04,Vietnam,Tân Bình,2
2023-05-17,Vietnam,Phan Thiết,13
2023-07-30,Vietnam,Huế,1
2023-05-03,Vietnam,Từ Liêm,1
2023-02-17,Vietnam,Ngũ Hành Sơn,1
2023-07-14,Vietnam,Quận 1,21
2023-07-14,Vietnam,Hoàn Kiếm,2
2023-04-30,Vietnam,Nam Định,3
2023-02-16,Vietnam,Vũng Tàu,1
2023-07-27,Vietnam,Quận 1,16
2023-07-27,Vietnam,Hạ Long,3
2023-02-15,Vietnam,Nha Trang,36
2023-02-15,Vietnam,Gò Vấp,1
2023-07-02,Vietnam,Quận 1,15
2023-07-02,Vietnam,Hai Bà Trưng,1
2023-03-26,Vietnam,Hải Châu,1
2023-08-22,Vietnam,Hương Thủy,1
2023-07-29,Vietnam,Tân Bình,4
2023-07-24,Vietnam,Đồng Hới,1
2023-07-12,Vietnam,Nha Trang,45
2023-06-05,Vietnam,Liên Chiểu,1
2023-01-04,Vietnam,Ninh Kiều,1
2023-06-19,Vietnam,Quận 1,20
2023-01-07,Vietnam,Bình Thạnh,2
2023-07-10,Vietnam,Hội An,11
2023-07-10,Vietnam,Ninh Kiều,1
2023-08-31,Vietnam,Cái Răng,1
2023-08-31,Vietnam,Quận 2,1
2023-09-22,Vietnam,Phú Quốc,2
2023-08-15,Vietnam,Sa Pa,2
2023-08-15,Vietnam,Cam Lâm,5
2023-08-29,Vietnam,Cam Lâm,3
2023-07-08,Vietnam,Tân Bình,3
2023-04-10,Vietnam,Cầu Giấy,2
2023-10-18,Vietnam,Đà Lạt,3
2023-07-07,Vietnam,Phan Thiết,6
2023-07-07,Vietnam,Đà Lạt,3
2023-08-14,Vietnam,Điện Bàn,1
2023-09-10,Vietnam,Ngũ Hành Sơn,1
2023-10-19,Vietnam,Phan Thiết,14
2023-10-19,Vietnam,Bình Thạnh,1
2023-11-11,Vietnam,Cầu Giấy,1
2023-11-11,Vietnam,Phan Thiết,8
2023-04-27,Vietnam,Hòa Bình,1
2023-03-06,Vietnam,Sơn Trà,2
2023-11-22,Vietnam,Quận 1,4
2023-10-16,Vietnam,Cầu Giấy,1
2023-10-16,Vietnam,Liên Chiểu,1
2023-10-16,Vietnam,Ngũ Hành Sơn,1
2023-04-12,Vietnam,Ninh Kiều,3
2023-03-19,Vietnam,Sóc Sơn,1
2023-10-02,Vietnam,Hoàn Kiếm,6
2023-08-02,Vietnam,Hải Châu,16
2023-08-02,Vietnam,Ngũ Hành Sơn,2
2023-04-26,Vietnam,Quận 1,27
2023-08-02,Vietnam,Ninh Kiều,1
2023-10-27,Vietnam,Quận 7,1
2023-10-13,Vietnam,Quận 7,1
2023-08-11,Vietnam,Cái Răng,1
2023-07-04,Vietnam,Quận 1,19
2023-07-04,Vietnam,Hoàn Kiếm,1
2023-03-28,Vietnam,Thủ Dầu Một,1
2023-03-27,Vietnam,Quận 1,18
2023-03-27,Vietnam,Sơn Trà,3
2023-08-10,Vietnam,Ngũ Hành Sơn,2
2023-03-13,Vietnam,Thủ Dầu Một,1
2023-10-14,Vietnam,Cầu Giấy,1
2023-08-24,Vietnam,Hội An,2
2023-07-17,Vietnam,Phú Quốc,7
2023-07-17,Vietnam,Cầu Giấy,4
2023-10-25,Vietnam,Quận 3,1
2023-10-25,Vietnam,Ninh Kiều,1
2023-09-20,Vietnam,Đồng Hới,1
2023-09-30,Vietnam,Hội An,3
2023-10-11,Vietnam,Ba Đình,2
2023-03-15,Vietnam,Binh Tan,1
2023-04-22,Vietnam,Hạ Long,3
2023-04-22,Vietnam,Tân Bình,1
2023-03-29,Vietnam,Hoàng Mai,1
2023-02-08,Vietnam,Phan Thiết,4
2023-02-08,Vietnam,Quận 7,4
2023-08-26,Vietnam,Cầu Giấy,2
2023-05-11,Vietnam,Hải Châu,18
2023-09-15,Vietnam,Hai Bà Trưng,1
2023-09-29,Vietnam,Vũng Tàu,2
2023-09-29,Vietnam,Sầm Sơn,1
2023-09-29,Vietnam,Quận 7,1
2023-11-05,Vietnam,Hội An,4
2023-08-08,Vietnam,Hạ Long,3
2023-11-17,Vietnam,Quận 3,2
2023-11-17,Vietnam,Nha Trang,13
2023-09-17,Vietnam,Phú Quốc,3
2023-05-28,Vietnam,Phú Quốc,2
2023-05-14,Vietnam,Quận 1,8
2023-09-19,Vietnam,Sơn Trà,3
2023-01-22,Vietnam,Quận 7,2
2023-05-27,Vietnam,Sơn Trà,1
2023-05-12,Vietnam,Binh Tan,1
2023-04-15,Vietnam,Nha Trang,9
2023-04-15,Vietnam,Hội An,3
2023-04-29,Vietnam,Ba Đình,3
2023-08-19,Vietnam,Hạ Long,1
2023-04-14,Vietnam,Hạ Long,1
2023-09-11,Vietnam,Hải Châu,15
2023-03-07,Vietnam,Bình Chánh,1
2023-08-04,Vietnam,Cam Lâm,3
2023-08-18,Vietnam,Hải Châu,11
2023-04-13,Vietnam,Hoàn Kiếm,11
2023-04-13,Vietnam,Việt Trì,1
2023-10-09,Vietnam,Đồng Hới,2
2023-11-13,Vietnam,Hoà Vang,1
2023-08-07,Vietnam,Đồng Hới,1
2023-05-24,Vietnam,Hải Châu,6
2023-06-30,Vietnam,Lạng Sơn,1
2023-03-09,Vietnam,Cam Lâm,3
2023-03-09,Vietnam,Ba Đình,1
2023-05-06,Vietnam,Việt Trì,1
2023-05-06,Vietnam,Liên Chiểu,2
2023-06-11,Vietnam,Phú Quốc,3
2023-02-10,Vietnam,Huế,1
2023-10-30,Vietnam,Ninh Kiều,1
2023-05-19,Vietnam,Phan Thiết,9
2023-05-08,Vietnam,Binh Tan,1
2023-05-08,Vietnam,Liên Chiểu,3
2023-01-15,Vietnam,Tân Bình,1
2023-01-14,Vietnam,Sơn Trà,1
2023-01-17,Vietnam,Quận 1,2
2023-06-12,Vietnam,Binh Tan,1
2023-04-09,Vietnam,Hải Châu,1
2023-05-02,Vietnam,Phan Thiết,9
2023-02-23,Vietnam,Ngũ Hành Sơn,1
2023-01-24,Vietnam,Tân Bình,2
2023-05-15,Vietnam,Tân Bình,3
2023-05-15,Vietnam,Ninh Kiều,1
2023-01-10,Vietnam,Tân Bình,3
2023-05-16,Vietnam,Hải Châu,16
2023-05-29,Vietnam,Quận 7,1
2023-09-06,Vietnam,Thủ Đức,1
2023-01-11,Vietnam,Hoàn Kiếm,2
2023-05-01,Vietnam,Hải Châu,18
2023-05-01,Vietnam,Quận 1,13
2023-01-13,Vietnam,Ba Đình,2
2023-01-13,Vietnam,Đống Đa,1
2023-01-28,Vietnam,Sơn Trà,2
2023-05-18,Vietnam,Quận 1,17
2023-02-20,Vietnam,Quận 1,10
2023-11-06,Vietnam,Bảo Lộc,3
2023-06-24,Vietnam,Quận 1,15
2023-06-24,Vietnam,Liên Chiểu,1
2023-01-27,Vietnam,Quận 4,2
2023-09-08,Vietnam,Hoàn Kiếm,1
2023-07-31,Vietnam,Thăng Bình,1
2023-09-07,Vietnam,Hải Châu,9
2023-07-30,Vietnam,Đồng Hới,2
2023-11-08,Vietnam,Thăng Bình,1
2023-10-23,Vietnam,Hội An,1
2023-06-07,Vietnam,Hạ Long,1
2023-07-28,Vietnam,Huế,1
2023-07-28,Vietnam,Đà Lạt,2
2023-02-02,Vietnam,Đống Đa,1
2023-07-27,Vietnam,Đà Lạt,4
2023-10-10,Vietnam,Hội An,2
2023-02-05,Vietnam,Phan Thiết,1
2023-02-05,Vietnam,Liên Chiểu,1
2023-02-19,Vietnam,Phú Nhuận,3
2023-02-19,Vietnam,Vũng Tàu,2
2023-07-16,Vietnam,Quận 1,21
2023-07-16,Vietnam,Tây Hồ,1
2023-07-16,Vietnam,Quận 7,1
2023-02-04,Vietnam,Từ Liêm,1
2023-08-22,Vietnam,Hải Châu,8
2023-08-22,Vietnam,Tân Bình,5
2023-10-22,Vietnam,Quận 3,1
2023-07-29,Vietnam,Sa Pa,1
2023-06-08,Vietnam,Hạ Long,1
2023-03-24,Vietnam,Hội An,2
2023-02-03,Vietnam,Hoàn Kiếm,8
2023-02-03,Vietnam,Đà Lạt,2
2023-08-30,Vietnam,Cam Lâm,3
2023-07-23,Vietnam,Đồng Hới,1
2023-10-20,Vietnam,Đống Đa,1
2023-07-12,Vietnam,Cầu Giấy,2
2023-06-19,Vietnam,Thủ Dầu Một,1
2023-02-14,Vietnam,Quận 10,1
2023-10-31,Vietnam,Cam Lâm,4
2023-03-21,Vietnam,Hội An,1
2023-07-11,Vietnam,Hội An,13
2023-07-11,Vietnam,Đồng Hới,5
2023-07-11,Vietnam,Cầu Giấy,1
2023-03-20,Vietnam,Đống Đa,1
2023-03-20,Vietnam,Phú Quốc,4
2023-08-31,Vietnam,Lào Cai,1
2023-08-31,Vietnam,Mai Châu,1
2023-10-03,Vietnam,Sa Pa,2
2023-03-18,Vietnam,Phan Thiết,3
2023-03-18,Vietnam,Đống Đa,1
2023-08-15,Vietnam,Bảo Lộc,2
2023-04-24,Vietnam,Quận 1,19
2023-10-18,Vietnam,Quận 1,19
2023-08-14,Vietnam,Nha Trang,8
2023-08-14,Vietnam,Hải Châu,3
2023-04-23,Vietnam,Cam Lâm,3
2023-11-11,Vietnam,Quận 1,25
2023-11-11,Vietnam,Hải Châu,9
2023-10-29,Vietnam,Hoàn Kiếm,1
2023-04-27,Vietnam,Cam Lâm,6
2023-08-03,Vietnam,Ba Đình,1
2023-08-03,Vietnam,Phú Quốc,11
2023-08-17,Vietnam,Nha Trang,11
2023-04-26,Vietnam,Nha Trang,7
2023-07-09,Vietnam,Tây Hồ,2
2023-07-09,Vietnam,Ngũ Hành Sơn,3
2023-10-27,Vietnam,Đà Lạt,3
2023-10-27,Vietnam,Thái Bình,2
2023-10-27,Vietnam,Bình Thạnh,1
2023-04-11,Vietnam,Quận 3,2
2023-02-07,Vietnam,Thủ Dầu Một,1
2023-08-11,Vietnam,Cam Lâm,7
2023-08-25,Vietnam,Hội An,2
2023-03-28,Vietnam,Vị Thanh,1
2023-03-28,Vietnam,Hội An,3
2023-10-28,Vietnam,Sa Pa,2
2023-10-28,Vietnam,Cam Lâm,1
2023-10-14,Vietnam,Bình Chánh,1
2023-08-24,Vietnam,Cầu Giấy,1
2023-07-17,Vietnam,Sa Pa,1
2023-03-12,Vietnam,Binh Tan,1
2023-03-16,Vietnam,Ninh Kiều,1
2023-10-25,Vietnam,Vũng Tàu,6
2023-08-27,Vietnam,Quận 3,1
2023-04-22,Vietnam,Đống Đa,2
2023-04-22,Vietnam,Ba Đình,1
2023-03-29,Vietnam,Ngũ Hành Sơn,4
2023-07-05,Vietnam,Tân Bình,4
2023-04-05,Vietnam,Quận 7,1
2023-11-04,Vietnam,Quận 3,1
2023-11-04,Vietnam,Mai Châu,2
2023-11-19,Vietnam,Hội An,1
2023-08-09,Vietnam,Vũng Tàu,6
2023-08-09,Vietnam,Cầu Giấy,1
2023-09-01,Vietnam,Hạ Long,3
2023-09-15,Vietnam,Đà Lạt,1
2023-04-18,Vietnam,Liên Chiểu,1
2023-04-07,Vietnam,Hoàn Kiếm,1
2023-04-07,Vietnam,Hải Châu,1
2023-11-03,Vietnam,Hương Thủy,1
2023-01-23,Vietnam,Vũng Tàu,2
2023-05-14,Vietnam,Vũng Tàu,1
2023-05-27,Vietnam,Tân Bình,2
2023-05-12,Vietnam,Phú Quốc,4
2023-09-17,Vietnam,Quận 2,1
2023-04-06,Vietnam,Vũng Tàu,1
2023-05-21,Vietnam,Quận 7,1
2023-04-14,Vietnam,Phan Thiết,20
2023-04-14,Vietnam,Nha Trang,5
2023-04-14,Vietnam,Hội An,3
2023-11-15,Vietnam,Phú Quốc,7
2023-08-04,Vietnam,Tân Bình,7
2023-08-04,Vietnam,Hai Bà Trưng,1
2023-09-28,Vietnam,Quận 1,27
2023-11-13,Vietnam,Nha Trang,9
2023-10-06,Vietnam,Ninh Kiều,1
2023-09-14,Vietnam,Tân Bình,2
2023-04-16,Vietnam,Hạ Long,1
2023-06-30,Vietnam,Phan Thiết,6
2023-03-09,Vietnam,Sóc Sơn,1
2023-03-09,Vietnam,Hải Châu,3
2023-08-06,Vietnam,Liên Chiểu,1
2023-05-06,Vietnam,Thủ Dầu Một,1
2023-05-06,Vietnam,Hạ Long,1
2023-05-06,Vietnam,Phú Quốc,1
2023-04-01,Vietnam,Quận 1,17
2023-02-21,Vietnam,Hoàn Kiếm,10
2023-02-21,Vietnam,Quận 3,2
2023-02-10,Vietnam,Vị Thanh,1
2023-10-30,Vietnam,Tân Bình,3
2023-07-22,Vietnam,Cam Lâm,1
2023-01-15,Vietnam,Nha Trang,7
2023-01-14,Vietnam,Thủ Dầu Một,1
2023-06-12,Vietnam,Hàm Thuận Nam,1
2023-04-09,Vietnam,Đống Đa,2
2023-06-23,Vietnam,Phan Thiết,10
2023-06-28,Vietnam,Hương Thủy,1
2023-07-20,Vietnam,Cầu Giấy,2
2023-03-30,Vietnam,Vũng Tàu,1
2023-03-30,Vietnam,Đống Đa,1
2023-02-23,Vietnam,Đống Đa,1
2023-05-15,Vietnam,Hội An,2
2023-05-15,Vietnam,Quận 7,1
2023-05-16,Vietnam,Hội An,3
2023-01-16,Vietnam,Hội An,1
2023-09-05,Vietnam,Hội An,1
2023-01-25,Vietnam,Cầu Giấy,4
2023-09-06,Vietnam,Sơn Trà,3
2023-05-01,Vietnam,Nam Định,1
2023-05-18,Vietnam,Phan Rang-Tháp Chàm,1
2023-11-07,Vietnam,Hội An,1
2023-11-07,Vietnam,Vị Thanh,3
2023-11-07,Vietnam,Ngũ Hành Sơn,2
2023-05-04,Vietnam,Quận 3,1
2023-11-06,Vietnam,Quận 1,17
2023-01-26,Vietnam,Quận 1,14
2023-05-17,Vietnam,Ninh Kiều,1
2023-09-08,Vietnam,Phan Thiết,2
2023-09-08,Vietnam,Vũng Tàu,7
2023-07-31,Vietnam,Tân Bình,2
2023-07-30,Vietnam,Hạ Long,1
2023-07-14,Vietnam,Đống Đa,1
2023-07-14,Vietnam,Ninh Kiều,2
2023-07-14,Vietnam,Cam Lâm,1
2023-04-30,Vietnam,Ngũ Hành Sơn,3
2023-10-23,Vietnam,Bảo Lộc,1
2023-10-23,Vietnam,Phan Thiết,13
2023-02-02,Vietnam,Hoàn Kiếm,6
2023-02-16,Vietnam,Hội An,1
2023-02-16,Vietnam,Đà Lạt,1
2023-10-24,Vietnam,Sơn Trà,1
2023-02-01,Vietnam,Quận 1,6
2023-07-27,Vietnam,Ngũ Hành Sơn,2
2023-02-15,Vietnam,Quận 7,1
2023-10-10,Vietnam,Quận 3,1
2023-08-23,Vietnam,Quận 10,1
2023-08-23,Vietnam,Phan Thiết,5
2023-03-26,Vietnam,Sóc Sơn,1
2023-02-19,Vietnam,Từ Liêm,1
2023-03-25,Vietnam,Phan Thiết,2
2023-07-15,Vietnam,Cam Ranh,1
2023-10-22,Vietnam,Sa Pa,2
2023-07-29,Vietnam,Đống Đa,1
2023-03-10,Vietnam,Hội An,1
2023-02-03,Vietnam,Quận 1,7
2023-02-03,Vietnam,Nha Trang,18
2023-02-03,Vietnam,Quận 2,2
2023-07-24,Vietnam,Hạ Long,3
2023-01-05,Vietnam,Sơn Trà,1
2023-02-26,Vietnam,Hoà Vang,1
2023-08-30,Vietnam,Đồng Hới,2
2023-08-30,Vietnam,Phan Thiết,5
2023-07-23,Vietnam,Hội An,2
2023-05-09,Vietnam,Hải Châu,18
2023-02-11,Vietnam,Bình Chánh,1
2023-01-08,Vietnam,Phú Quốc,5
2023-10-31,Vietnam,Vũng Tàu,5
2023-02-28,Vietnam,Sơn Trà,1
2023-04-25,Vietnam,Thủ Dầu Một,2
2023-04-25,Vietnam,Hải Châu,2
2023-10-17,Vietnam,Ngũ Hành Sơn,1
2023-09-22,Vietnam,Cam Lâm,3
2023-09-22,Vietnam,Phan Thiết,6
2023-08-15,Vietnam,Hội An,3
2023-09-21,Vietnam,Đà Lạt,3
2023-09-21,Vietnam,Hội An,3
2023-10-04,Vietnam,Cầu Giấy,1
2023-03-02,Vietnam,Bình Thạnh,1
2023-09-10,Vietnam,Hải Châu,16
2023-09-10,Vietnam,Phú Quốc,3
2023-10-29,Vietnam,Hội An,2
2023-04-27,Vietnam,Hoàn Kiếm,4
2023-08-03,Vietnam,Đà Lạt,1
2023-09-24,Vietnam,Đà Lạt,1
2023-08-02,Vietnam,Hạ Long,1
2023-10-27,Vietnam,Sa Pa,1
2023-10-13,Vietnam,Quận 1,24
2023-10-13,Vietnam,Tây Hồ,1
2023-08-11,Vietnam,Huế,3
2023-08-11,Vietnam,Vũng Tàu,9
2023-04-20,Vietnam,Cam Lâm,6
2023-07-18,Vietnam,Đồng Hới,1
2023-11-20,Vietnam,Ninh Kiều,1
2023-03-27,Vietnam,Quận 3,4
2023-08-24,Vietnam,Ninh Kiều,2
2023-07-17,Vietnam,Nha Trang,39
2023-03-12,Vietnam,Hoàn Kiếm,3
2023-03-16,Vietnam,Sơn Trà,2
2023-10-25,Vietnam,Phan Thiết,13
2023-02-09,Vietnam,Thủ Dầu Một,1
2023-08-12,Vietnam,Phan Thiết,2
2023-04-22,Vietnam,Phan Thiết,1
2023-03-29,Vietnam,Hạ Long,1
2023-08-26,Vietnam,Ngũ Hành Sơn,2
2023-04-21,Vietnam,Phan Thiết,5
2023-09-02,Vietnam,Quận 2,1
2023-01-21,Vietnam,Nha Trang,10
2023-09-01,Vietnam,Sa Pa,1
2023-04-04,Vietnam,Tân Bình,3
2023-04-04,Vietnam,Đống Đa,1
2023-04-18,Vietnam,Hội An,4
2023-04-07,Vietnam,Cam Lâm,5
2023-09-29,Vietnam,Cầu Giấy,1
2023-11-03,Vietnam,Sơn Trà,5
2023-11-03,Vietnam,Binh Tan,1
2023-11-03,Vietnam,Nha Trang,35
2023-11-03,Vietnam,Ngũ Hành Sơn,1
2023-01-23,Vietnam,Phú Nhuận,2
2023-11-17,Vietnam,Hội An,1
2023-06-20,Vietnam,Hoàn Kiếm,3
2023-06-20,Vietnam,Phú Quốc,2
2023-09-17,Vietnam,Ninh Kiều,1
2023-05-14,Vietnam,Nha Trang,15
2023-05-14,Vietnam,Ba Đình,2
2023-09-03,Vietnam,Nha Trang,10
2023-04-15,Vietnam,Tân Bình,3
2023-04-06,Vietnam,Cam Lâm,8
2023-03-08,Vietnam,Ninh Kiều,1
2023-11-01,Vietnam,Liên Chiểu,1
2023-10-08,Vietnam,Nha Trang,7
2023-09-11,Vietnam,Binh Tan,1
2023-04-28,Vietnam,Cam Lâm,8
2023-09-12,Vietnam,Quận 1,25
2023-09-12,Vietnam,Hạ Long,3
2023-11-15,Vietnam,Cam Lâm,1
2023-03-07,Vietnam,Phan Thiết,6
2023-03-07,Vietnam,Ninh Kiều,3
2023-03-07,Vietnam,Vũng Tàu,1
2023-08-04,Vietnam,Liên Chiểu,1
2023-08-18,Vietnam,Hội An,4
2023-08-18,Vietnam,Điện Bàn,1
2023-04-13,Vietnam,Hội An,1
2023-09-28,Vietnam,Nha Trang,14
2023-09-28,Vietnam,Phú Quốc,5
2023-09-28,Vietnam,Ngũ Hành Sơn,1
2023-10-06,Vietnam,Sa Pa,2
2023-10-06,Vietnam,Hạ Long,1
2023-08-07,Vietnam,Đà Lạt,4
2023-04-17,Vietnam,Tân Bình,1
2023-09-27,Vietnam,Quận 3,3
2023-03-09,Vietnam,Sa Pa,3
2023-08-06,Vietnam,Quận 2,2
2023-05-22,Vietnam,Hoàn Kiếm,1
2023-06-01,Vietnam,Hải Châu,7
2023-06-01,Vietnam,Việt Trì,1
2023-06-11,Vietnam,Thủ Dầu Một,1
2023-01-29,Vietnam,Quận 7,1
2023-05-08,Vietnam,Sa Pa,1
2023-06-15,Vietnam,Hoàn Kiếm,4
2023-02-21,Vietnam,Cầu Giấy,2
2023-04-09,Vietnam,Thái Bình,1
2023-02-23,Vietnam,Vũng Tàu,1
2023-02-23,Vietnam,Sơn Trà,1
2023-01-03,Vietnam,Liên Chiểu,1
2023-06-23,Vietnam,Nam Định,1
2023-04-08,Vietnam,Ngũ Hành Sơn,3
2023-05-15,Vietnam,Cầu Giấy,2
2023-09-09,Vietnam,Sơn Trà,1
2023-01-02,Vietnam,Quận 9,1
2023-05-29,Vietnam,Quận 3,1
2023-02-24,Vietnam,Đà Lạt,1
2023-07-21,Vietnam,Hạ Long,4
2023-01-11,Vietnam,Sa Pa,1
2023-01-11,Vietnam,Cầu Giấy,1
2023-05-01,Vietnam,Thủ Dầu Một,1
2023-05-01,Vietnam,Hương Thủy,1
2023-05-18,Vietnam,Hội An,1
2023-06-22,Vietnam,Quận 1,21
2023-11-07,Vietnam,Phú Quốc,7
2023-02-20,Vietnam,Sa Pa,2
2023-02-20,Vietnam,Ngũ Hành Sơn,2
2023-05-04,Vietnam,Liên Chiểu,4
2023-11-06,Vietnam,Sơn Trà,1
2023-11-06,Vietnam,Phan Rang-Tháp Chàm,1
2023-06-24,Vietnam,Sa Pa,1
2023-06-24,Vietnam,Phú Quốc,1
2023-06-25,Vietnam,Liên Chiểu,2
2023-07-31,Vietnam,Quận 2,1
2023-07-30,Vietnam,Sơn Trà,1
2023-02-17,Vietnam,Phan Thiết,3
2023-04-30,Vietnam,Nha Trang,8
2023-07-28,Vietnam,Sóc Sơn,1
2023-03-23,Vietnam,Cam Lâm,6
2023-08-20,Vietnam,Vũng Tàu,2
2023-02-16,Vietnam,Hoàn Kiếm,5
2023-02-01,Vietnam,Nam Định,1
2023-02-15,Vietnam,Vũng Tàu,1
2023-10-10,Vietnam,Hàm Thuận Nam,2
2023-07-02,Vietnam,Ba Đình,1
2023-03-26,Vietnam,Nha Trang,21
2023-02-04,Vietnam,Liên Chiểu,3
2023-03-25,Vietnam,Cam Ranh,1
2023-06-09,Vietnam,Quận 1,20
2023-06-09,Vietnam,Phú Quốc,6
2023-07-01,Vietnam,Nha Trang,21
2023-07-01,Vietnam,Hoàn Kiếm,3
2023-10-22,Vietnam,Phú Quốc,2
2023-03-10,Vietnam,Từ Liêm,1
2023-07-24,Vietnam,Sa Pa,1
2023-07-24,Vietnam,Thăng Bình,2
2023-07-23,Vietnam,Cái Răng,3
2023-02-25,Vietnam,Thái Bình,1
2023-06-05,Vietnam,Hoàn Kiếm,2
2023-01-04,Vietnam,Hội An,1
2023-07-12,Vietnam,Ngũ Hành Sơn,10
2023-07-26,Vietnam,Vũng Tàu,4
2023-02-14,Vietnam,Sơn Trà,1
2023-02-28,Vietnam,Quận 3,1
2023-06-04,Vietnam,Cam Lâm,10
2023-07-10,Vietnam,Cầu Giấy,1
2023-07-25,Vietnam,Thăng Bình,2
2023-10-17,Vietnam,Ninh Kiều,3
2023-08-01,Vietnam,Hải Châu,11
2023-08-01,Vietnam,Tây Hồ,1
2023-03-18,Vietnam,Thái Bình,1
2023-08-29,Vietnam,Bình Chánh,1
2023-07-08,Vietnam,Ngũ Hành Sơn,7
2023-07-07,Vietnam,Tân Bình,3
2023-10-19,Vietnam,Mai Châu,1
2023-04-23,Vietnam,Hoàn Kiếm,2
2023-11-22,Vietnam,Hội An,1
2023-09-24,Vietnam,Ngũ Hành Sơn,2
2023-10-02,Vietnam,Hải Châu,18
2023-11-20,Vietnam,Hạ Long,2
2023-03-27,Vietnam,Ngũ Hành Sơn,8
2023-03-27,Vietnam,Hội An,1
2023-07-03,Vietnam,Thủ Dầu Một,2
2023-08-24,Vietnam,Sơn Trà,2
2023-08-24,Vietnam,Cam Lâm,2
2023-08-24,Vietnam,Ngũ Hành Sơn,11
2023-03-12,Vietnam,Sa Pa,1
2023-11-21,Vietnam,Hoàn Kiếm,4
2023-10-25,Vietnam,Quận 7,3
2023-10-25,Vietnam,Ba Đình,1
2023-09-30,Vietnam,Quận 1,19
2023-09-30,Vietnam,Hoàn Kiếm,2
2023-10-11,Vietnam,Quận 7,1
2023-08-13,Vietnam,Hoàn Kiếm,3
2023-07-06,Vietnam,Quận 2,1
2023-03-29,Vietnam,Quận 1,11
2023-03-29,Vietnam,Tân Bình,2
2023-03-01,Vietnam,Lạng Sơn,3
2023-03-01,Vietnam,Hội An,4
2023-02-08,Vietnam,Phú Nhuận,1
2023-08-26,Vietnam,Đà Lạt,2
2023-10-12,Vietnam,Cầu Giấy,1
2023-09-02,Vietnam,Hội An,4
2023-08-09,Vietnam,Nha Trang,21
2023-05-26,Vietnam,Phú Quốc,3
2023-05-11,Vietnam,Quận 1,16
2023-05-11,Vietnam,Quận 2,1
2023-09-01,Vietnam,Phan Thiết,1
2023-01-20,Vietnam,Quận 4,1
2023-09-29,Vietnam,Nha Trang,14
2023-05-10,Vietnam,Phan Thiết,6
2023-08-08,Vietnam,Quận 10,1
2023-08-08,Vietnam,Hội An,1
2023-11-02,Vietnam,Quận 7,2
2023-11-03,Vietnam,Đồng Hới,3
2023-09-18,Vietnam,Cam Lâm,1
2023-09-03,Vietnam,Hội An,3
2023-11-14,Vietnam,Hoàn Kiếm,6
2023-04-15,Vietnam,Cam Lâm,6
2023-10-07,Vietnam,Đồng Hới,1
2023-09-26,Vietnam,Phú Nhuận,1
2023-04-14,Vietnam,Ninh Kiều,1
2023-08-05,Vietnam,Sơn Trà,1
2023-08-05,Vietnam,Thăng Bình,1
2023-04-29,Vietnam,Ngũ Hành Sơn,1
2023-04-29,Vietnam,Đà Lạt,1
2023-05-20,Vietnam,Ba Đình,1
2023-05-20,Vietnam,Phú Quốc,4
2023-04-28,Vietnam,Sơn Trà,2
2023-09-12,Vietnam,Quận 7,3
2023-09-12,Vietnam,Đồng Hới,1
2023-03-07,Vietnam,Nam Định,1
2023-08-18,Vietnam,Hoàn Kiếm,2
2023-09-28,Vietnam,Hải Châu,11
2023-04-03,Vietnam,Cam Lâm,4
2023-09-27,Vietnam,Huế,1
2023-06-13,Vietnam,Hoàn Kiếm,3
2023-03-09,Vietnam,Cầu Giấy,1
2023-11-12,Vietnam,Nha Trang,15
2023-11-12,Vietnam,Ninh Kiều,1
2023-08-06,Vietnam,Sa Pa,3
2023-09-13,Vietnam,Hạ Long,1
2023-05-22,Vietnam,Hạ Long,1
2023-06-27,Vietnam,Phú Quốc,5
2023-02-21,Vietnam,Phan Thiết,1
2023-02-10,Vietnam,Nha Trang,15
2023-10-30,Vietnam,Đà Lạt,7
2023-01-29,Vietnam,Quận 1,5
2023-07-22,Vietnam,Cái Răng,1
2023-06-14,Vietnam,Phan Thiết,16
2023-06-15,Vietnam,Phú Quốc,4
2023-05-02,Vietnam,Hội An,2
2023-05-07,Vietnam,Hải Châu,15
2023-03-30,Vietnam,Ninh Kiều,3
2023-02-23,Vietnam,Ninh Kiều,2
2023-01-24,Vietnam,Vũng Tàu,2
2023-05-15,Vietnam,Nha Trang,3
2023-05-29,Vietnam,Phan Thiết,12
2023-01-25,Vietnam,Hoàn Kiếm,2
2023-02-24,Vietnam,Tan Phu,1
2023-05-18,Vietnam,Hoàn Kiếm,2
2023-11-07,Vietnam,Sa Pa,1
2023-11-07,Vietnam,Tân Bình,5
2023-09-08,Vietnam,Ngũ Hành Sơn,1
2023-11-08,Vietnam,Cam Lâm,2
2023-02-17,Vietnam,Quận 1,16
2023-08-21,Vietnam,Quận 2,1
2023-08-21,Vietnam,Quận 7,1
2023-07-14,Vietnam,Quận 7,3
2023-02-02,Vietnam,Nha Trang,21
2023-08-20,Vietnam,Quận 1,23
2023-10-24,Vietnam,Quận 2,1
2023-07-13,Vietnam,Phan Thiết,7
2023-01-09,Vietnam,Quận 4,1
2023-06-06,Vietnam,Quận 3,1
2023-10-21,Vietnam,Hội An,2
2023-10-21,Vietnam,Cầu Giấy,1
2023-06-09,Vietnam,Phan Thiết,23
2023-08-22,Vietnam,Hoàn Kiếm,3
2023-02-18,Vietnam,Quận 3,2
2023-07-29,Vietnam,Nha Trang,6
2023-07-29,Vietnam,Phan Thiết,6
2023-06-08,Vietnam,Tân Bình,2
2023-02-27,Vietnam,Phan Thiết,1
2023-08-30,Vietnam,Quận 7,2
2023-07-23,Vietnam,Quận 1,17
2023-06-02,Vietnam,Thủ Dầu Một,2
2023-06-16,Vietnam,Phan Thiết,10
2023-10-20,Vietnam,Vũng Tàu,1
2023-01-04,Vietnam,Tan Phu,1
2023-01-08,Vietnam,Đà Lạt,1
2023-07-26,Vietnam,Mai Châu,1
2023-02-14,Vietnam,Việt Trì,1
2023-10-31,Vietnam,Sa Pa,6
2023-06-04,Vietnam,Nha Trang,4
2023-06-18,Vietnam,Hoàn Kiếm,1
2023-07-25,Vietnam,Cam Lâm,2
2023-02-13,Vietnam,Tân Bình,5
2023-04-25,Vietnam,Hạ Long,4
2023-03-04,Vietnam,Phú Quốc,1
2023-03-04,Vietnam,Quận 2,2
2023-05-31,Vietnam,Đống Đa,1
2023-04-24,Vietnam,Ninh Kiều,1
2023-09-21,Vietnam,Nha Trang,20
2023-10-04,Vietnam,Hải Châu,12
2023-03-17,Vietnam,Phan Thiết,1
2023-03-17,Vietnam,Phan Rang-Tháp Chàm,1
2023-05-30,Vietnam,Nha Trang,4
2023-07-07,Vietnam,Đồng Hới,1
2023-08-14,Vietnam,Ngũ Hành Sơn,4
2023-08-28,Vietnam,Hải Châu,7
2023-04-27,Vietnam,Phan Thiết,5
2023-10-15,Vietnam,Nha Trang,20
2023-08-03,Vietnam,Nha Trang,11
2023-08-17,Vietnam,Mai Châu,2
2023-10-16,Vietnam,Cam Lâm,1
2023-08-02,Vietnam,Vũng Tàu,7
2023-09-23,Vietnam,Hội An,1
2023-09-23,Vietnam,Quận 1,19
2023-09-23,Vietnam,Phan Thiết,6
2023-08-16,Vietnam,Ngũ Hành Sơn,3
2023-02-07,Vietnam,Hội An,1
2023-11-20,Vietnam,Nam Định,1
2023-03-13,Vietnam,Binh Tan,1
2023-10-28,Vietnam,Nha Trang,12
2023-03-12,Vietnam,Quận 1,18
2023-09-20,Vietnam,Mai Châu,1
2023-10-11,Vietnam,Ngũ Hành Sơn,3
2023-08-13,Vietnam,Hải Châu,7
2023-10-26,Vietnam,Đà Lạt,5
2023-07-06,Vietnam,Cam Lâm,1
2023-03-01,Vietnam,Cầu Giấy,1
2023-02-08,Vietnam,Binh Tan,1
2023-04-21,Vietnam,Đà Lạt,1
2023-10-12,Vietnam,Hội An,1
2023-07-19,Vietnam,Quận 2,1
2023-09-02,Vietnam,Phú Quốc,3
2023-09-16,Vietnam,Phan Thiết,4
2023-05-26,Vietnam,Nha Trang,5
2023-09-15,Vietnam,Nha Trang,7
2023-11-05,Vietnam,Sơn Trà,3
2023-04-07,Vietnam,Gò Vấp,1
2023-08-08,Vietnam,Nha Trang,30
2023-08-08,Vietnam,Vũng Tàu,5
2023-11-16,Vietnam,Thanh Xuân,1
2023-11-18,Vietnam,Phú Quốc,2
2023-05-28,Vietnam,Sa Pa,2
2023-05-12,Vietnam,Tân Bình,3
2023-04-06,Vietnam,Hoàn Kiếm,6
2023-03-08,Vietnam,Hoàn Kiếm,7
2023-03-08,Vietnam,Ba Đình,1
2023-08-19,Vietnam,Hương Thủy,6
2023-04-14,Vietnam,Sơn Trà,2
2023-09-11,Vietnam,Ba Đình,2
2023-05-20,Vietnam,Tân Bình,2
2023-09-12,Vietnam,Quận 3,3
2023-11-15,Vietnam,Phong Điền,1
2023-08-04,Vietnam,Hải Châu,10
2023-08-04,Vietnam,Cầu Giấy,2
2023-08-18,Vietnam,Hạ Long,1
2023-09-25,Vietnam,Hoàn Kiếm,7
2023-09-14,Vietnam,Binh Tan,2
2023-11-01,Vietnam,Quận 2,3
2023-05-23,Vietnam,Quận 1,21
2023-06-30,Vietnam,Quận 9,1
2023-09-27,Vietnam,Mai Châu,2
2023-11-12,Vietnam,Sa Pa,12
2023-05-06,Vietnam,Cam Lâm,7
2023-05-06,Vietnam,Cầu Giấy,1
2023-05-06,Vietnam,Sơn Trà,1
2023-09-13,Vietnam,Mai Châu,1
2023-05-22,Vietnam,Quận 1,13
2023-04-02,Vietnam,Hai Bà Trưng,1
2023-02-21,Vietnam,Thủ Dầu Một,1
2023-06-01,Vietnam,Cam Lâm,4
2023-06-11,Vietnam,Quận 2,1
2023-10-30,Vietnam,Sơn Trà,1
2023-10-30,Vietnam,Binh Tan,1
2023-05-05,Vietnam,Nam Định,2
2023-05-05,Vietnam,Ba Đình,1
2023-05-08,Vietnam,Ba Đình,2
2023-01-15,Vietnam,Đà Lạt,2
2023-01-14,Vietnam,Đống Đa,2
2023-01-02,Vietnam,Quận 4,1
2023-06-15,Vietnam,Đà Lạt,3
2023-04-09,Vietnam,Nam Định,1
2023-06-28,Vietnam,Phan Thiết,8
2023-03-30,Vietnam,Quận 1,21
2023-03-30,Vietnam,Thủ Dầu Một,1
2023-01-03,Vietnam,Đà Lạt,1
2023-05-15,Vietnam,Hoà Vang,1
2023-09-09,Vietnam,Phú Quốc,3
2023-05-16,Vietnam,Cam Ranh,1
2023-01-25,Vietnam,Nha Trang,11
2023-09-06,Vietnam,Hội An,1
2023-09-06,Vietnam,Quận 1,19
2023-07-21,Vietnam,Quận 1,21
2023-01-13,Vietnam,Tân Bình,3
2023-05-18,Vietnam,Ba Đình,1
2023-05-04,Vietnam,Ba Đình,1
2023-06-21,Vietnam,Hải Châu,11
2023-06-24,Vietnam,Sơn Trà,3
2023-01-27,Vietnam,Hoàn Kiếm,5
2023-01-27,Vietnam,Quận 7,3
2023-01-27,Vietnam,Gò Vấp,1
2023-11-08,Vietnam,Ngũ Hành Sơn,1
2023-01-26,Vietnam,Phú Nhuận,2
2023-02-17,Vietnam,Quận 10,2
2023-04-30,Vietnam,Hoàn Kiếm,2
2023-10-23,Vietnam,Quận 3,1
2023-10-23,Vietnam,Hải Châu,11
2023-03-23,Vietnam,Nha Trang,31
2023-10-24,Vietnam,Quận 3,2
2023-10-24,Vietnam,Liên Chiểu,4
2023-01-09,Vietnam,Quận 1,6
2023-02-01,Vietnam,Quận 7,3
2023-03-22,Vietnam,Sơn Trà,1
2023-03-22,Vietnam,Cầu Giấy,3
2023-07-27,Vietnam,Sóc Sơn,1
2023-02-15,Vietnam,Phú Nhuận,3
2023-10-10,Vietnam,Nha Trang,10
2023-03-26,Vietnam,Ba Đình,1
2023-02-19,Vietnam,Nha Trang,22
2023-02-19,Vietnam,Cầu Giấy,1
2023-02-04,Vietnam,Tân Bình,3
2023-08-22,Vietnam,Đống Đa,1
2023-08-22,Vietnam,Mai Châu,2
2023-02-18,Vietnam,Sơn Trà,1
2023-10-22,Vietnam,Quận 2,1
2023-03-24,Vietnam,Nha Trang,17
2023-08-30,Vietnam,Ninh Kiều,1
2023-10-20,Vietnam,Cầu Giấy,2
2023-06-05,Vietnam,Cam Lâm,10
2023-01-08,Vietnam,Tan Phu,1
2023-06-19,Vietnam,Đống Đa,1
2023-06-19,Vietnam,Hội An,1
2023-06-19,Vietnam,Tây Hồ,1
2023-10-31,Vietnam,Ngũ Hành Sơn,2
2023-02-14,Vietnam,Quận 2,2
2023-02-28,Vietnam,Quận 1,10
2023-02-28,Vietnam,Liên Chiểu,3
2023-08-31,Vietnam,Hoàn Kiếm,2
2023-04-25,Vietnam,Phú Quốc,2
2023-04-25,Vietnam,Hội An,1
2023-08-01,Vietnam,Tân Bình,2
2023-08-01,Vietnam,Quận 10,1
2023-08-01,Vietnam,Đồng Hới,1
2023-07-08,Vietnam,Hải Châu,29
2023-03-03,Vietnam,Tân Bình,1
2023-04-10,Vietnam,Quận 2,1
2023-11-10,Vietnam,Cam Lâm,2
2023-03-17,Vietnam,Nha Trang,4
2023-05-30,Vietnam,Thủ Đức,1
2023-03-06,Vietnam,Liên Chiểu,1
2023-10-15,Vietnam,Sa Pa,4
2023-10-15,Vietnam,Đống Đa,2
2023-08-17,Vietnam,Huế,1
2023-08-17,Vietnam,Ba Đình,2
2023-08-17,Vietnam,Tân Bình,1
2023-10-01,Vietnam,Hội An,7
2023-03-19,Vietnam,Quận 3,5
2023-04-26,Vietnam,Việt Trì,1
2023-09-23,Vietnam,Sa Pa,1
2023-09-23,Vietnam,Quận 7,1
2023-08-16,Vietnam,Nha Trang,8
2023-10-27,Vietnam,Huế,1
2023-07-04,Vietnam,Sơn Trà,1
2023-07-04,Vietnam,Cam Lâm,4
2023-04-20,Vietnam,Quận 1,17
2023-03-28,Vietnam,Sơn Trà,1
2023-03-28,Vietnam,Hạ Long,1
2023-11-20,Vietnam,Quận 7,1
2023-07-03,Vietnam,Ngũ Hành Sơn,2
2023-07-17,Vietnam,Quận 5,1
2023-11-21,Vietnam,Lạng Sơn,1
2023-03-16,Vietnam,Binh Tan,1
2023-08-27,Vietnam,Quận 1,12
2023-08-27,Vietnam,Hương Thủy,1
2023-10-26,Vietnam,Quận 7,1
2023-10-26,Vietnam,Binh Tan,1
2023-03-01,Vietnam,Thủ Dầu Một,2
2023-10-12,Vietnam,Hoà Vang,1
2023-11-19,Vietnam,Quận 7,2
2023-04-19,Vietnam,Hạ Long,1
2023-08-09,Vietnam,Ninh Kiều,1
2023-08-09,Vietnam,Sa Pa,4
2023-05-25,Vietnam,Nha Trang,6
2023-09-01,Vietnam,Ba Đình,2
2023-09-01,Vietnam,Phan Rang-Tháp Chàm,1
2023-04-04,Vietnam,Quận 1,12
2023-04-04,Vietnam,Ninh Kiều,1
2023-01-20,Vietnam,Đống Đa,1
2023-09-29,Vietnam,Phan Thiết,6
2023-08-08,Vietnam,Hải Châu,11
2023-11-02,Vietnam,Đà Lạt,5
2023-11-02,Vietnam,Quận 2,1
2023-05-28,Vietnam,Hoàn Kiếm,1
2023-11-03,Vietnam,Tân Bình,7
2023-05-14,Vietnam,Thủ Đức,1
2023-05-27,Vietnam,Quận 1,6
2023-03-08,Vietnam,Hòa Bình,1
2023-09-26,Vietnam,Mai Châu,1
2023-09-26,Vietnam,Hải Châu,14
2023-08-05,Vietnam,Hạ Long,1
2023-09-11,Vietnam,Hoàn Kiếm,1
2023-09-25,Vietnam,Quận 7,3
2023-09-28,Vietnam,Quận 7,2
2023-08-07,Vietnam,Cầu Giấy,2
2023-04-17,Vietnam,Hội An,2
2023-04-17,Vietnam,Cam Lâm,4
2023-09-14,Vietnam,Phan Thiết,2
2023-04-16,Vietnam,Quận 3,2
2023-10-05,Vietnam,Sơn Trà,1
2023-06-13,Vietnam,Phan Thiết,17
2023-08-06,Vietnam,Quận 1,27
2023-05-06,Vietnam,Hoàn Kiếm,2
2023-06-26,Vietnam,Hoàn Kiếm,3
2023-05-05,Vietnam,Quận 3,1
2023-05-19,Vietnam,Phú Quốc,6
2023-03-31,Vietnam,Phan Thiết,7
2023-01-02,Vietnam,Binh Tan,1
2023-06-14,Vietnam,Lạng Sơn,1
2023-06-15,Vietnam,Tân Bình,4
2023-11-09,Vietnam,Tân Bình,1
2023-01-16,Vietnam,Bình Thạnh,1
2023-01-16,Vietnam,Gò Vấp,2
2023-05-29,Vietnam,Quận 1,8
2023-09-06,Vietnam,Thái Bình,2
2023-05-01,Vietnam,Cầu Giấy,3
2023-09-05,Vietnam,Ba Đình,1
2023-05-18,Vietnam,Nha Trang,13
2023-06-22,Vietnam,Hoàn Kiếm,2
2023-01-12,Vietnam,Cầu Giấy,1
2023-01-26,Vietnam,Vũng Tàu,6
2023-07-30,Vietnam,Cát Hải,1
2023-07-14,Vietnam,Hội An,8
2023-07-14,Vietnam,Mai Châu,1
2023-10-23,Vietnam,Sơn Trà,1
2023-02-02,Vietnam,Quận 3,1
2023-02-16,Vietnam,Ninh Kiều,3
2023-07-13,Vietnam,Hạ Long,4
2023-01-09,Vietnam,Ninh Kiều,1
2023-02-01,Vietnam,Thủ Dầu Một,1
2023-07-27,Vietnam,Bảo Lộc,1
2023-03-25,Vietnam,Sóc Sơn,1
2023-02-18,Vietnam,Thủ Đức,2
2023-03-10,Vietnam,Quận 7,1
2023-03-24,Vietnam,Phú Quốc,4
2023-01-06,Vietnam,Quận 7,1
2023-06-17,Vietnam,Cái Răng,3
2023-07-23,Vietnam,Quận 3,5
2023-06-16,Vietnam,Hạ Long,5
2023-10-20,Vietnam,Nha Trang,7
2023-10-20,Vietnam,Phan Thiết,6
2023-02-25,Vietnam,Ninh Kiều,3
2023-01-04,Vietnam,Từ Liêm,1
2023-07-12,Vietnam,Ninh Kiều,3
2023-01-07,Vietnam,Tân Bình,1
2023-01-07,Vietnam,Cầu Giấy,2
2023-07-25,Vietnam,Đà Lạt,1
2023-02-13,Vietnam,Hoàn Kiếm,1
2023-04-25,Vietnam,Liên Chiểu,3
2023-09-22,Vietnam,Hải Châu,12
2023-10-03,Vietnam,Cầu Giấy,6
2023-03-04,Vietnam,Ba Đình,1
2023-08-29,Vietnam,Quận 5,1
2023-08-29,Vietnam,Vũng Tàu,1
2023-04-10,Vietnam,Quận 1,11
2023-04-24,Vietnam,Vị Thanh,2
2023-04-24,Vietnam,Sơn Trà,1
2023-10-04,Vietnam,Quận 2,2
2023-10-18,Vietnam,Hoà Vang,1
2023-05-30,Vietnam,Cầu Giấy,1
2023-07-07,Vietnam,Cầu Giấy,9
2023-03-02,Vietnam,Hai Bà Trưng,1
2023-09-10,Vietnam,Nha Trang,5
2023-09-10,Vietnam,Hai Bà Trưng,1
2023-10-19,Vietnam,Cầu Giấy,2
2023-11-11,Vietnam,Hạ Long,2
2023-10-29,Vietnam,Ninh Kiều,1
2023-03-06,Vietnam,Vũng Tàu,1
2023-09-10,Vietnam,Cam Lâm,3
2023-10-15,Vietnam,Đà Lạt,2
2023-08-03,Vietnam,Hội An,15
2023-10-01,Vietnam,Sơn Trà,1
2023-04-12,Vietnam,Binh Tan,2
2023-03-19,Vietnam,Quận 10,1
2023-04-26,Vietnam,Vị Thanh,1
2023-08-16,Vietnam,Đà Lạt,1
2023-04-11,Vietnam,Quận 10,1
2023-02-07,Vietnam,Nha Trang,27
2023-02-07,Vietnam,Phú Quốc,2
2023-04-20,Vietnam,Ninh Kiều,2
2023-03-28,Vietnam,Quận 3,2
2023-03-13,Vietnam,Hội An,1
2023-07-03,Vietnam,Quận 3,1
2023-07-17,Vietnam,Quận 2,1
2023-02-09,Vietnam,Liên Chiểu,1
2023-08-27,Vietnam,Đồng Hới,1
2023-07-06,Vietnam,Hoàn Kiếm,2
2023-07-06,Vietnam,Phan Thiết,3
2023-03-15,Vietnam,Phan Thiết,2
2023-08-12,Vietnam,Đà Lạt,2
2023-10-12,Vietnam,Đức Trọng,1
2023-07-19,Vietnam,Hương Thủy,1
2023-05-11,Vietnam,Cam Lâm,2
2023-09-15,Vietnam,Phan Thiết,12
2023-11-16,Vietnam,Quận 2,1
2023-11-05,Vietnam,Quận 1,17
2023-05-10,Vietnam,Ngũ Hành Sơn,2
2023-08-08,Vietnam,Điện Bàn,1
2023-11-02,Vietnam,Tân Bình,4
2023-05-28,Vietnam,Cam Lâm,7
2023-11-17,Vietnam,Quận 2,7
2023-11-18,Vietnam,Bảo Lộc,1
2023-05-27,Vietnam,Nha Trang,6
2023-05-12,Vietnam,Ngũ Hành Sơn,5
2023-05-12,Vietnam,Sa Pa,1
2023-04-06,Vietnam,Binh Tan,2
2023-08-19,Vietnam,Sơn Trà,1
2023-08-05,Vietnam,Vũng Tàu,3
2023-10-08,Vietnam,Đồng Hới,1
2023-09-26,Vietnam,Phan Thiết,2
2023-04-14,Vietnam,Lạng Sơn,1
2023-04-14,Vietnam,Cam Lâm,6
2023-09-11,Vietnam,Ngũ Hành Sơn,1
2023-09-12,Vietnam,Cầu Giấy,1
2023-08-04,Vietnam,Nam Định,1
2023-09-25,Vietnam,Phú Quốc,4
2023-09-28,Vietnam,Sa Pa,1
2023-04-17,Vietnam,Sa Pa,1
2023-04-16,Vietnam,Cam Ranh,1
2023-11-01,Vietnam,Đà Lạt,2
2023-06-30,Vietnam,Quận 7,1
2023-06-13,Vietnam,Hội An,3
2023-02-22,Vietnam,Liên Chiểu,3
2023-08-06,Vietnam,Huế,2
2023-05-06,Vietnam,Quận 1,22
2023-06-26,Vietnam,Ninh Kiều,1
2023-01-18,Vietnam,Nha Trang,11
2023-02-10,Vietnam,Đà Lạt,2
2023-05-05,Vietnam,Hải Châu,19
2023-06-29,Vietnam,Phú Quốc,4
2023-04-09,Vietnam,Hoàn Kiếm,3
2023-06-28,Vietnam,Hải Châu,1
2023-07-20,Vietnam,Phan Thiết,1
2023-05-07,Vietnam,Hội An,2
2023-06-23,Vietnam,Quận 1,11
2023-06-23,Vietnam,Đà Lạt,5
2023-04-08,Vietnam,Sơn Trà,1
2023-04-08,Vietnam,Phan Thiết,3
2023-11-09,Vietnam,Xuyên Mộc,4
2023-05-15,Vietnam,Đà Lạt,2
2023-01-10,Vietnam,Quận 1,5
2023-02-24,Vietnam,Quận 1,7
2023-05-01,Vietnam,Đống Đa,1
2023-01-13,Vietnam,Nha Trang,12
2023-06-22,Vietnam,Ngũ Hành Sơn,2
2023-11-06,Vietnam,Xuyên Mộc,2
2023-05-17,Vietnam,Quận 3,4
2023-01-26,Vietnam,Tân Bình,1
2023-10-24,Cambodia,Phnom Penh,5
2023-02-15,Cambodia,Phnom Penh,1
2023-03-26,Cambodia,Ruessei Kaev,1
2023-03-11,Cambodia,Mittakpheap,1
2023-07-29,Cambodia,Phnom Penh,2
2023-06-08,Cambodia,Chantrea,1
2023-01-04,Cambodia,Mittakpheap,1
2023-02-13,Cambodia,Mittakpheap,2
2023-10-15,Cambodia,Mittakpheap,4
2023-08-17,Cambodia,Phnom Penh,2
2023-10-01,Cambodia,Phnom Penh,3
2023-03-19,Cambodia,Phnom Penh,1
2023-09-23,Cambodia,Mittakpheap,3
2023-07-09,Cambodia,Phnom Penh,3
2023-03-12,Cambodia,Ruessei Kaev,1
2023-11-14,Cambodia,Mittakpheap,1
2023-03-07,Cambodia,Ou Chrov,1
2023-06-29,Cambodia,Phnom Penh,2
2023-06-22,Cambodia,Phnom Penh,2
2023-09-07,Cambodia,Phnom Penh,3
2023-08-20,Cambodia,Siem Reab,1
2023-08-20,Cambodia,Mittakpheap,3
2023-02-14,Cambodia,Mittakpheap,5
2023-10-31,Cambodia,Svay Pao,1
2023-10-31,Cambodia,Phnom Penh,6
2023-02-13,Cambodia,Ou Chrov,2
2023-08-01,Cambodia,Mittakpheap,5
2023-08-15,Cambodia,Siem Reab,1
2023-03-03,Cambodia,Ruessei Kaev,1
2023-08-10,Cambodia,Mittakpheap,2
2023-02-09,Cambodia,Phnom Penh,2
2023-03-01,Cambodia,Phnom Penh,1
2023-07-05,Cambodia,Ruessei Kaev,2
2023-09-01,Cambodia,Phnom Penh,1
2023-11-05,Cambodia,Siem Reab,2
2023-11-03,Cambodia,Mittakpheap,3
2023-09-11,Cambodia,Phnom Penh,3
2023-08-18,Cambodia,Mittakpheap,1
2023-09-25,Cambodia,Mittakpheap,1
2023-09-14,Cambodia,Mittakpheap,3
2023-09-28,Cambodia,Siem Reab,1
2023-09-28,Cambodia,Phnom Penh,5
2023-06-27,Cambodia,Mittakpheap,4
2023-05-05,Cambodia,Phnom Penh,5
2023-01-24,Cambodia,Ruessei Kaev,1
2023-06-25,Cambodia,Mittakpheap,1
2023-06-07,Cambodia,Phnom Penh,3
2023-02-16,Cambodia,Dangkao,2
2023-01-09,Cambodia,Mittakpheap,2
2023-03-26,Cambodia,Phnom Penh,1
2023-10-22,Cambodia,Phnom Penh,1
2023-03-10,Cambodia,Ou Chrov,1
2023-07-26,Cambodia,Phnom Penh,5
2023-08-15,Cambodia,Mittakpheap,3
2023-10-01,Cambodia,Siem Reab,3
2023-07-06,Cambodia,Siem Reab,1
2023-04-05,Cambodia,Ruessei Kaev,2
2023-05-28,Cambodia,Mittakpheap,1
2023-05-14,Cambodia,Mittakpheap,1
2023-11-15,Cambodia,Mittakpheap,4
2023-01-01,Cambodia,Botum Sakor,2
2023-01-01,Cambodia,Phnom Penh,2
2023-06-29,Cambodia,Dangkao,1
2023-06-15,Cambodia,Ruessei Kaev,1
2023-05-07,Cambodia,Siem Reab,1
2023-09-09,Cambodia,Phnom Penh,9
2023-07-21,Cambodia,Siem Reab,2
2023-01-27,Cambodia,Mittakpheap,2
2023-06-03,Cambodia,Ou Chrov,1
2023-01-05,Cambodia,Mittakpheap,1
2023-06-04,Cambodia,Phnom Penh,1
2023-03-04,Cambodia,Phnom Penh,1
2023-03-17,Cambodia,Phnom Penh,4
2023-04-27,Cambodia,Dangkao,1
2023-03-06,Cambodia,Mittakpheap,2
2023-03-28,Cambodia,Phnom Penh,1
2023-10-12,Cambodia,Phnom Penh,4
2023-09-02,Cambodia,Mittakpheap,1
2023-05-28,Cambodia,Phnom Penh,1
2023-11-13,Cambodia,Mittakpheap,5
2023-04-17,Cambodia,Mittakpheap,5
2023-01-01,Cambodia,Mittakpheap,4
2023-06-23,Cambodia,Phnom Penh,1
2023-01-24,Cambodia,Mittakpheap,1
2023-08-21,Cambodia,Ou Chrov,1
2023-02-19,Cambodia,Mittakpheap,1
2023-10-21,Cambodia,Ruessei Kaev,1
2023-06-03,Cambodia,Phnom Penh,4
2023-01-07,Cambodia,Mittakpheap,1
2023-07-11,Cambodia,Mittakpheap,1
2023-08-29,Cambodia,Mittakpheap,1
2023-05-30,Cambodia,Dangkao,1
2023-08-02,Cambodia,Mittakpheap,1
2023-03-13,Cambodia,Mittakpheap,1
2023-03-13,Cambodia,Ruessei Kaev,1
2023-05-11,Cambodia,Mittakpheap,3
2023-04-04,Cambodia,Mittakpheap,1
2023-11-16,Cambodia,Dangkao,1
2023-09-19,Cambodia,Ou Chrov,1
2023-11-14,Cambodia,Dangkao,1
2023-10-08,Cambodia,Siem Reab,1
2023-01-01,Cambodia,Ou Chrov,1
2023-02-10,Cambodia,Phnom Penh,2
2023-10-30,Cambodia,Phnom Penh,4
2023-09-06,Cambodia,Phnom Penh,2
2023-01-11,Cambodia,Phnom Penh,2
2023-01-11,Cambodia,Mittakpheap,1
2023-06-24,Cambodia,Phnom Penh,4
2023-05-03,Cambodia,Dangkao,1
2023-01-06,Cambodia,Phnom Penh,1
2023-06-02,Cambodia,Ou Chrov,1
2023-10-17,Cambodia,Phnom Penh,3
2023-10-29,Cambodia,Ou Chrov,1
2023-07-09,Cambodia,Ou Chrov,1
2023-07-09,Cambodia,Siem Reab,1
2023-11-21,Cambodia,Mittakpheap,3
2023-04-22,Cambodia,Phnom Penh,2
2023-08-26,Cambodia,Phnom Penh,2
2023-09-01,Cambodia,Mittakpheap,1
2023-11-12,Cambodia,Ruessei Kaev,2
2023-06-14,Cambodia,Phnom Penh,2
2023-06-15,Cambodia,Phnom Penh,3
2023-02-15,Cambodia,Ou Chrov,2
2023-02-14,Cambodia,Siem Reab,5
2023-06-18,Cambodia,Mittakpheap,4
2023-10-18,Cambodia,Mittakpheap,1
2023-09-10,Cambodia,Siem Reab,1
2023-08-03,Cambodia,Mittakpheap,1
2023-03-05,Cambodia,Ruessei Kaev,1
2023-03-13,Cambodia,Ou Chrov,1
2023-02-09,Cambodia,Mittakpheap,1
2023-07-06,Cambodia,Ou Chrov,2
2023-04-21,Cambodia,Phnom Penh,4
2023-09-29,Cambodia,Phnom Penh,1
2023-04-15,Cambodia,Phnom Penh,1
2023-05-21,Cambodia,Phnom Penh,1
2023-11-15,Cambodia,Phnom Penh,1
2023-06-01,Cambodia,Phnom Penh,3
2023-05-15,Cambodia,Phnom Penh,3
2023-01-16,Cambodia,Siem Reab,1
2023-09-05,Cambodia,Mittakpheap,2
2023-09-05,Cambodia,Siem Reab,2
2023-01-19,Cambodia,Ou Chrov,1
2023-07-08,Cambodia,Siem Reab,1
2023-11-22,Cambodia,Siem Reab,1
2023-07-04,Cambodia,Mittakpheap,3
2023-04-19,Cambodia,Mittakpheap,1
2023-09-03,Cambodia,Mittakpheap,1
2023-11-01,Cambodia,Siem Reab,7
2023-05-22,Cambodia,Mittakpheap,1
2023-06-14,Cambodia,Ou Chrov,1
2023-06-15,Cambodia,Dangkao,1
2023-06-15,Cambodia,Botum Sakor,1
2023-01-03,Cambodia,Ou Chrov,1
2023-01-25,Cambodia,Mittakpheap,1
2023-07-14,Cambodia,Phnom Penh,1
2023-10-23,Cambodia,Siem Reab,3
2023-07-13,Cambodia,Siem Reab,2
2023-02-15,Cambodia,Siem Reab,2
2023-02-04,Cambodia,Mittakpheap,1
2023-06-17,Cambodia,Phnom Penh,2
2023-07-11,Cambodia,Ou Chrov,1
2023-10-17,Cambodia,Siem Reab,1
2023-08-28,Cambodia,Phnom Penh,3
2023-03-28,Cambodia,Ou Chrov,2
2023-05-21,Cambodia,Dangkao,1
2023-09-11,Cambodia,Ou Chrov,1
2023-05-24,Cambodia,Phnom Penh,1
2023-06-30,Cambodia,Ou Chrov,2
2023-02-22,Cambodia,Siem Reab,2
2023-06-26,Cambodia,Mittakpheap,3
2023-01-26,Cambodia,Mittakpheap,3
2023-07-02,Cambodia,Ruessei Kaev,1
2023-01-05,Cambodia,Phnom Penh,1
2023-01-19,Cambodia,Mittakpheap,3
2023-07-08,Cambodia,Phnom Penh,2
2023-10-04,Cambodia,Mittakpheap,3
2023-08-14,Cambodia,Phnom Penh,2
2023-08-25,Cambodia,Mittakpheap,2
2023-03-15,Cambodia,Ruessei Kaev,1
2023-04-05,Cambodia,Mittakpheap,1
2023-09-16,Cambodia,Mittakpheap,1
2023-09-17,Cambodia,Ou Chrov,2
2023-03-08,Cambodia,Phnom Penh,4
2023-01-31,Cambodia,Phnom Penh,3
2023-10-09,Cambodia,Phnom Penh,5
2023-05-06,Cambodia,Phnom Penh,1
2023-06-15,Cambodia,Mittakpheap,1
2023-03-30,Cambodia,Ou Chrov,1
2023-04-08,Cambodia,Phnom Penh,2
2023-09-05,Cambodia,Ruessei Kaev,2
2023-11-06,Cambodia,Mittakpheap,1
2023-02-16,Cambodia,Phnom Penh,2
2023-07-16,Cambodia,Phnom Penh,3
2023-07-16,Cambodia,Siem Reab,1
2023-06-02,Cambodia,Phnom Penh,4
2023-06-02,Cambodia,Ruessei Kaev,1
2023-10-03,Cambodia,Ruessei Kaev,4
2023-10-18,Cambodia,Phnom Penh,1
2023-04-23,Cambodia,Mittakpheap,1
2023-04-12,Cambodia,Siem Reab,1
2023-10-28,Cambodia,Mittakpheap,1
2023-02-09,Cambodia,Botum Sakor,1
2023-01-21,Cambodia,Phnom Penh,2
2023-11-03,Cambodia,Ruessei Kaev,1
2023-05-14,Cambodia,Phnom Penh,8
2023-09-17,Cambodia,Mittakpheap,3
2023-04-15,Cambodia,Siem Reab,1
2023-10-08,Cambodia,Mittakpheap,1
2023-09-26,Cambodia,Mittakpheap,2
2023-03-07,Cambodia,Phnom Penh,2
2023-09-25,Cambodia,Phnom Penh,2
2023-05-22,Cambodia,Ou Chrov,1
2023-03-31,Cambodia,Ou Chrov,1
2023-06-14,Cambodia,Siem Reab,1
2023-02-20,Cambodia,Mittakpheap,1
2023-06-07,Cambodia,Siem Reab,2
2023-10-24,Cambodia,Mittakpheap,1
2023-06-08,Cambodia,Phnom Penh,5
2023-03-21,Cambodia,Mittakpheap,5
2023-02-28,Cambodia,Ou Chrov,1
2023-03-20,Cambodia,Ruessei Kaev,1
2023-05-30,Cambodia,Ou Chrov,2
2023-03-14,Cambodia,Botum Sakor,3
2023-11-14,Cambodia,Ou Chrov,1
2023-08-19,Cambodia,Ou Chrov,3
2023-09-26,Cambodia,Siem Reab,1
2023-06-13,Cambodia,Mittakpheap,1
2023-11-12,Cambodia,Mittakpheap,1
2023-08-06,Cambodia,Phnom Penh,4
2023-05-22,Cambodia,Phnom Penh,1
2023-04-08,Cambodia,Mittakpheap,1
2023-06-24,Cambodia,Ruessei Kaev,1
2023-11-08,Cambodia,Phnom Penh,1
2023-02-01,Cambodia,Mittakpheap,3
2023-10-10,Cambodia,Mittakpheap,2
2023-03-26,Cambodia,Mittakpheap,1
2023-06-17,Cambodia,Siem Reab,3
2023-08-31,Cambodia,Phnom Penh,1
2023-10-04,Cambodia,Ou Chrov,1
2023-08-17,Cambodia,Siem Reab,1
2023-10-27,Cambodia,Siem Reab,5
2023-08-11,Cambodia,Mittakpheap,2
2023-10-26,Cambodia,Phnom Penh,5
2023-04-04,Cambodia,Phnom Penh,1
2023-10-05,Cambodia,Mittakpheap,1
2023-06-14,Cambodia,Dangkao,1
2023-04-08,Cambodia,Botum Sakor,1
2023-05-04,Cambodia,Siem Reab,4
2023-08-20,Cambodia,Phnom Penh,2
2023-03-25,Cambodia,Phnom Penh,2
2023-07-24,Cambodia,Phnom Penh,1
2023-08-30,Cambodia,Phnom Penh,3
2023-02-25,Cambodia,Mittakpheap,1
2023-06-19,Cambodia,Siem Reab,1
2023-03-20,Cambodia,Mittakpheap,1
2023-10-16,Cambodia,Ou Chrov,1
2023-08-16,Cambodia,Mittakpheap,1
2023-04-11,Cambodia,Mittakpheap,2
2023-11-20,Cambodia,Mittakpheap,1
2023-04-19,Cambodia,Phnom Penh,1
2023-05-26,Cambodia,Phnom Penh,5
2023-05-25,Cambodia,Phnom Penh,4
2023-09-03,Cambodia,Phnom Penh,1
2023-05-12,Cambodia,Mittakpheap,2
2023-08-07,Cambodia,Mittakpheap,1
2023-05-24,Cambodia,Siem Reab,1
2023-06-29,Cambodia,Siem Reab,1
2023-07-20,Cambodia,Ou Chrov,1
2023-01-16,Cambodia,Mittakpheap,1
2023-03-23,Cambodia,Mittakpheap,1
2023-01-08,Cambodia,Siem Reab,1
2023-10-31,Cambodia,Mittakpheap,2
2023-04-26,Cambodia,Mittakpheap,4
2023-11-20,Cambodia,Phnom Penh,2
2023-03-16,Cambodia,Phnom Penh,2
2023-08-12,Cambodia,Phnom Penh,6
2023-04-22,Cambodia,Mittakpheap,1
2023-11-05,Cambodia,Ou Chrov,1
2023-05-13,Cambodia,Mittakpheap,1
2023-05-14,Cambodia,Dangkao,1
2023-04-29,Cambodia,Phnom Penh,3
2023-09-26,Cambodia,Phnom Penh,4
2023-05-05,Cambodia,Ou Chrov,1
2023-01-02,Cambodia,Siem Reab,1
2023-04-09,Cambodia,Mittakpheap,2
2023-06-28,Cambodia,Mittakpheap,1
2023-05-16,Cambodia,Phnom Penh,5
2023-09-08,Cambodia,Phnom Penh,4
2023-07-31,Cambodia,Phnom Penh,10
2023-09-07,Cambodia,Siem Reab,1
2023-07-28,Cambodia,Phnom Penh,1
2023-07-28,Cambodia,Siem Reab,1
2023-02-02,Cambodia,Ruessei Kaev,1
2023-03-11,Cambodia,Ou Chrov,1
2023-03-24,Cambodia,Mittakpheap,2
2023-06-16,Cambodia,Phnom Penh,8
2023-02-13,Cambodia,Phnom Penh,3
2023-10-04,Cambodia,Phnom Penh,2
2023-10-29,Cambodia,Siem Reab,2
2023-08-03,Cambodia,Dangkao,1
2023-10-02,Cambodia,Ou Chrov,2
2023-02-07,Cambodia,Mittakpheap,1
2023-03-12,Cambodia,Phnom Penh,2
2023-07-19,Cambodia,Phnom Penh,1
2023-11-19,Cambodia,Phnom Penh,3
2023-04-18,Cambodia,Ruessei Kaev,1
2023-06-20,Cambodia,Phnom Penh,1
2023-05-13,Cambodia,Phnom Penh,1
2023-04-15,Cambodia,Mean Chey,1
2023-03-09,Cambodia,Mittakpheap,1
2023-08-06,Cambodia,Siem Reab,1
2023-06-01,Cambodia,Siem Reab,1
2023-05-08,Cambodia,Phnom Penh,2
2023-04-08,Cambodia,Siem Reab,1
2023-05-15,Cambodia,Siem Reab,1
2023-09-06,Cambodia,Mittakpheap,3
2023-02-24,Cambodia,Ou Chrov,1
2023-07-28,Cambodia,Mittakpheap,1
2023-02-05,Cambodia,Ou Chrov,2
2023-10-21,Cambodia,Phnom Penh,2
2023-06-09,Cambodia,Siem Reab,1
2023-11-10,Cambodia,Mittakpheap,2
2023-03-06,Cambodia,Phnom Penh,4
2023-08-11,Cambodia,Siem Reab,1
2023-08-24,Cambodia,Phnom Penh,1
2023-01-22,Cambodia,Mittakpheap,2
2023-11-01,Cambodia,Phnom Penh,2
2023-05-08,Cambodia,Mittakpheap,2
2023-07-20,Cambodia,Mittakpheap,1
2023-01-16,Cambodia,Phnom Penh,2
2023-06-10,Cambodia,Ou Chrov,2
2023-01-26,Cambodia,Ou Chrov,1
2023-07-27,Cambodia,Phnom Penh,4
2023-07-27,Cambodia,Ruessei Kaev,1
2023-03-26,Cambodia,Siem Reab,1
2023-02-12,Cambodia,Phnom Penh,1
2023-10-20,Cambodia,Ou Chrov,1
2023-08-31,Cambodia,Siem Reab,1
2023-10-03,Cambodia,Mittakpheap,1
2023-05-30,Cambodia,Phnom Penh,3
2023-08-02,Cambodia,Phnom Penh,4
2023-04-20,Cambodia,Mittakpheap,1
2023-07-18,Cambodia,Mittakpheap,1
2023-08-27,Cambodia,Mittakpheap,3
2023-01-20,Cambodia,Phnom Penh,2
2023-04-07,Cambodia,Mittakpheap,1
2023-11-02,Cambodia,Siem Reab,5
2023-11-03,Cambodia,Siem Reab,3
2023-11-17,Cambodia,Mittakpheap,1
2023-04-13,Cambodia,Siem Reab,1
2023-10-09,Cambodia,Siem Reab,1
2023-10-09,Cambodia,Mittakpheap,1
2023-05-23,Cambodia,Phnom Penh,3
2023-07-20,Cambodia,Phnom Penh,1
2023-07-16,Cambodia,Mittakpheap,3
2023-02-26,Cambodia,Siem Reab,1
2023-08-30,Cambodia,Ruessei Kaev,1
2023-02-11,Cambodia,Ou Chrov,1
2023-01-08,Cambodia,Mittakpheap,3
2023-05-31,Cambodia,Phnom Penh,2
2023-04-10,Cambodia,Phnom Penh,1
2023-10-16,Cambodia,Siem Reab,1
2023-03-15,Cambodia,Mittakpheap,4
2023-02-08,Cambodia,Phnom Penh,2
2023-05-11,Cambodia,Phnom Penh,7
2023-09-01,Cambodia,Ou Chrov,2
2023-04-18,Cambodia,Phnom Penh,3
2023-04-07,Cambodia,Phnom Penh,2
2023-11-02,Cambodia,Svay Pao,1
2023-09-04,Cambodia,Mittakpheap,4
2023-10-08,Cambodia,Ou Chrov,1
2023-02-22,Cambodia,Mittakpheap,1
2023-02-23,Cambodia,Phnom Penh,1
2023-11-09,Cambodia,Mittakpheap,1
2023-05-04,Cambodia,Phnom Penh,3
2023-02-16,Cambodia,Ou Chrov,1
2023-10-10,Cambodia,Phnom Penh,3
2023-06-18,Cambodia,Ou Chrov,1
2023-08-15,Cambodia,Phnom Penh,1
2023-03-02,Cambodia,Ou Chrov,1
2023-04-27,Cambodia,Phnom Penh,2
2023-10-02,Cambodia,Siem Reab,2
2023-03-16,Cambodia,Mean Chey,1
2023-09-16,Cambodia,Phnom Penh,2
2023-11-16,Cambodia,Mittakpheap,1
2023-11-17,Cambodia,Siem Reab,3
2023-03-08,Cambodia,Mittakpheap,1
2023-04-28,Cambodia,Mittakpheap,2
2023-04-13,Cambodia,Phnom Penh,2
2023-02-22,Cambodia,Phnom Penh,1
2023-11-09,Cambodia,Phnom Penh,2
2023-07-31,Cambodia,Mittakpheap,1
2023-10-24,Cambodia,Ou Chrov,1
2023-02-01,Cambodia,Phnom Penh,4
2023-02-19,Cambodia,Phnom Penh,6
2023-02-18,Cambodia,Phnom Penh,1
2023-07-01,Cambodia,Phnom Penh,1
2023-03-18,Cambodia,Ruessei Kaev,1
2023-11-10,Cambodia,Phnom Penh,2
2023-08-03,Cambodia,Phnom Penh,3
2023-08-16,Cambodia,Siem Reab,1
2023-09-30,Cambodia,Siem Reab,1
2023-10-12,Cambodia,Mittakpheap,1
2023-07-19,Cambodia,Ou Chrov,1
2023-03-14,Cambodia,Phnom Penh,1
2023-03-14,Cambodia,Mittakpheap,1
2023-05-13,Cambodia,Ou Chrov,1
2023-09-03,Cambodia,Ou Chrov,2
2023-04-16,Cambodia,Phnom Penh,2
2023-04-01,Cambodia,Phnom Penh,5
2023-04-01,Cambodia,Siem Reab,1
2023-10-30,Cambodia,Ou Chrov,1
2023-05-19,Cambodia,Phnom Penh,1
2023-01-02,Cambodia,Mittakpheap,3
2023-05-29,Cambodia,Phnom Penh,3
2023-07-21,Cambodia,Ou Chrov,1
2023-01-12,Cambodia,Mittakpheap,1
2023-02-01,Cambodia,Siem Reab,1
2023-03-25,Cambodia,Mittakpheap,2
2023-02-11,Cambodia,Phnom Penh,3
2023-06-05,Cambodia,Mittakpheap,2
2023-03-17,Cambodia,Ruessei Kaev,2
2023-10-02,Cambodia,Ruessei Kaev,2
2023-10-13,Cambodia,Phnom Penh,5
2023-09-02,Cambodia,Phnom Penh,8
2023-11-19,Cambodia,Siem Reab,1
2023-08-09,Cambodia,Phnom Penh,1
2023-09-01,Cambodia,Siem Reab,3
2023-09-15,Cambodia,Mittakpheap,1
2023-08-04,Cambodia,Botum Sakor,1
2023-04-16,Cambodia,Mittakpheap,2
2023-10-30,Cambodia,Siem Reab,6
2023-01-28,Cambodia,Phnom Penh,5
2023-09-07,Cambodia,Ruessei Kaev,1
2023-01-26,Cambodia,Phnom Penh,4
2023-10-24,Cambodia,Siem Reab,3
2023-07-13,Cambodia,Phnom Penh,2
2023-08-22,Cambodia,Phnom Penh,2
2023-06-16,Cambodia,Mittakpheap,2
2023-06-19,Cambodia,Mittakpheap,4
2023-03-02,Cambodia,Phnom Penh,2
2023-11-11,Cambodia,Siem Reab,1
2023-02-06,Cambodia,Mittakpheap,3
2023-03-13,Cambodia,Phnom Penh,1
2023-08-13,Cambodia,Ou Chrov,1
2023-07-06,Cambodia,Phnom Penh,1
2023-04-21,Cambodia,Mittakpheap,1
2023-05-26,Cambodia,Siem Reab,2
2023-04-04,Cambodia,Ruessei Kaev,1
2023-01-20,Cambodia,Mittakpheap,2
2023-10-06,Cambodia,Phnom Penh,3
2023-05-24,Cambodia,Mittakpheap,1
2023-02-21,Cambodia,Mittakpheap,2
2023-05-05,Cambodia,Mittakpheap,1
2023-01-15,Cambodia,Ou Chrov,1
2023-05-03,Cambodia,Phnom Penh,4
2023-06-24,Cambodia,Mittakpheap,1
2023-06-06,Cambodia,Phnom Penh,3
2023-07-12,Cambodia,Phnom Penh,2
2023-03-05,Cambodia,Mittakpheap,2
2023-08-16,Cambodia,Ou Chrov,1
2023-10-27,Cambodia,Mittakpheap,2
2023-09-18,Cambodia,Phnom Penh,2
2023-05-20,Cambodia,Ou Chrov,2
2023-11-13,Cambodia,Ou Chrov,2
2023-04-03,Cambodia,Phnom Penh,2
2023-02-21,Cambodia,Ou Chrov,3
2023-01-29,Cambodia,Phnom Penh,1
2023-01-14,Cambodia,Phnom Penh,1
2023-05-17,Cambodia,Phnom Penh,4
2023-07-02,Cambodia,Mittakpheap,2
2023-07-15,Cambodia,Mittakpheap,1
2023-07-01,Cambodia,Mittakpheap,1
2023-08-30,Cambodia,Mittakpheap,3
2023-06-16,Cambodia,Siem Reab,1
2023-05-09,Cambodia,Siem Reab,1
2023-01-04,Cambodia,Siem Reab,1
2023-02-28,Cambodia,Mittakpheap,1
2023-06-18,Cambodia,Siem Reab,2
2023-10-03,Cambodia,Phnom Penh,5
2023-08-29,Cambodia,Phnom Penh,1
2023-10-18,Cambodia,Ou Chrov,2
2023-08-14,Cambodia,Siem Reab,1
2023-09-10,Cambodia,Mittakpheap,3
2023-10-16,Cambodia,Phnom Penh,1
2023-04-11,Cambodia,Svay Pao,2
2023-08-10,Cambodia,Phnom Penh,2
2023-11-21,Cambodia,Siem Reab,1
2023-08-12,Cambodia,Mittakpheap,1
2023-10-08,Cambodia,Phnom Penh,1
2023-01-31,Cambodia,Mittakpheap,2
2023-05-20,Cambodia,Mittakpheap,2
2023-01-18,Cambodia,Mittakpheap,1
2023-02-17,Cambodia,Mittakpheap,1
2023-07-14,Cambodia,Mittakpheap,1
2023-10-24,Cambodia,Botum Sakor,1
2023-03-22,Cambodia,Mittakpheap,2
2023-02-15,Cambodia,Mittakpheap,6
2023-06-09,Cambodia,Mittakpheap,2
2023-07-11,Cambodia,Phnom Penh,3
2023-04-25,Cambodia,Botum Sakor,1
2023-03-19,Cambodia,Mittakpheap,1
2023-07-18,Cambodia,Siem Reab,2
2023-03-16,Cambodia,Mittakpheap,2
2023-10-25,Cambodia,Phnom Penh,1
2023-11-16,Cambodia,Siem Reab,1
2023-05-10,Cambodia,Phnom Penh,2
2023-08-19,Cambodia,Mittakpheap,2
2023-04-14,Cambodia,Phnom Penh,5
2023-10-05,Cambodia,Phnom Penh,5
2023-05-02,Cambodia,Siem Reab,1
2023-03-30,Cambodia,Mittakpheap,2
2023-01-03,Cambodia,Mittakpheap,1
2023-05-16,Cambodia,Mittakpheap,2
2023-02-05,Cambodia,Phnom Penh,1
2023-10-21,Cambodia,Mittakpheap,1
2023-07-26,Cambodia,Mittakpheap,2
2023-09-21,Cambodia,Ruessei Kaev,1
2023-09-23,Cambodia,Phnom Penh,3
2023-03-13,Cambodia,Botum Sakor,1
2023-07-05,Cambodia,Phnom Penh,1
2023-08-08,Cambodia,Phnom Penh,2
2023-10-05,Cambodia,Ou Chrov,1
2023-06-28,Cambodia,Siem Reab,1
2023-01-24,Cambodia,Phnom Penh,1
2023-05-29,Cambodia,Mittakpheap,3
2023-01-28,Cambodia,Mittakpheap,2
2023-05-18,Cambodia,Phnom Penh,7
2023-06-25,Cambodia,Phnom Penh,1
2023-04-30,Cambodia,Phnom Penh,7
2023-07-02,Cambodia,Siem Reab,1
2023-09-22,Cambodia,Phnom Penh,2
2023-11-10,Cambodia,Siem Reab,1
2023-09-24,Cambodia,Mittakpheap,2
2023-11-21,Cambodia,Ruessei Kaev,2
2023-07-05,Cambodia,Ou Chrov,2
2023-06-20,Cambodia,Siem Reab,1
2023-11-18,Cambodia,Ou Chrov,1
2023-11-13,Cambodia,Siem Reab,1
2023-11-13,Cambodia,Ruessei Kaev,1
2023-01-30,Cambodia,Mittakpheap,4
2023-09-27,Cambodia,Phnom Penh,3
2023-05-06,Cambodia,Mittakpheap,1
2023-02-21,Cambodia,Phnom Penh,2
2023-01-03,Cambodia,Phnom Penh,1
2023-01-27,Cambodia,Phnom Penh,2
2023-07-30,Cambodia,Phnom Penh,1
2023-01-09,Cambodia,Phnom Penh,2
2023-08-23,Cambodia,Mittakpheap,1
2023-03-10,Cambodia,Mittakpheap,2
2023-07-25,Cambodia,Phnom Penh,1
2023-04-24,Cambodia,Mittakpheap,2
2023-04-27,Cambodia,Mittakpheap,4
2023-04-12,Cambodia,Phnom Penh,1
2023-08-04,Cambodia,Phnom Penh,6
2023-08-18,Cambodia,Ou Chrov,1
2023-04-13,Cambodia,Mittakpheap,2
2023-09-28,Cambodia,Mittakpheap,2
2023-01-14,Cambodia,Mittakpheap,2
2023-06-15,Cambodia,Siem Reab,3
2023-01-24,Cambodia,Siem Reab,1
2023-05-15,Cambodia,Mittakpheap,2
2023-11-06,Cambodia,Siem Reab,2
2023-08-21,Cambodia,Phnom Penh,4
2023-08-23,Cambodia,Phnom Penh,1
2023-02-18,Cambodia,Siem Reab,1
2023-02-03,Cambodia,Mittakpheap,1
2023-07-23,Cambodia,Phnom Penh,1
2023-10-31,Cambodia,Siem Reab,5
2023-08-01,Cambodia,Phnom Penh,3
2023-08-02,Cambodia,Ou Chrov,1
2023-08-24,Cambodia,Ou Chrov,1
2023-07-17,Cambodia,Mittakpheap,2
2023-07-06,Cambodia,Mittakpheap,2
2023-04-19,Cambodia,Siem Reab,1
2023-05-25,Cambodia,Mittakpheap,2
2023-10-07,Cambodia,Ou Chrov,2
2023-09-12,Cambodia,Siem Reab,1
2023-03-09,Cambodia,Phnom Penh,1
2023-06-27,Cambodia,Phnom Penh,1
2023-01-10,Cambodia,Ruessei Kaev,1
2023-07-31,Cambodia,Ou Chrov,1
2023-07-13,Cambodia,Mittakpheap,1
2023-03-25,Cambodia,Siem Reab,1
2023-07-24,Cambodia,Mittakpheap,2
2023-03-21,Cambodia,Siem Reab,1
2023-03-04,Cambodia,Ou Chrov,2
2023-10-29,Cambodia,Mittakpheap,1
2023-08-16,Cambodia,Phnom Penh,1
2023-04-11,Cambodia,Phnom Penh,1
2023-08-24,Cambodia,Mittakpheap,1
2023-02-09,Cambodia,Ruessei Kaev,1
2023-03-29,Cambodia,Siem Reab,1
2023-09-29,Cambodia,Mittakpheap,1
2023-08-18,Cambodia,Siem Reab,1
2023-04-01,Cambodia,Mittakpheap,1
2023-09-05,Cambodia,Phnom Penh,5
2023-08-20,Cambodia,Ou Chrov,1
2023-01-08,Cambodia,Phnom Penh,5
2023-10-17,Cambodia,Ruessei Kaev,2
2023-09-10,Cambodia,Phnom Penh,5
2023-08-02,Cambodia,Siem Reab,3
2023-08-13,Cambodia,Phnom Penh,3
2023-08-13,Cambodia,Mittakpheap,3
2023-03-29,Cambodia,Mittakpheap,2
2023-07-19,Cambodia,Mittakpheap,3
2023-07-19,Cambodia,Botum Sakor,1
2023-04-18,Cambodia,Ou Chrov,1
2023-11-05,Cambodia,Mittakpheap,2
2023-01-23,Cambodia,Mittakpheap,3
2023-11-17,Cambodia,Phnom Penh,3
2023-11-18,Cambodia,Mittakpheap,1
2023-05-12,Cambodia,Phnom Penh,3
2023-11-14,Cambodia,Phnom Penh,1
2023-05-21,Cambodia,Ou Chrov,2
2023-04-13,Cambodia,Ruessei Kaev,1
2023-05-29,Cambodia,Siem Reab,1
2023-02-20,Cambodia,Siem Reab,1
2023-11-06,Cambodia,Phnom Penh,5
2023-02-02,Cambodia,Siem Reab,1
2023-02-16,Cambodia,Siem Reab,1
2023-02-05,Cambodia,Ruessei Kaev,2
2023-08-22,Cambodia,Siem Reab,3
2023-01-07,Cambodia,Phnom Penh,3
2023-07-10,Cambodia,Ou Chrov,1
2023-10-15,Cambodia,Ou Chrov,1
2023-03-19,Cambodia,Siem Reab,1
2023-03-27,Cambodia,Mittakpheap,1
2023-10-28,Cambodia,Siem Reab,4
2023-03-29,Cambodia,Phnom Penh,2
2023-07-05,Cambodia,Mittakpheap,1
2023-11-04,Cambodia,Siem Reab,1
2023-11-02,Cambodia,Phnom Penh,3
2023-09-04,Cambodia,Phnom Penh,6
2023-09-18,Cambodia,Mittakpheap,3
2023-04-29,Cambodia,Siem Reab,1
2023-11-15,Cambodia,Siem Reab,1
2023-09-14,Cambodia,Phnom Penh,3
2023-05-06,Cambodia,Siem Reab,1
2023-01-15,Cambodia,Dangkao,1
2023-01-28,Cambodia,Siem Reab,1
2023-10-21,Cambodia,Siem Reab,1
2023-10-31,Cambodia,Ou Chrov,1
2023-08-14,Cambodia,Mittakpheap,2
2023-04-12,Cambodia,Mittakpheap,1
2023-03-19,Cambodia,Ruessei Kaev,1
2023-04-26,Cambodia,Phnom Penh,1
2023-04-20,Cambodia,Siem Reab,1
2023-02-06,Cambodia,Phnom Penh,3
2023-08-08,Cambodia,Mittakpheap,3
2023-11-02,Cambodia,Mittakpheap,1
2023-05-22,Cambodia,Dangkao,1
2023-01-15,Cambodia,Mittakpheap,1
2023-11-07,Cambodia,Phnom Penh,2
2023-05-03,Cambodia,Ruessei Kaev,1
2023-05-03,Cambodia,Mittakpheap,5
2023-02-02,Cambodia,Mittakpheap,2
2023-01-05,Cambodia,Siem Reab,3
2023-10-20,Cambodia,Phnom Penh,3
2023-07-26,Cambodia,Siem Reab,2
2023-01-07,Cambodia,Siem Reab,1
2023-06-18,Cambodia,Phnom Penh,1
2023-04-25,Cambodia,Mittakpheap,1
2023-09-21,Cambodia,Ou Chrov,2
2023-09-21,Cambodia,Mittakpheap,1
2023-05-30,Cambodia,Mittakpheap,5
2023-07-07,Cambodia,Phnom Penh,2
2023-03-02,Cambodia,Mittakpheap,2
2023-11-11,Cambodia,Phnom Penh,1
2023-08-11,Cambodia,Phnom Penh,3
2023-11-21,Cambodia,Phnom Penh,2
2023-03-16,Cambodia,Siem Reab,1
2023-04-21,Cambodia,Siem Reab,1
2023-09-16,Cambodia,Ruessei Kaev,1
2023-05-11,Cambodia,Ou Chrov,2
2023-11-17,Cambodia,Ou Chrov,1
2023-01-22,Cambodia,Ou Chrov,1
2023-08-19,Cambodia,Phnom Penh,1
2023-09-12,Cambodia,Phnom Penh,1
2023-08-04,Cambodia,Mittakpheap,1
2023-08-06,Cambodia,Mittakpheap,6
2023-05-06,Cambodia,Ruessei Kaev,2
2023-04-02,Cambodia,Mittakpheap,2
2023-01-02,Cambodia,Phnom Penh,2
2023-05-18,Cambodia,Mittakpheap,1
2023-11-08,Cambodia,Ou Chrov,2
2023-07-27,Cambodia,Mittakpheap,1
2023-06-09,Cambodia,Phnom Penh,2
2023-10-04,Cambodia,Dangkao,1
2023-10-02,Cambodia,Mittakpheap,2
2023-10-28,Cambodia,Ruessei Kaev,1
2023-10-25,Cambodia,Siem Reab,2
2023-09-20,Cambodia,Siem Reab,1
2023-09-20,Cambodia,Phnom Penh,3
2023-09-30,Cambodia,Phnom Penh,4
2023-08-27,Cambodia,Phnom Penh,2
2023-03-01,Cambodia,Mittakpheap,3
2023-03-15,Cambodia,Phnom Penh,1
2023-11-04,Cambodia,Mittakpheap,1
2023-08-09,Cambodia,Mittakpheap,1
2023-09-29,Cambodia,Siem Reab,1
2023-11-02,Cambodia,Ou Chrov,1
2023-11-14,Cambodia,Siem Reab,1
2023-05-20,Cambodia,Phnom Penh,1
2023-10-06,Cambodia,Ou Chrov,1
2023-05-05,Cambodia,Siem Reab,1
2023-06-12,Cambodia,Siem Reab,1
2023-06-12,Cambodia,Phnom Penh,2
2023-01-27,Cambodia,Siem Reab,1
2023-10-10,Cambodia,Ruessei Kaev,1
2023-02-12,Cambodia,Ou Chrov,2
2023-01-04,Cambodia,Phnom Penh,1
2023-07-10,Cambodia,Mittakpheap,1
2023-05-31,Cambodia,Mittakpheap,2
2023-08-28,Cambodia,Mittakpheap,1
2023-10-19,Cambodia,Phnom Penh,2
2023-10-15,Cambodia,Siem Reab,1
2023-10-13,Cambodia,Mittakpheap,1
2023-11-13,Cambodia,Phnom Penh,2
2023-08-07,Cambodia,Phnom Penh,1
2023-04-17,Cambodia,Siem Reab,2
2023-05-23,Cambodia,Siem Reab,1
2023-07-22,Cambodia,Ou Chrov,2
2023-06-14,Cambodia,Mittakpheap,2
2023-05-07,Cambodia,Phnom Penh,5
2023-05-16,Cambodia,Siem Reab,1
2023-02-24,Cambodia,Mittakpheap,1
2023-05-01,Cambodia,Mittakpheap,2
2023-03-22,Cambodia,Phnom Penh,5
2023-02-26,Cambodia,Phnom Penh,1
2023-03-18,Cambodia,Mittakpheap,2
2023-10-04,Cambodia,Siem Reab,1
2023-10-02,Cambodia,Phnom Penh,6
2023-07-09,Cambodia,Mittakpheap,2
2023-07-17,Cambodia,Siem Reab,1
2023-04-04,Cambodia,Dangkao,1
2023-05-28,Cambodia,Siem Reab,1
2023-09-19,Cambodia,Phnom Penh,5
2023-05-12,Cambodia,Ou Chrov,1
2023-11-15,Cambodia,Ruessei Kaev,1
2023-06-26,Cambodia,Phnom Penh,1
2023-06-11,Cambodia,Phnom Penh,1
2023-07-22,Cambodia,Mittakpheap,3
2023-01-17,Cambodia,Phnom Penh,1
2023-09-09,Cambodia,Mittakpheap,1
2023-10-23,Cambodia,Ou Chrov,4
2023-07-02,Cambodia,Phnom Penh,2
2023-06-09,Cambodia,Ou Chrov,1
2023-08-22,Cambodia,Mittakpheap,1
2023-07-01,Cambodia,Botum Sakor,1
2023-02-03,Cambodia,Ruessei Kaev,1
2023-07-23,Cambodia,Mittakpheap,1
2023-10-17,Cambodia,Mittakpheap,3
2023-07-08,Cambodia,Mittakpheap,1
2023-04-24,Cambodia,Phnom Penh,1
2023-03-05,Cambodia,Phnom Penh,2
2023-10-13,Cambodia,Siem Reab,1
2023-10-26,Cambodia,Siem Reab,1
2023-08-26,Cambodia,Siem Reab,1
2023-11-18,Cambodia,Phnom Penh,2
2023-09-17,Cambodia,Phnom Penh,2
2023-03-31,Cambodia,Mittakpheap,1
2023-03-31,Cambodia,Phnom Penh,1
2023-05-07,Cambodia,Ou Chrov,2
2023-09-09,Cambodia,Siem Reab,3
2023-07-29,Cambodia,Mittakpheap,1
2023-03-10,Cambodia,Phnom Penh,2
2023-02-27,Cambodia,Mittakpheap,1
2023-07-10,Cambodia,Phnom Penh,1
2023-03-18,Cambodia,Phnom Penh,4
2023-09-24,Cambodia,Phnom Penh,8
2023-10-27,Cambodia,Phnom Penh,3
2023-10-28,Cambodia,Phnom Penh,2
2023-10-14,Cambodia,Phnom Penh,1
2023-02-08,Cambodia,Mittakpheap,2
2023-04-05,Cambodia,Phnom Penh,2
2023-01-23,Cambodia,Phnom Penh,1
2023-04-06,Cambodia,Phnom Penh,2
2023-10-09,Cambodia,Ou Chrov,4
2023-04-03,Cambodia,Ou Chrov,1
2023-01-18,Cambodia,Phnom Penh,2
2023-05-02,Cambodia,Phnom Penh,1
2023-01-13,Cambodia,Phnom Penh,1
2023-11-07,Cambodia,Mittakpheap,2
2023-06-21,Cambodia,Phnom Penh,1
2023-02-16,Cambodia,Mittakpheap,1
2023-06-06,Cambodia,Mittakpheap,2
2023-07-15,Cambodia,Ou Chrov,1
2023-05-09,Cambodia,Phnom Penh,3
2023-06-19,Cambodia,Phnom Penh,1
2023-04-25,Cambodia,Phnom Penh,3
2023-08-01,Cambodia,Siem Reab,2
2023-10-03,Cambodia,Siem Reab,1
2023-09-21,Cambodia,Phnom Penh,1
2023-11-11,Cambodia,Mittakpheap,1
2023-03-19,Cambodia,Ou Chrov,1
2023-02-07,Cambodia,Kampong Bay,1
2023-02-07,Cambodia,Phnom Penh,1
2023-07-18,Cambodia,Ou Chrov,1
2023-09-04,Cambodia,Ou Chrov,2
2023-10-07,Cambodia,Phnom Penh,4
2023-03-07,Cambodia,Mittakpheap,1
2023-03-07,Cambodia,Ruessei Kaev,1
2023-04-17,Cambodia,Phnom Penh,4
2023-04-03,Cambodia,Mittakpheap,3
2023-05-07,Cambodia,Mittakpheap,2
2023-02-23,Cambodia,Mittakpheap,1
2023-05-01,Cambodia,Dangkao,2
2023-05-03,Cambodia,Ou Chrov,1
2023-09-07,Cambodia,Mittakpheap,1
2023-10-19,Cambodia,Mittakpheap,1
2023-10-15,Cambodia,Dangkao,1
2023-08-25,Cambodia,Phnom Penh,1
2023-03-27,Cambodia,Siem Reab,1
2023-10-25,Cambodia,Mittakpheap,1
2023-09-20,Cambodia,Mittakpheap,1
2023-11-05,Cambodia,Phnom Penh,5
2023-05-10,Cambodia,Chantrea,1
2023-11-03,Cambodia,Phnom Penh,4
2023-04-06,Cambodia,Siem Reab,1
2023-05-21,Cambodia,Mittakpheap,2
2023-10-06,Cambodia,Mittakpheap,4
2023-01-18,Cambodia,Siem Reab,1
2023-02-10,Cambodia,Mittakpheap,1
2023-05-01,Cambodia,Phnom Penh,2
2023-02-17,Malaysia,Malacca City,154
2023-08-21,Malaysia,Port Dickson,39
2023-07-14,Malaysia,Kuching,33
2023-04-30,Malaysia,Jempol,5
2023-06-07,Malaysia,Pontian,1
2023-07-28,Malaysia,Miri,1
2023-02-02,Malaysia,Kuching,20
2023-02-02,Malaysia,Sabak Bernam,2
2023-03-23,Malaysia,Kulaijaya,8
2023-03-23,Malaysia,Bera,1
2023-03-23,Malaysia,Ranau,6
2023-08-20,Malaysia,Kinta,29
2023-02-16,Malaysia,Jasin,1
2023-02-16,Malaysia,Ranau,10
2023-10-24,Malaysia,Bentong,7
2023-07-13,Malaysia,Barat Daya,3
2023-07-13,Malaysia,Sabak Bernam,1
2023-01-09,Malaysia,Kulaijaya,9
2023-01-09,Malaysia,Kemaman,1
2023-07-27,Malaysia,Perlis,1
2023-07-27,Malaysia,Seberang Perai Selatan,5
2023-02-15,Malaysia,Miri,16
2023-02-15,Malaysia,Klang,9
2023-02-15,Malaysia,Hilir Perak,2
2023-02-05,Malaysia,Kuala Pilah,1
2023-02-05,Malaysia,Kampar,5
2023-02-05,Malaysia,Seberang Perai Utara,1
2023-07-02,Malaysia,Kuala Kangsar,3
2023-03-26,Malaysia,Pasir Putih,1
2023-03-11,Malaysia,Malacca City,142
2023-10-21,Malaysia,Langkawi,71
2023-10-21,Malaysia,Johor Bahru,185
2023-03-25,Malaysia,Kampar,9
2023-06-09,Malaysia,Keningau,2
2023-06-09,Malaysia,Dungun,3
2023-08-22,Malaysia,Ledang,1
2023-08-22,Malaysia,Kuala Pilah,1
2023-07-15,Malaysia,Lawas,2
2023-02-18,Malaysia,Kota Tinggi,6
2023-07-01,Malaysia,Kluang,1
2023-07-15,Malaysia,Seberang Perai Selatan,2
2023-10-22,Malaysia,Tampin,1
2023-10-22,Malaysia,Kota Kinabalu,3
2023-07-29,Malaysia,Kota Tinggi,13
2023-03-10,Malaysia,Muar,4
2023-06-08,Malaysia,Muar,12
2023-06-08,Malaysia,Batang Padang,1
2023-03-24,Malaysia,Cameron Highlands,2
2023-03-24,Malaysia,Ledang,2
2023-03-24,Malaysia,Kota Bharu,3
2023-03-24,Malaysia,Marang,1
2023-01-06,Malaysia,Kuala Terengganu,7
2023-02-27,Malaysia,Johor Bahru,258
2023-07-24,Malaysia,Kampar,5
2023-06-03,Malaysia,Kinta,35
2023-06-03,Malaysia,Kuala Muda,4
2023-06-03,Malaysia,Ranau,1
2023-02-12,Malaysia,Ledang,2
2023-08-30,Malaysia,Hulu Langat,4
2023-07-23,Malaysia,Penang Island,130
2023-01-19,Malaysia,Tawau,9
2023-06-16,Malaysia,Kulaijaya,21
2023-06-16,Malaysia,Kuala Pilah,3
2023-06-16,Malaysia,Kubang Pasu,1
2023-02-25,Malaysia,Bentong,20
2023-02-11,Malaysia,Perak Tengah,1
2023-02-25,Malaysia,Kuantan,12
2023-07-12,Malaysia,Perak Tengah,2
2023-06-05,Malaysia,Seberang Perai Tengah,8
2023-01-04,Malaysia,Kota Setar,12
2023-07-12,Malaysia,Barat Daya,10
2023-07-12,Malaysia,Kota Tinggi,6
2023-01-08,Malaysia,Batu Pahat,9
2023-07-26,Malaysia,Cameron Highlands,5
2023-06-19,Malaysia,Kuala Lumpur,511
2023-02-14,Malaysia,Barat Daya,12
2023-02-14,Malaysia,Batang Padang,1
2023-03-21,Malaysia,Kuala Krai,1
2023-02-28,Malaysia,Kubang Pasu,3
2023-06-04,Malaysia,Seremban,27
2023-07-11,Malaysia,Kota Setar,6
2023-07-11,Malaysia,Jempol,1
2023-07-11,Malaysia,Setiu,1
2023-03-20,Malaysia,Miri,3
2023-03-20,Malaysia,Hulu Langat,15
2023-07-10,Malaysia,Perlis,1
2023-07-10,Malaysia,Ranau,1
2023-02-13,Malaysia,Johor Bahru,311
2023-04-25,Malaysia,Muar,2
2023-04-25,Malaysia,Barat Daya,6
2023-08-01,Malaysia,Seberang Perai Tengah,8
2023-08-01,Malaysia,Kota Tinggi,18
2023-03-04,Malaysia,Kuching,34
2023-03-04,Malaysia,Kuala Muda,7
2023-03-18,Malaysia,Kubang Pasu,1
2023-03-18,Malaysia,Lawas,1
2023-08-29,Malaysia,Larut and Matang,1
2023-03-03,Malaysia,Langkawi,59
2023-07-08,Malaysia,Langkawi,77
2023-07-08,Malaysia,Kuala Krai,1
2023-04-24,Malaysia,Kuala Muda,3
2023-11-10,Malaysia,Kota Tinggi,31
2023-11-10,Malaysia,Kluang,6
2023-09-21,Malaysia,Johor Bahru,281
2023-03-17,Malaysia,Miri,2
2023-10-18,Malaysia,Kuching,21
2023-10-18,Malaysia,Kuala Muda,3
2023-05-30,Malaysia,Sandakan,6
2023-05-30,Malaysia,Kota Bharu,3
2023-07-07,Malaysia,Putrajaya,1
2023-08-28,Malaysia,Lawas,2
2023-03-02,Malaysia,Kemaman,1
2023-10-19,Malaysia,Kluang,7
2023-10-19,Malaysia,Rompin,3
2023-10-19,Malaysia,Hulu Langat,3
2023-04-23,Malaysia,Muar,2
2023-11-11,Malaysia,Kota Setar,17
2023-10-29,Malaysia,Port Dickson,22
2023-04-27,Malaysia,Pasir Putih,2
2023-03-06,Malaysia,Ranau,1
2023-10-15,Malaysia,Tampin,3
2023-11-22,Malaysia,Muar,2
2023-09-24,Malaysia,Kuala Lumpur,382
2023-09-24,Malaysia,Seberang Perai Selatan,10
2023-10-16,Malaysia,Klang,22
2023-03-05,Malaysia,Kulim,2
2023-03-05,Malaysia,Kluang,5
2023-03-19,Malaysia,Penampang,2
2023-03-19,Malaysia,Kluang,3
2023-10-02,Malaysia,Batu Pahat,4
2023-08-02,Malaysia,Rompin,4
2023-04-26,Malaysia,Sibu,1
2023-04-26,Malaysia,Jempol,3
2023-04-26,Malaysia,Besut,2
2023-09-23,Malaysia,Langkawi,88
2023-07-09,Malaysia,Kampar,3
2023-10-27,Malaysia,Segamat,4
2023-10-27,Malaysia,Hulu Langat,7
2023-04-11,Malaysia,Kinta,35
2023-10-13,Malaysia,Kulaijaya,12
2023-10-13,Malaysia,Kampar,5
2023-02-07,Malaysia,Barat Daya,17
2023-07-04,Malaysia,Miri,4
2023-08-25,Malaysia,Seberang Perai Tengah,9
2023-08-25,Malaysia,Pasir Putih,1
2023-04-20,Malaysia,Malacca City,164
2023-03-28,Malaysia,Kuala Pilah,1
2023-03-28,Malaysia,Batu Pahat,3
2023-07-18,Malaysia,Kota Kinabalu,2
2023-07-18,Malaysia,Bentong,22
2023-11-20,Malaysia,Bintulu,1
2023-11-20,Malaysia,Kota Kinabalu,1
2023-03-27,Malaysia,Barat Daya,15
2023-07-03,Malaysia,Perlis,3
2023-10-28,Malaysia,Jempol,1
2023-08-24,Malaysia,Perlis,2
2023-08-24,Malaysia,Hulu Langat,6
2023-07-17,Malaysia,Mersing,7
2023-03-12,Malaysia,Kampar,13
2023-11-21,Malaysia,Kuantan,10
2023-11-21,Malaysia,Kuala Selangor,1
2023-11-21,Malaysia,Seberang Perai Utara,7
2023-09-20,Malaysia,Kampar,4
2023-09-20,Malaysia,Langkawi,112
2023-09-20,Malaysia,Cameron Highlands,2
2023-02-09,Malaysia,Kulaijaya,13
2023-02-09,Malaysia,Seberang Perai Utara,7
2023-02-09,Malaysia,Lahad Datu,1
2023-08-27,Malaysia,Shah Alam,2
2023-08-13,Malaysia,Port Dickson,43
2023-03-01,Malaysia,Kuala Pilah,1
2023-03-01,Malaysia,Kuching,41
2023-03-01,Malaysia,Kuantan,50
2023-03-15,Malaysia,Perlis,2
2023-03-15,Malaysia,Kota Tinggi,9
2023-03-15,Malaysia,Barat Daya,10
2023-03-15,Malaysia,Klang,6
2023-08-12,Malaysia,Langkawi,43
2023-08-12,Malaysia,Tampin,1
2023-08-12,Malaysia,Barat Daya,3
2023-08-12,Malaysia,Shah Alam,1
2023-04-22,Malaysia,Kota Bharu,2
2023-03-29,Malaysia,Johor Bahru,225
2023-02-08,Malaysia,Kuala Langat,2
2023-08-26,Malaysia,Rompin,3
2023-10-12,Malaysia,Kota Setar,11
2023-10-12,Malaysia,Kuala Lumpur,500
2023-10-12,Malaysia,Batang Padang,1
2023-07-19,Malaysia,Kuala Lumpur,503
2023-07-19,Malaysia,Miri,2
2023-07-19,Malaysia,Sibu,1
2023-07-05,Malaysia,Hulu Langat,9
2023-03-14,Malaysia,Kuala Muda,10
2023-04-05,Malaysia,Kuantan,20
2023-11-19,Malaysia,Kulim,1
2023-01-21,Malaysia,Bentong,18
2023-04-19,Malaysia,Ledang,5
2023-09-16,Malaysia,Seremban,18
2023-08-09,Malaysia,Kuantan,1
2023-05-11,Malaysia,Pasir Putih,1
2023-09-01,Malaysia,Kampar,4
2023-04-04,Malaysia,Kota Kinabalu,7
2023-04-18,Malaysia,Malacca City,95
2023-09-29,Malaysia,Bintulu,1
2023-11-05,Malaysia,Kota Tinggi,20
2023-04-07,Malaysia,Malacca City,105
2023-04-07,Malaysia,Lahad Datu,1
2023-04-07,Malaysia,Kuala Terengganu,2
2023-11-02,Malaysia,Kuantan,25
2023-09-04,Malaysia,Seberang Perai Utara,3
2023-09-04,Malaysia,Malacca City,162
2023-11-03,Malaysia,Hulu Langat,6
2023-11-18,Malaysia,Johor Bahru,166
2023-05-28,Malaysia,Hulu Langat,7
2023-05-13,Malaysia,Kota Setar,6
2023-05-14,Malaysia,Cameron Highlands,2
2023-09-19,Malaysia,Kota Tinggi,12
2023-05-27,Malaysia,Seberang Perai Utara,1
2023-05-27,Malaysia,Bera,1
2023-04-15,Malaysia,Pekan,1
2023-04-15,Malaysia,Keningau,3
2023-10-07,Malaysia,Rompin,1
2023-10-07,Malaysia,Barat Daya,6
2023-10-07,Malaysia,Hulu Langat,2
2023-10-07,Malaysia,Seberang Perai Utara,1
2023-04-29,Malaysia,Shah Alam,16
2023-03-08,Malaysia,Batu Pahat,25
2023-05-21,Malaysia,Ranau,9
2023-05-21,Malaysia,Kota Kinabalu,13
2023-05-21,Malaysia,Kota Tinggi,11
2023-05-21,Malaysia,Kuala Selangor,1
2023-11-01,Malaysia,Barat Daya,10
2023-08-19,Malaysia,Kuching,13
2023-08-05,Malaysia,Kinta,37
2023-08-05,Malaysia,Muar,5
2023-09-26,Malaysia,Kluang,8
2023-09-26,Malaysia,Kota Kinabalu,2
2023-04-14,Malaysia,Kulaijaya,21
2023-04-14,Malaysia,Seremban,21
2023-04-14,Malaysia,Lahad Datu,2
2023-09-11,Malaysia,Perak Tengah,1
2023-04-28,Malaysia,Barat Daya,15
2023-04-28,Malaysia,Kuantan,21
2023-04-28,Malaysia,Pontian,1
2023-09-12,Malaysia,Kampar,2
2023-11-15,Malaysia,Perlis,1
2023-11-15,Malaysia,Pendang,1
2023-11-15,Malaysia,Seremban,28
2023-11-15,Malaysia,Port Dickson,19
2023-03-07,Malaysia,Kota Bharu,3
2023-08-04,Malaysia,Port Dickson,37
2023-08-04,Malaysia,Kuala Selangor,3
2023-08-18,Malaysia,Batu Pahat,2
2023-04-13,Malaysia,Setiu,1
2023-09-14,Malaysia,Kuala Pilah,1
2023-09-14,Malaysia,Kota Tinggi,19
2023-09-28,Malaysia,Kota Kinabalu,3
2023-10-06,Malaysia,Kota Setar,4
2023-08-07,Malaysia,Kota Setar,2
2023-08-07,Malaysia,Rompin,4
2023-04-17,Malaysia,Kuala Muda,5
2023-04-17,Malaysia,Lahad Datu,1
2023-04-17,Malaysia,Tawau,4
2023-05-24,Malaysia,Keningau,3
2023-04-16,Malaysia,Johor Bahru,207
2023-05-23,Malaysia,Kota Kinabalu,17
2023-05-23,Malaysia,Jempol,2
2023-01-30,Malaysia,Penang Island,148
2023-04-03,Malaysia,Kota Kinabalu,10
2023-09-27,Malaysia,Kuala Lumpur,463
2023-06-13,Malaysia,Ranau,3
2023-03-09,Malaysia,Malacca City,143
2023-03-09,Malaysia,Kubang Pasu,2
2023-05-22,Malaysia,Penang Island,259
2023-01-01,Malaysia,Kuching,14
2023-01-01,Malaysia,Kota Setar,16
2023-01-01,Malaysia,Tawau,1
2023-02-22,Malaysia,Mersing,1
2023-05-06,Malaysia,Bentong,44
2023-04-01,Malaysia,Kampar,7
2023-05-22,Malaysia,Bintulu,4
2023-05-22,Malaysia,Kuala Langat,5
2023-04-02,Malaysia,Batu Pahat,3
2023-04-02,Malaysia,Kluang,2
2023-06-27,Malaysia,Johor Bahru,321
2023-06-26,Malaysia,Port Dickson,32
2023-01-18,Malaysia,Kuala Lumpur,177
2023-02-21,Malaysia,Shah Alam,13
2023-02-21,Malaysia,Barat Daya,11
2023-02-21,Malaysia,Kampar,5
2023-06-01,Malaysia,Kuala Krai,1
2023-06-11,Malaysia,Klang,6
2023-01-29,Malaysia,Jempol,1
2023-01-29,Malaysia,Seberang Perai Utara,3
2023-05-05,Malaysia,Pekan,2
2023-02-10,Malaysia,Cameron Highlands,5
2023-03-31,Malaysia,Seberang Perai Selatan,2
2023-06-29,Malaysia,Kulaijaya,13
2023-05-08,Malaysia,Klang,17
2023-01-15,Malaysia,Kuching,17
2023-01-17,Malaysia,Bentong,13
2023-01-02,Malaysia,Kluang,1
2023-06-12,Malaysia,Hulu Langat,5
2023-06-12,Malaysia,Kuala Muda,6
2023-06-14,Malaysia,Kinta,49
2023-06-14,Malaysia,Seberang Perai Utara,6
2023-06-15,Malaysia,Kampar,6
2023-04-09,Malaysia,Barat Daya,3
2023-06-28,Malaysia,Jempol,2
2023-07-20,Malaysia,Raub,3
2023-05-07,Malaysia,Kota Kinabalu,4
2023-03-30,Malaysia,Kota Setar,12
2023-03-30,Malaysia,Jempol,4
2023-02-23,Malaysia,Port Dickson,36
2023-02-23,Malaysia,Kota Tinggi,8
2023-11-09,Malaysia,Muar,11
2023-11-09,Malaysia,Kuching,25
2023-11-09,Malaysia,Kota Tinggi,36
2023-01-24,Malaysia,Seremban,37
2023-01-24,Malaysia,Mersing,1
2023-05-15,Malaysia,Seberang Perai Tengah,19
2023-05-15,Malaysia,Pasir Putih,1
2023-05-16,Malaysia,Kuala Pilah,2
2023-05-16,Malaysia,Langkawi,92
2023-05-16,Malaysia,Tambunan,1
2023-01-16,Malaysia,Larut and Matang,1
2023-01-16,Malaysia,Seremban,41
2023-05-15,Malaysia,Tawau,2
2023-09-05,Malaysia,Penang Island,186
2023-01-25,Malaysia,Kuala Muda,5
2023-01-25,Malaysia,Rompin,1
2023-07-21,Malaysia,Ranau,1
2023-01-11,Malaysia,Muar,8
2023-05-01,Malaysia,Pekan,1
2023-05-01,Malaysia,Barat Daya,4
2023-01-13,Malaysia,Tampin,1
2023-01-28,Malaysia,Kulaijaya,6
2023-05-18,Malaysia,Barat Daya,9
2023-05-18,Malaysia,Perlis,1
2023-05-18,Malaysia,Pasir Putih,1
2023-06-22,Malaysia,Kulim,1
2023-06-22,Malaysia,Lawas,1
2023-02-20,Malaysia,Kuala Muda,15
2023-05-04,Malaysia,Kinta,47
2023-05-04,Malaysia,Shah Alam,15
2023-05-04,Malaysia,Kluang,8
2023-06-21,Malaysia,Kota Setar,3
2023-06-21,Malaysia,Kota Bharu,3
2023-06-24,Malaysia,Dungun,1
2023-01-27,Malaysia,Pekan,1
2023-01-26,Malaysia,Kubang Pasu,3
2023-09-08,Malaysia,Temerloh,1
2023-09-08,Malaysia,Lawas,1
2023-07-31,Malaysia,Kota Bharu,3
2023-07-30,Malaysia,Tawau,1
2023-11-08,Malaysia,Genting Highlands,48
2023-02-17,Malaysia,Langkawi,53
2023-02-17,Malaysia,Kubang Pasu,8
2023-02-17,Malaysia,Ranau,2
2023-08-21,Malaysia,Hulu Langat,13
2023-08-21,Malaysia,Kuala Terengganu,4
2023-07-14,Malaysia,Kluang,5
2023-04-30,Malaysia,Miri,1
2023-04-30,Malaysia,Kinta,39
2023-04-30,Malaysia,Kuala Terengganu,4
2023-02-02,Malaysia,Kota Tinggi,13
2023-03-23,Malaysia,Malacca City,84
2023-08-20,Malaysia,Kampar,2
2023-08-20,Malaysia,Penang Island,127
2023-02-16,Malaysia,Malacca City,150
2023-10-24,Malaysia,Port Dickson,14
2023-07-13,Malaysia,Seremban,21
2023-07-13,Malaysia,Jempol,1
2023-07-13,Malaysia,Kuantan,3
2023-06-06,Malaysia,Penang Island,162
2023-06-06,Malaysia,Temerloh,6
2023-06-06,Malaysia,Pontian,1
2023-07-27,Malaysia,Muar,11
2023-02-15,Malaysia,Jempol,2
2023-10-10,Malaysia,Kuala Lumpur,639
2023-10-10,Malaysia,Kuantan,16
2023-08-23,Malaysia,Seberang Perai Utara,1
2023-08-23,Malaysia,Bentong,34
2023-07-02,Malaysia,Kuala Muda,4
2023-07-02,Malaysia,Kuala Selangor,1
2023-03-26,Malaysia,Tampin,2
2023-03-11,Malaysia,Bentong,32
2023-03-11,Malaysia,Bera,1
2023-02-19,Malaysia,Kluang,3
2023-02-19,Malaysia,Tanah Merah,1
2023-02-04,Malaysia,Muar,13
2023-02-04,Malaysia,Kemaman,1
2023-10-21,Malaysia,Muar,12
2023-03-25,Malaysia,Malacca City,74
2023-08-22,Malaysia,Kuala Langat,1
2023-08-22,Malaysia,Temerloh,2
2023-07-15,Malaysia,Seremban,24
2023-07-15,Malaysia,Raub,1
2023-02-18,Malaysia,Seberang Perai Utara,2
2023-07-15,Malaysia,Kampar,5
2023-07-29,Malaysia,Barat Daya,12
2023-03-24,Malaysia,Kluang,3
2023-02-03,Malaysia,Seremban,27
2023-02-03,Malaysia,Tawau,2
2023-01-06,Malaysia,Barat Daya,2
2023-01-06,Malaysia,Shah Alam,9
2023-07-24,Malaysia,Kuala Terengganu,5
2023-02-12,Malaysia,Penampang,3
2023-02-12,Malaysia,Kuala Terengganu,5
2023-06-17,Malaysia,Seremban,25
2023-06-17,Malaysia,Kuala Terengganu,11
2023-02-26,Malaysia,Lahad Datu,7
2023-01-19,Malaysia,Malacca City,142
2023-01-19,Malaysia,Kerian,1
2023-06-02,Malaysia,Kuala Lumpur,437
2023-06-02,Malaysia,Kuala Pilah,1
2023-06-02,Malaysia,Kota Kinabalu,10
2023-06-02,Malaysia,Kluang,5
2023-06-16,Malaysia,Putrajaya,1
2023-06-16,Malaysia,Semporna,3
2023-06-16,Malaysia,Perak Tengah,1
2023-05-09,Malaysia,Tawau,2
2023-02-11,Malaysia,Bentong,28
2023-10-20,Malaysia,Johor Bahru,200
2023-07-12,Malaysia,Cameron Highlands,3
2023-06-05,Malaysia,Shah Alam,8
2023-06-05,Malaysia,Kinta,38
2023-01-04,Malaysia,Shah Alam,15
2023-01-08,Malaysia,Bentong,12
2023-01-08,Malaysia,Langkawi,35
2023-01-08,Malaysia,Putatan,1
2023-06-19,Malaysia,Johor Bahru,326
2023-06-19,Malaysia,Kota Kinabalu,14
2023-06-19,Malaysia,Kuantan,5
2023-07-26,Malaysia,Kota Kinabalu,3
2023-07-26,Malaysia,Lawas,1
2023-02-14,Malaysia,Rompin,2
2023-02-14,Malaysia,Kuala Muda,10
2023-10-31,Malaysia,Kulim,3
2023-02-28,Malaysia,Kulaijaya,19
2023-02-28,Malaysia,Barat Daya,20
2023-06-04,Malaysia,Johor Bahru,264
2023-07-11,Malaysia,Kuantan,11
2023-03-20,Malaysia,Kota Setar,8
2023-07-25,Malaysia,Kinta,32
2023-02-13,Malaysia,Sandakan,5
2023-08-31,Malaysia,Tuaran,1
2023-04-25,Malaysia,Hulu Langat,6
2023-10-17,Malaysia,Seberang Perai Selatan,6
2023-08-01,Malaysia,Manjung,2
2023-08-01,Malaysia,Miri,2
2023-09-22,Malaysia,Kuching,15
2023-10-03,Malaysia,Langkawi,123
2023-10-03,Malaysia,Batu Pahat,4
2023-03-18,Malaysia,Tawau,2
2023-05-31,Malaysia,Kluang,8
2023-03-03,Malaysia,Tawau,1
2023-07-08,Malaysia,Mersing,4
2023-07-08,Malaysia,Segamat,1
2023-03-03,Malaysia,Rompin,1
2023-04-10,Malaysia,Kuala Muda,13
2023-04-24,Malaysia,Perlis,4
2023-11-10,Malaysia,Pendang,1
2023-09-21,Malaysia,Jempol,5
2023-09-21,Malaysia,Kulaijaya,14
2023-03-17,Malaysia,Cameron Highlands,2
2023-05-30,Malaysia,Serian,1
2023-05-30,Malaysia,Seberang Perai Utara,1
2023-07-07,Malaysia,Perak Tengah,1
2023-07-07,Malaysia,Manjung,1
2023-08-14,Malaysia,Hulu Langat,13
2023-09-10,Malaysia,Perak Tengah,1
2023-10-29,Malaysia,Penang Island,185
2023-04-27,Malaysia,Seremban,30
2023-04-27,Malaysia,Bentong,35
2023-04-27,Malaysia,Batang Padang,1
2023-03-06,Malaysia,Malacca City,140
2023-10-15,Malaysia,Penang Island,137
2023-08-03,Malaysia,Kinta,35
2023-08-17,Malaysia,Hulu Langat,8
2023-08-17,Malaysia,Kuala Muda,1
2023-10-01,Malaysia,Kota Tinggi,19
2023-10-16,Malaysia,Muar,10
2023-10-16,Malaysia,Hulu Langat,2
2023-10-16,Malaysia,Kota Tinggi,17
2023-10-16,Malaysia,Kota Kinabalu,3
2023-03-05,Malaysia,Kota Setar,2
2023-03-05,Malaysia,Barat Daya,4
2023-03-05,Malaysia,Jempol,3
2023-03-19,Malaysia,Kinta,26
2023-08-02,Malaysia,Seremban,29
2023-04-26,Malaysia,Kinta,46
2023-04-26,Malaysia,Pontian,1
2023-04-26,Malaysia,Batang Padang,1
2023-09-23,Malaysia,Kuala Terengganu,2
2023-04-11,Malaysia,Kuching,24
2023-04-11,Malaysia,Kota Bharu,2
2023-02-07,Malaysia,Lahad Datu,2
2023-08-11,Malaysia,Hulu Langat,8
2023-08-11,Malaysia,Lawas,1
2023-07-04,Malaysia,Temerloh,3
2023-07-04,Malaysia,Sri Aman,1
2023-07-04,Malaysia,Kubang Pasu,1
2023-07-04,Malaysia,Raub,1
2023-08-25,Malaysia,Temerloh,2
2023-03-28,Malaysia,Lawas,1
2023-07-18,Malaysia,Kulaijaya,24
2023-07-18,Malaysia,Cameron Highlands,5
2023-07-18,Malaysia,Kuala Selangor,5
2023-07-18,Malaysia,Kluang,2
2023-11-20,Malaysia,Kuching,25
2023-08-10,Malaysia,Putrajaya,1
2023-03-13,Malaysia,Seberang Perai Selatan,3
2023-03-13,Malaysia,Kuala Pilah,1
2023-03-13,Malaysia,Kota Kinabalu,9
2023-08-24,Malaysia,Seremban,30
2023-08-24,Malaysia,Cameron Highlands,2
2023-07-17,Malaysia,Malacca City,171
2023-07-17,Malaysia,Kulaijaya,39
2023-07-17,Malaysia,Kota Tinggi,6
2023-03-12,Malaysia,Kuantan,27
2023-11-21,Malaysia,Kota Setar,12
2023-11-21,Malaysia,Kuala Terengganu,1
2023-03-16,Malaysia,Tampin,1
2023-10-25,Malaysia,Hulu Langat,5
2023-09-30,Malaysia,Kuching,23
2023-10-11,Malaysia,Tampin,1
2023-02-09,Malaysia,Besut,3
2023-10-26,Malaysia,Klang,29
2023-10-26,Malaysia,Seremban,25
2023-07-06,Malaysia,Besut,1
2023-03-15,Malaysia,Seberang Perai Tengah,9
2023-08-12,Malaysia,Kota Setar,2
2023-03-29,Malaysia,Kuala Pilah,1
2023-03-01,Malaysia,Pasir Putih,2
2023-02-08,Malaysia,Kuching,19
2023-08-26,Malaysia,Kota Bharu,3
2023-04-21,Malaysia,Kubang Pasu,3
2023-10-12,Malaysia,Kota Tinggi,32
2023-07-05,Malaysia,Segamat,4
2023-07-05,Malaysia,Penang Island,207
2023-04-05,Malaysia,Kluang,4
2023-09-02,Malaysia,Putrajaya,1
2023-11-19,Malaysia,Batu Pahat,3
2023-09-16,Malaysia,Seberang Perai Tengah,5
2023-08-09,Malaysia,Kota Bharu,1
2023-05-26,Malaysia,Kota Kinabalu,16
2023-05-26,Malaysia,Lawas,1
2023-05-11,Malaysia,Klang,7
2023-05-11,Malaysia,Kluang,5
2023-04-04,Malaysia,Rompin,2
2023-09-15,Malaysia,Kuala Lumpur,431
2023-04-18,Malaysia,Seberang Perai Selatan,1
2023-04-18,Malaysia,Seberang Perai Utara,1
2023-09-29,Malaysia,Muar,10
2023-09-29,Malaysia,Kuala Lumpur,468
2023-09-29,Malaysia,Shah Alam,18
2023-05-10,Malaysia,Kuala Terengganu,8
2023-08-08,Malaysia,Kuantan,5
2023-08-08,Malaysia,Bentong,19
2023-11-02,Malaysia,Kota Bharu,4
2023-09-04,Malaysia,Batang Padang,9
2023-11-03,Malaysia,Kota Bharu,11
2023-01-23,Malaysia,Kuala Pilah,2
2023-11-18,Malaysia,Manjung,5
2023-09-19,Malaysia,Seberang Perai Tengah,7
2023-01-22,Malaysia,Kota Bharu,2
2023-01-22,Malaysia,Alor Gajah,1
2023-11-14,Malaysia,Kampar,7
2023-11-14,Malaysia,Kota Setar,12
2023-04-15,Malaysia,Langkawi,62
2023-04-15,Malaysia,Larut and Matang,1
2023-04-06,Malaysia,Kota Kinabalu,16
2023-10-07,Malaysia,Kuching,34
2023-10-07,Malaysia,Johor Bahru,210
2023-03-08,Malaysia,Perlis,3
2023-03-08,Malaysia,Kubang Pasu,3
2023-03-08,Malaysia,Pontian,1
2023-05-21,Malaysia,Kampar,8
2023-05-21,Malaysia,Kuala Muda,5
2023-10-08,Malaysia,Kota Setar,14
2023-04-14,Malaysia,Penang Island,180
2023-04-14,Malaysia,Kuala Muda,9
2023-08-05,Malaysia,Shah Alam,11
2023-08-05,Malaysia,Batu Pahat,2
2023-08-05,Malaysia,Kluang,2
2023-08-05,Malaysia,Pasir Putih,1
2023-09-11,Malaysia,Rompin,1
2023-03-08,Malaysia,Cameron Highlands,2
2023-09-12,Malaysia,Kluang,5
2023-11-15,Malaysia,Alor Gajah,1
2023-03-07,Malaysia,Port Dickson,66
2023-08-04,Malaysia,Kulaijaya,18
2023-09-25,Malaysia,Cameron Highlands,7
2023-06-30,Malaysia,Bentong,27
2023-09-28,Malaysia,Malacca City,170
2023-10-06,Malaysia,Kampar,7
2023-10-06,Malaysia,Batu Pahat,4
2023-10-06,Malaysia,Pendang,1
2023-08-07,Malaysia,Langkawi,46
2023-08-07,Malaysia,Kuantan,5
2023-05-24,Malaysia,Kluang,20
2023-05-24,Malaysia,Tawau,3
2023-05-23,Malaysia,Seremban,35
2023-05-23,Malaysia,Tampin,1
2023-01-30,Malaysia,Hulu Langat,9
2023-01-30,Malaysia,Kota Tinggi,11
2023-04-03,Malaysia,Kinta,31
2023-06-30,Malaysia,Manjung,4
2023-09-27,Malaysia,Perlis,4
2023-10-05,Malaysia,Perlis,3
2023-10-05,Malaysia,Penang Island,240
2023-06-13,Malaysia,Pontian,1
2023-04-01,Malaysia,Muar,3
2023-11-12,Malaysia,Seremban,13
2023-11-12,Malaysia,Barat Daya,10
2023-11-12,Malaysia,Putrajaya,1
2023-02-22,Malaysia,Barat Daya,17
2023-08-06,Malaysia,Kampar,8
2023-05-06,Malaysia,Batang Padang,3
2023-05-06,Malaysia,Lawas,3
2023-09-13,Malaysia,Port Dickson,21
2023-05-22,Malaysia,Klang,11
2023-04-02,Malaysia,Seremban,20
2023-06-27,Malaysia,Batu Pahat,8
2023-06-27,Malaysia,Kota Tinggi,9
2023-05-05,Malaysia,Penang Island,213
2023-05-05,Malaysia,Port Dickson,21
2023-02-21,Malaysia,Klang,10
2023-06-01,Malaysia,Hulu Langat,9
2023-06-01,Malaysia,Bentong,41
2023-06-01,Malaysia,Kuala Terengganu,6
2023-02-10,Malaysia,Johor Bahru,261
2023-10-30,Malaysia,Barat Daya,13
2023-01-29,Malaysia,Langkawi,62
2023-01-29,Malaysia,Malacca City,114
2023-05-05,Malaysia,Kuala Terengganu,3
2023-05-19,Malaysia,Kuala Pilah,1
2023-05-19,Malaysia,Muar,4
2023-05-19,Malaysia,Seberang Perai Utara,1
2023-05-08,Malaysia,Perlis,1
2023-01-15,Malaysia,Kota Tinggi,15
2023-01-14,Malaysia,Perlis,1
2023-01-14,Malaysia,Port Dickson,13
2023-01-14,Malaysia,Klang,5
2023-01-14,Malaysia,Pasir Putih,1
2023-01-17,Malaysia,Kota Setar,4
2023-01-17,Malaysia,Manjung,2
2023-01-02,Malaysia,Kampar,2
2023-06-14,Malaysia,Perlis,2
2023-06-14,Malaysia,Kemaman,1
2023-06-15,Malaysia,Kulaijaya,15
2023-06-15,Malaysia,Kota Kinabalu,12
2023-06-15,Malaysia,Barat Daya,1
2023-04-09,Malaysia,Muar,3
2023-04-09,Malaysia,Kluang,5
2023-04-09,Malaysia,Kuala Terengganu,4
2023-04-09,Malaysia,Kuala Langat,2
2023-04-09,Malaysia,Bintulu,1
2023-06-26,Malaysia,Kulim,1
2023-06-23,Malaysia,Bentong,49
2023-06-23,Malaysia,Pekan,2
2023-05-02,Malaysia,Kluang,3
2023-03-30,Malaysia,Perlis,1
2023-11-09,Malaysia,Genting Highlands,57
2023-01-24,Malaysia,Kluang,2
2023-05-15,Malaysia,Shah Alam,17
2023-09-09,Malaysia,Kuala Lumpur,440
2023-09-09,Malaysia,Klang,9
2023-09-09,Malaysia,Kampar,3
2023-09-09,Malaysia,Shah Alam,8
2023-01-10,Malaysia,Mersing,1
2023-05-16,Malaysia,Barat Daya,5
2023-05-29,Malaysia,Johor Bahru,382
2023-01-25,Malaysia,Kuching,16
2023-09-06,Malaysia,Penang Island,146
2023-02-24,Malaysia,Shah Alam,30
2023-02-24,Malaysia,Kuantan,24
2023-02-24,Malaysia,Pasir Putih,1
2023-07-21,Malaysia,Muar,13
2023-07-21,Malaysia,Kuantan,9
2023-01-11,Malaysia,Langkawi,43
2023-05-01,Malaysia,Tuaran,1
2023-09-05,Malaysia,Rompin,3
2023-09-05,Malaysia,Kuala Selangor,1
2023-01-13,Malaysia,Kulaijaya,14
2023-01-13,Malaysia,Cameron Highlands,2
2023-01-28,Malaysia,Pontian,1
2023-02-20,Malaysia,Kulim,1
2023-02-20,Malaysia,Muar,18
2023-05-04,Malaysia,Kuala Pilah,3
2023-01-27,Malaysia,Jasin,1
2023-01-27,Malaysia,Kubang Pasu,3
2023-01-12,Malaysia,Putrajaya,2
2023-01-12,Malaysia,Pekan,4
2023-06-25,Malaysia,Kulaijaya,18
2023-07-31,Malaysia,Batu Pahat,2
2023-07-30,Malaysia,Putrajaya,1
2023-11-08,Malaysia,Cameron Highlands,1
2023-02-17,Malaysia,Port Dickson,35
2023-02-17,Malaysia,Kuala Terengganu,4
2023-06-07,Malaysia,Dungun,4
2023-07-28,Malaysia,Kuching,38
2023-02-02,Malaysia,Kota Setar,11
2023-03-23,Malaysia,Shah Alam,10
2023-03-23,Malaysia,Muar,2
2023-03-23,Malaysia,Segamat,2
2023-08-20,Malaysia,Batu Pahat,4
2023-02-16,Malaysia,Penang Island,260
2023-10-24,Malaysia,Muar,33
2023-10-24,Malaysia,Batu Pahat,5
2023-01-09,Malaysia,Klang,2
2023-03-22,Malaysia,Kampar,4
2023-03-22,Malaysia,Batu Pahat,3
2023-03-22,Malaysia,Larut and Matang,1
2023-06-06,Malaysia,Kuala Lumpur,403
2023-06-06,Malaysia,Muar,8
2023-06-06,Malaysia,Jempol,1
2023-07-27,Malaysia,Langkawi,58
2023-02-15,Malaysia,Seberang Perai Selatan,4
2023-02-15,Malaysia,Hulu Langat,23
2023-02-15,Malaysia,Bintulu,2
2023-02-15,Malaysia,Sandakan,8
2023-02-15,Malaysia,Keningau,1
2023-02-15,Malaysia,Perlis,3
2023-02-15,Malaysia,Penampang,3
2023-10-10,Malaysia,Muar,9
2023-10-10,Malaysia,Hulu Langat,3
2023-02-05,Malaysia,Kuala Lumpur,172
2023-08-23,Malaysia,Segamat,1
2023-07-02,Malaysia,Rompin,2
2023-03-26,Malaysia,Johor Bahru,209
2023-03-26,Malaysia,Tawau,5
2023-03-26,Malaysia,Kemaman,2
2023-02-19,Malaysia,Shah Alam,26
2023-02-04,Malaysia,Penang Island,105
2023-02-04,Malaysia,Miri,2
2023-03-25,Malaysia,Seberang Perai Selatan,2
2023-03-25,Malaysia,Tawau,2
2023-08-22,Malaysia,Seberang Perai Tengah,9
2023-02-18,Malaysia,Bintulu,1
2023-02-18,Malaysia,Cameron Highlands,2
2023-02-18,Malaysia,Kluang,6
2023-02-18,Malaysia,Tawau,2
2023-07-01,Malaysia,Bentong,26
2023-07-01,Malaysia,Langkawi,57
2023-07-01,Malaysia,Kampar,4
2023-07-01,Malaysia,Jempol,1
2023-07-15,Malaysia,Manjung,1
2023-07-29,Malaysia,Muar,5
2023-03-10,Malaysia,Larut and Matang,3
2023-06-08,Malaysia,Kota Setar,4
2023-03-24,Malaysia,Port Dickson,13
2023-02-03,Malaysia,Kuala Pilah,2
2023-02-03,Malaysia,Kota Kinabalu,19
2023-02-03,Malaysia,Keningau,1
2023-02-03,Malaysia,Batang Padang,1
2023-02-03,Malaysia,Kota Setar,3
2023-01-06,Malaysia,Putrajaya,3
2023-02-27,Malaysia,Kuala Lumpur,314
2023-06-03,Malaysia,Malacca City,133
2023-06-17,Malaysia,Port Dickson,35
2023-02-26,Malaysia,Larut and Matang,1
2023-08-30,Malaysia,Kinta,39
2023-01-19,Malaysia,Batang Padang,3
2023-02-25,Malaysia,Seberang Perai Selatan,6
2023-02-25,Malaysia,Seremban,44
2023-05-09,Malaysia,Kluang,1
2023-05-09,Malaysia,Kota Kinabalu,7
2023-02-11,Malaysia,Kuala Terengganu,4
2023-02-11,Malaysia,Segamat,1
2023-06-05,Malaysia,Bintulu,2
2023-06-05,Malaysia,Raub,8
2023-06-05,Malaysia,Segamat,3
2023-01-04,Malaysia,Penampang,1
2023-07-12,Malaysia,Ranau,1
2023-01-08,Malaysia,Seremban,33
2023-06-19,Malaysia,Rompin,3
2023-02-14,Malaysia,Seremban,48
2023-10-31,Malaysia,Manjung,4
2023-10-31,Malaysia,Langkawi,105
2023-03-21,Malaysia,Perlis,1
2023-02-14,Malaysia,Batu Pahat,6
2023-01-07,Malaysia,Kuala Muda,4
2023-03-20,Malaysia,Keningau,2
2023-07-25,Malaysia,Langkawi,77
2023-07-25,Malaysia,Kuala Langat,1
2023-07-25,Malaysia,Keningau,2
2023-02-13,Malaysia,Kuala Terengganu,11
2023-08-31,Malaysia,Johor Bahru,211
2023-08-31,Malaysia,Lawas,1
2023-08-31,Malaysia,Kuala Terengganu,1
2023-04-25,Malaysia,Klang,5
2023-10-17,Malaysia,Kuala Langat,1
2023-08-01,Malaysia,Perlis,4
2023-08-01,Malaysia,Barat Daya,5
2023-09-22,Malaysia,Kota Setar,13
2023-10-03,Malaysia,Hulu Langat,3
2023-03-04,Malaysia,Johor Bahru,283
2023-10-03,Malaysia,Tampin,1
2023-03-18,Malaysia,Langkawi,33
2023-03-18,Malaysia,Manjung,5
2023-05-31,Malaysia,Muar,12
2023-07-08,Malaysia,Perlis,1
2023-07-08,Malaysia,Kuala Lumpur,524
2023-03-03,Malaysia,Larut and Matang,1
2023-03-03,Malaysia,Kubang Pasu,2
2023-04-10,Malaysia,Penang Island,164
2023-04-10,Malaysia,Cameron Highlands,2
2023-04-10,Malaysia,Bentong,33
2023-04-24,Malaysia,Port Dickson,11
2023-03-17,Malaysia,Bentong,34
2023-10-18,Malaysia,Tawau,1
2023-07-07,Malaysia,Kulaijaya,24
2023-10-19,Malaysia,Perak Tengah,1
2023-10-19,Malaysia,Seberang Perai Utara,2
2023-11-11,Malaysia,Penang Island,266
2023-04-27,Malaysia,Putatan,2
2023-03-06,Malaysia,Kulaijaya,15
2023-03-06,Malaysia,Lahad Datu,1
2023-03-06,Malaysia,Maran,1
2023-10-15,Malaysia,Kinta,56
2023-10-15,Malaysia,Port Dickson,12
2023-08-03,Malaysia,Hulu Langat,4
2023-08-03,Malaysia,Klang,5
2023-08-17,Malaysia,Kampar,2
2023-10-01,Malaysia,Kuching,17
2023-09-24,Malaysia,Seberang Perai Utara,1
2023-10-16,Malaysia,Kluang,6
2023-10-16,Malaysia,Langkawi,87
2023-10-16,Malaysia,Perak Tengah,3
2023-04-12,Malaysia,Jempol,3
2023-04-12,Malaysia,Pontian,2
2023-10-02,Malaysia,Jempol,8
2023-04-26,Malaysia,Seberang Perai Tengah,12
2023-04-26,Malaysia,Kota Kinabalu,5
2023-04-26,Malaysia,Manjung,3
2023-09-23,Malaysia,Seberang Perai Selatan,4
2023-08-16,Malaysia,Kuala Muda,4
2023-08-02,Malaysia,Jempol,1
2023-07-09,Malaysia,Langkawi,89
2023-07-09,Malaysia,Pontian,3
2023-07-09,Malaysia,Kuala Krai,1
2023-10-27,Malaysia,Muar,16
2023-10-27,Malaysia,Klang,21
2023-10-27,Malaysia,Kulaijaya,18
2023-04-11,Malaysia,Lawas,1
2023-10-13,Malaysia,Rompin,5
2023-02-07,Malaysia,Malacca City,167
2023-02-07,Malaysia,Bentong,27
2023-02-07,Malaysia,Serian,2
2023-02-07,Malaysia,Keningau,3
2023-02-07,Malaysia,Rompin,1
2023-08-11,Malaysia,Batang Padang,5
2023-07-04,Malaysia,Tawau,1
2023-08-25,Malaysia,Kluang,7
2023-07-18,Malaysia,Kuala Langat,2
2023-07-18,Malaysia,Kota Tinggi,4
2023-11-20,Malaysia,Seremban,20
2023-07-18,Malaysia,Bintulu,1
2023-03-27,Malaysia,Kinta,20
2023-03-27,Malaysia,Muar,2
2023-08-10,Malaysia,Manjung,1
2023-08-10,Malaysia,Kuantan,2
2023-03-13,Malaysia,Kuala Muda,4
2023-08-24,Malaysia,Putrajaya,1
2023-07-17,Malaysia,Port Dickson,23
2023-03-12,Malaysia,Kuching,24
2023-11-21,Malaysia,Kinta,50
2023-10-25,Malaysia,Seremban,20
2023-09-30,Malaysia,Kinta,32
2023-09-30,Malaysia,Temerloh,1
2023-10-11,Malaysia,Kulaijaya,15
2023-02-09,Malaysia,Port Dickson,23
2023-02-09,Malaysia,Kuantan,27
2023-08-27,Malaysia,Kampar,7
2023-08-27,Malaysia,Tampin,1
2023-07-06,Malaysia,Kuantan,20
2023-03-01,Malaysia,Johor Bahru,322
2023-10-26,Malaysia,Batu Pahat,5
2023-10-26,Malaysia,Kota Setar,15
2023-07-06,Malaysia,Bintulu,1
2023-07-06,Malaysia,Pendang,1
2023-04-22,Malaysia,Kuala Lumpur,297
2023-04-22,Malaysia,Kota Setar,1
2023-03-29,Malaysia,Shah Alam,6
2023-03-01,Malaysia,Muar,13
2023-02-08,Malaysia,Penampang,2
2023-02-08,Malaysia,Mersing,2
2023-08-26,Malaysia,Kuantan,38
2023-08-26,Malaysia,Manjung,3
2023-08-26,Malaysia,Cameron Highlands,2
2023-04-21,Malaysia,Langkawi,54
2023-10-12,Malaysia,Langkawi,99
2023-10-12,Malaysia,Seberang Perai Tengah,13
2023-03-14,Malaysia,Kuala Selangor,2
2023-04-05,Malaysia,Hulu Langat,14
2023-04-05,Malaysia,Tampin,2
2023-09-02,Malaysia,Kuantan,12
2023-09-02,Malaysia,Tawau,1
2023-09-16,Malaysia,Kubang Pasu,1
2023-08-09,Malaysia,Kuala Lumpur,447
2023-08-09,Malaysia,Kuala Langat,1
2023-05-26,Malaysia,Ranau,4
2023-05-11,Malaysia,Bintulu,1
2023-04-04,Malaysia,Lahad Datu,1
2023-01-20,Malaysia,Klang,9
2023-01-20,Malaysia,Langkawi,25
2023-09-15,Malaysia,Kinta,40
2023-04-18,Malaysia,Shah Alam,4
2023-11-16,Malaysia,Seremban,30
2023-11-16,Malaysia,Cameron Highlands,2
2023-05-28,Malaysia,Klang,17
2023-05-28,Malaysia,Jempol,2
2023-09-04,Malaysia,Kuala Terengganu,4
2023-11-03,Malaysia,Batang Padang,3
2023-09-18,Malaysia,Jempol,2
2023-01-23,Malaysia,Kuala Langat,2
2023-01-23,Malaysia,Kota Setar,3
2023-11-18,Malaysia,Seremban,13
2023-09-17,Malaysia,Barat Daya,3
2023-05-28,Malaysia,Miri,1
2023-05-27,Malaysia,Kuching,23
2023-05-27,Malaysia,Tampin,2
2023-05-27,Malaysia,Cameron Highlands,5
2023-09-03,Malaysia,Langkawi,57
2023-05-12,Malaysia,Kuala Krai,1
2023-11-14,Malaysia,Kuantan,3
2023-04-15,Malaysia,Setiu,1
2023-04-06,Malaysia,Kinta,27
2023-04-06,Malaysia,Seremban,23
2023-04-06,Malaysia,Sabak Bernam,1
2023-10-07,Malaysia,Perak Tengah,1
2023-04-29,Malaysia,Seremban,22
2023-04-29,Malaysia,Kota Kinabalu,19
2023-11-01,Malaysia,Miri,1
2023-10-08,Malaysia,Bentong,1
2023-10-08,Malaysia,Batu Pahat,2
2023-09-26,Malaysia,Putrajaya,3
2023-04-14,Malaysia,Bentong,28
2023-08-05,Malaysia,Kota Tinggi,14
2023-08-05,Malaysia,Rompin,1
2023-09-11,Malaysia,Penang Island,156
2023-09-11,Malaysia,Batu Pahat,7
2023-09-11,Malaysia,Kota Setar,5
2023-09-11,Malaysia,Shah Alam,9
2023-04-28,Malaysia,Kuala Lumpur,358
2023-04-28,Malaysia,Bentong,38
2023-09-12,Malaysia,Muar,4
2023-03-07,Malaysia,Penang Island,280
2023-03-07,Malaysia,Batu Pahat,21
2023-03-07,Malaysia,Sibu,1
2023-03-07,Malaysia,Hulu Selangor,1
2023-08-18,Malaysia,Seberang Perai Utara,2
2023-04-13,Malaysia,Bentong,39
2023-10-09,Malaysia,Johor Bahru,205
2023-10-09,Malaysia,Cameron Highlands,4
2023-09-14,Malaysia,Port Dickson,36
2023-09-28,Malaysia,Kota Tinggi,21
2023-11-13,Malaysia,Ranau,1
2023-10-06,Malaysia,Kubang Pasu,2
2023-04-17,Malaysia,Seberang Perai Selatan,3
2023-04-17,Malaysia,Seremban,17
2023-04-17,Malaysia,Cameron Highlands,1
2023-05-24,Malaysia,Johor Bahru,343
2023-05-24,Malaysia,Seberang Perai Selatan,8
2023-05-24,Malaysia,Kinta,57
2023-05-24,Malaysia,Klang,6
2023-04-16,Malaysia,Tampin,2
2023-04-16,Malaysia,Kinta,20
2023-01-30,Malaysia,Kuala Langat,2
2023-01-30,Malaysia,Rompin,4
2023-06-30,Malaysia,Kulaijaya,17
2023-06-13,Malaysia,Langkawi,69
2023-09-27,Malaysia,Kampar,5
2023-09-27,Malaysia,Bintulu,5
2023-09-27,Malaysia,Kulaijaya,18
2023-09-27,Malaysia,Kuala Muda,1
2023-10-05,Malaysia,Bentong,12
2023-06-13,Malaysia,Port Dickson,12
2023-03-09,Malaysia,Kuala Pilah,2
2023-01-01,Malaysia,Kuala Pilah,1
2023-02-22,Malaysia,Seberang Perai Tengah,22
2023-08-06,Malaysia,Klang,6
2023-09-13,Malaysia,Kinta,50
2023-04-01,Malaysia,Labuan,2
2023-05-22,Malaysia,Pasir Putih,2
2023-06-27,Malaysia,Kuching,39
2023-06-27,Malaysia,Seremban,16
2023-06-26,Malaysia,Cameron Highlands,3
2023-06-26,Malaysia,Kuantan,4
2023-05-05,Malaysia,Pendang,1
2023-01-18,Malaysia,Kampar,1
2023-02-21,Malaysia,Penang Island,262
2023-02-21,Malaysia,Kluang,2
2023-06-11,Malaysia,Seberang Perai Selatan,1
2023-06-11,Malaysia,Kuala Selangor,4
2023-02-10,Malaysia,Seberang Perai Tengah,4
2023-02-10,Malaysia,Jasin,1
2023-02-10,Malaysia,Bera,3
2023-10-30,Malaysia,Tuaran,1
2023-10-30,Malaysia,Temerloh,4
2023-05-19,Malaysia,Sabak Bernam,2
2023-03-31,Malaysia,Hulu Langat,18
2023-03-31,Malaysia,Kuala Muda,5
2023-03-31,Malaysia,Sandakan,1
2023-06-29,Malaysia,Kuala Langat,2
2023-06-29,Malaysia,Kanowit,1
2023-05-19,Malaysia,Shah Alam,41
2023-05-19,Malaysia,Seberang Perai Tengah,21
2023-01-15,Malaysia,Kuala Lumpur,185
2023-01-14,Malaysia,Kota Setar,5
2023-01-15,Malaysia,Jempol,2
2023-06-12,Malaysia,Seberang Perai Tengah,6
2023-06-14,Malaysia,Langkawi,72
2023-06-26,Malaysia,Mersing,3
2023-05-02,Malaysia,Penang Island,184
2023-07-20,Malaysia,Kulaijaya,24
2023-07-20,Malaysia,Besut,1
2023-07-20,Malaysia,Perak Tengah,2
2023-03-30,Malaysia,Kuala Terengganu,3
2023-02-23,Malaysia,Kulaijaya,12
2023-02-23,Malaysia,Kota Bharu,4
2023-01-03,Malaysia,Kuching,26
2023-01-03,Malaysia,Kota Setar,25
2023-01-03,Malaysia,Jempol,2
2023-01-03,Malaysia,Seberang Perai Utara,1
2023-04-08,Malaysia,Labuan,1
2023-11-09,Malaysia,Kulaijaya,24
2023-01-24,Malaysia,Penampang,8
2023-05-15,Malaysia,Putrajaya,1
2023-05-15,Malaysia,Tampin,1
2023-05-15,Malaysia,Cameron Highlands,1
2023-09-09,Malaysia,Sabak Bernam,1
2023-01-10,Malaysia,Manjung,2
2023-05-16,Malaysia,Kulim,2
2023-05-16,Malaysia,Kampar,2
2023-05-16,Malaysia,Klang,13
2023-05-16,Malaysia,Cameron Highlands,1
2023-01-16,Malaysia,Kubang Pasu,1
2023-01-16,Malaysia,Jeli,2
2023-05-29,Malaysia,Pontian,2
2023-09-05,Malaysia,Kota Kinabalu,4
2023-09-05,Malaysia,Langkawi,57
2023-01-25,Malaysia,Kulaijaya,9
2023-01-11,Malaysia,Jempol,3
2023-05-01,Malaysia,Jempol,2
2023-05-01,Malaysia,Kuala Terengganu,5
2023-01-13,Malaysia,Langkawi,35
2023-01-28,Malaysia,Lahad Datu,2
2023-09-08,Malaysia,Penampang,1
2023-05-18,Malaysia,Manjung,1
2023-05-18,Malaysia,Kuala Terengganu,8
2023-06-22,Malaysia,Kuala Terengganu,3
2023-06-22,Malaysia,Batu Pahat,8
2023-06-22,Malaysia,Tuaran,2
2023-02-20,Malaysia,Kuala Selangor,2
2023-05-04,Malaysia,Seberang Perai Tengah,9
2023-05-04,Malaysia,Kota Tinggi,2
2023-06-21,Malaysia,Hulu Langat,5
2023-11-06,Malaysia,Manjung,7
2023-06-10,Malaysia,Kulaijaya,16
2023-01-27,Malaysia,Shah Alam,12
2023-01-27,Malaysia,Bentong,27
2023-01-27,Malaysia,Kota Tinggi,18
2023-06-10,Malaysia,Bera,1
2023-01-12,Malaysia,Kuala Kangsar,1
2023-01-26,Malaysia,Kuching,13
2023-05-17,Malaysia,Temerloh,4
2023-05-17,Malaysia,Ranau,9
2023-09-08,Malaysia,Shah Alam,18
2023-07-31,Malaysia,Kuching,28
2023-09-07,Malaysia,Kluang,14
2023-05-03,Malaysia,Tampin,1
2023-11-08,Malaysia,Shah Alam,27
2023-01-26,Malaysia,Kota Bharu,1
2023-07-14,Malaysia,Port Dickson,24
2023-04-30,Malaysia,Shah Alam,14
2023-06-07,Malaysia,Cameron Highlands,2
2023-06-07,Malaysia,Temerloh,1
2023-02-02,Malaysia,Seberang Perai Selatan,6
2023-02-02,Malaysia,Kuantan,14
2023-03-23,Malaysia,Kuala Pilah,1
2023-03-23,Malaysia,Perlis,1
2023-02-16,Malaysia,Seberang Perai Selatan,2
2023-02-16,Malaysia,Seremban,38
2023-02-16,Malaysia,Marang,1
2023-01-09,Malaysia,Alor Gajah,1
2023-02-01,Malaysia,Miri,6
2023-03-22,Malaysia,Muar,2
2023-03-22,Malaysia,Kuala Krai,1
2023-06-06,Malaysia,Seremban,13
2023-02-15,Malaysia,Seberang Perai Tengah,9
2023-02-15,Malaysia,Labuan,3
2023-02-05,Malaysia,Serian,3
2023-02-05,Malaysia,Ranau,1
2023-08-23,Malaysia,Penang Island,167
2023-08-23,Malaysia,Kulaijaya,18
2023-07-02,Malaysia,Bentong,34
2023-03-26,Malaysia,Hulu Langat,9
2023-03-26,Malaysia,Muar,6
2023-03-11,Malaysia,Ranau,2
2023-02-19,Malaysia,Kulaijaya,17
2023-02-19,Malaysia,Batu Pahat,3
2023-07-16,Malaysia,Hulu Langat,9
2023-07-16,Malaysia,Shah Alam,14
2023-02-04,Malaysia,Kinta,33
2023-02-04,Malaysia,Rompin,2
2023-03-25,Malaysia,Seberang Perai Tengah,16
2023-06-09,Malaysia,Kota Setar,2
2023-06-09,Malaysia,Perlis,1
2023-06-09,Malaysia,Batang Padang,1
2023-02-18,Malaysia,Batu Pahat,9
2023-07-01,Malaysia,Kinta,22
2023-07-01,Malaysia,Muar,2
2023-10-22,Malaysia,Rompin,5
2023-10-22,Malaysia,Kuching,12
2023-10-22,Malaysia,Malacca City,149
2023-10-22,Malaysia,Sabak Bernam,1
2023-10-22,Malaysia,Seberang Perai Utara,1
2023-07-29,Malaysia,Labuan,1
2023-03-10,Malaysia,Shah Alam,16
2023-03-10,Malaysia,Bentong,81
2023-03-24,Malaysia,Penang Island,155
2023-03-24,Malaysia,Kulaijaya,14
2023-03-24,Malaysia,Klang,10
2023-03-24,Malaysia,Kuantan,12
2023-02-03,Malaysia,Seberang Perai Tengah,8
2023-01-06,Malaysia,Kampar,1
2023-01-06,Malaysia,Mersing,1
2023-02-27,Malaysia,Seberang Perai Tengah,15
2023-02-27,Malaysia,Muar,13
2023-07-24,Malaysia,Hulu Langat,10
2023-02-26,Malaysia,Malacca City,112
2023-08-30,Malaysia,Seremban,24
2023-08-30,Malaysia,Ledang,1
2023-07-23,Malaysia,Seberang Perai Utara,1
2023-01-19,Malaysia,Pekan,1
2023-01-19,Malaysia,Ranau,3
2023-06-16,Malaysia,Kluang,7
2023-06-16,Malaysia,Perlis,5
2023-06-16,Malaysia,Kampar,6
2023-05-09,Malaysia,Shah Alam,11
2023-02-11,Malaysia,Seberang Perai Selatan,1
2023-10-20,Malaysia,Shah Alam,20
2023-10-20,Malaysia,Port Dickson,23
2023-02-25,Malaysia,Batu Pahat,6
2023-06-05,Malaysia,Barat Daya,11
2023-06-05,Malaysia,Kota Bharu,2
2023-01-08,Malaysia,Kinta,28
2023-06-19,Malaysia,Seberang Perai Selatan,2
2023-06-19,Malaysia,Kluang,3
2023-07-26,Malaysia,Miri,2
2023-07-26,Malaysia,Rompin,5
2023-02-14,Malaysia,Pontian,3
2023-02-14,Malaysia,Ranau,11
2023-10-31,Malaysia,Seremban,21
2023-03-21,Malaysia,Kinta,19
2023-03-21,Malaysia,Pontian,1
2023-02-28,Malaysia,Kampar,6
2023-02-28,Malaysia,Port Dickson,37
2023-03-20,Malaysia,Tanah Merah,1
2023-06-18,Malaysia,Tawau,1
2023-06-18,Malaysia,Tampin,1
2023-07-10,Malaysia,Seberang Perai Selatan,4
2023-07-10,Malaysia,Muar,11
2023-07-10,Malaysia,Kulaijaya,27
2023-07-10,Malaysia,Kuala Langat,1
2023-07-10,Malaysia,Pasir Putih,1
2023-07-25,Malaysia,Kota Tinggi,25
2023-07-25,Malaysia,Penang Island,189
2023-07-25,Malaysia,Kuantan,6
2023-02-13,Malaysia,Malacca City,145
2023-02-13,Malaysia,Seberang Perai Utara,3
2023-04-25,Malaysia,Jeli,2
2023-10-17,Malaysia,Kuala Terengganu,9
2023-08-01,Malaysia,Bentong,36
2023-09-22,Malaysia,Tampin,3
2023-08-15,Malaysia,Jempol,4
2023-07-08,Malaysia,Seberang Perai Tengah,11
2023-03-03,Malaysia,Manjung,4
2023-04-10,Malaysia,Hulu Langat,6
2023-04-10,Malaysia,Semporna,1
2023-04-24,Malaysia,Sarikei,1
2023-09-21,Malaysia,Batu Pahat,3
2023-10-18,Malaysia,Kota Kinabalu,7
2023-07-07,Malaysia,Seremban,32
2023-09-10,Malaysia,Kuala Lumpur,369
2023-09-10,Malaysia,Kota Setar,4
2023-10-19,Malaysia,Sabak Bernam,1
2023-11-11,Malaysia,Segamat,4
2023-04-27,Malaysia,Kota Tinggi,10
2023-10-15,Malaysia,Kuala Lumpur,426
2023-08-03,Malaysia,Kuala Langat,3
2023-08-03,Malaysia,Shah Alam,7
2023-09-24,Malaysia,Kinta,43
2023-09-24,Malaysia,Klang,19
2023-09-24,Malaysia,Seremban,25
2023-09-24,Malaysia,Cameron Highlands,6
2023-10-16,Malaysia,Putrajaya,1
2023-10-16,Malaysia,Genting Highlands,27
2023-03-05,Malaysia,Port Dickson,47
2023-10-02,Malaysia,Kuala Lumpur,546
2023-04-26,Malaysia,Muar,8
2023-04-26,Malaysia,Ranau,2
2023-04-26,Malaysia,Kota Setar,6
2023-04-26,Malaysia,Pekan,2
2023-04-26,Malaysia,Keningau,2
2023-04-26,Malaysia,Bera,3
2023-08-16,Malaysia,Perlis,1
2023-08-16,Malaysia,Hulu Langat,9
2023-08-16,Malaysia,Kuala Langat,1
2023-07-09,Malaysia,Johor Bahru,364
2023-07-09,Malaysia,Mersing,6
2023-10-13,Malaysia,Seberang Perai Selatan,4
2023-04-20,Malaysia,Jempol,2
2023-03-28,Malaysia,Kinta,22
2023-03-28,Malaysia,Miri,6
2023-11-20,Malaysia,Kuantan,9
2023-03-27,Malaysia,Kota Tinggi,6
2023-03-27,Malaysia,Kampar,4
2023-02-06,Malaysia,Kuching,11
2023-02-06,Malaysia,Port Dickson,11
2023-02-06,Malaysia,Kota Tinggi,9
2023-02-06,Malaysia,Tawau,1
2023-02-06,Malaysia,Maran,2
2023-08-10,Malaysia,Seberang Perai Tengah,8
2023-08-10,Malaysia,Kluang,4
2023-03-13,Malaysia,Johor Bahru,205
2023-10-28,Malaysia,Kota Tinggi,4
2023-07-03,Malaysia,Kampar,5
2023-07-03,Malaysia,Tawau,2
2023-08-24,Malaysia,Kinta,53
2023-07-17,Malaysia,Seberang Perai Tengah,9
2023-03-12,Malaysia,Kota Bharu,4
2023-10-25,Malaysia,Klang,25
2023-09-20,Malaysia,Ranau,1
2023-09-20,Malaysia,Temerloh,4
2023-09-30,Malaysia,Penang Island,167
2023-10-11,Malaysia,Kuala Selangor,1
2023-10-11,Malaysia,Kluang,3
2023-02-09,Malaysia,Tambunan,1
2023-08-27,Malaysia,Bentong,32
2023-08-27,Malaysia,Malacca City,206
2023-08-27,Malaysia,Kuala Terengganu,3
2023-08-13,Malaysia,Barat Daya,4
2023-08-12,Malaysia,Hulu Langat,9
2023-03-01,Malaysia,Lahad Datu,5
2023-02-08,Malaysia,Kuala Muda,18
2023-02-08,Malaysia,Dungun,1
2023-04-21,Malaysia,Penampang,1
2023-10-12,Malaysia,Manjung,4
2023-10-12,Malaysia,Seremban,13
2023-07-19,Malaysia,Penang Island,172
2023-07-05,Malaysia,Serian,1
2023-04-05,Malaysia,Kuala Langat,2
2023-09-02,Malaysia,Langkawi,46
2023-09-02,Malaysia,Kuala Muda,1
2023-09-02,Malaysia,Hulu Selangor,1
2023-11-19,Malaysia,Kuantan,3
2023-11-19,Malaysia,Kota Bharu,5
2023-01-21,Malaysia,Lawas,1
2023-04-19,Malaysia,Seberang Perai Utara,2
2023-09-16,Malaysia,Kluang,3
2023-05-26,Malaysia,Tambunan,1
2023-05-25,Malaysia,Kulaijaya,26
2023-04-04,Malaysia,Penang Island,195
2023-01-20,Malaysia,Seberang Perai Utara,1
2023-11-16,Malaysia,Ranau,1
2023-09-29,Malaysia,Seberang Perai Utara,3
2023-09-29,Malaysia,Kota Bharu,1
2023-11-05,Malaysia,Kluang,11
2023-05-10,Malaysia,Cameron Highlands,3
2023-08-08,Malaysia,Jempol,10
2023-09-29,Malaysia,Perlis,3
2023-09-29,Malaysia,Kubang Pasu,1
2023-09-29,Malaysia,Batang Padang,1
2023-05-28,Malaysia,Kuala Terengganu,14
2023-09-04,Malaysia,Kuala Lumpur,469
2023-09-04,Malaysia,Kampar,4
2023-11-03,Malaysia,Putrajaya,2
2023-11-03,Malaysia,Kuala Muda,16
2023-01-23,Malaysia,Kulim,1
2023-01-23,Malaysia,Batu Pahat,14
2023-01-23,Malaysia,Tawau,1
2023-01-23,Malaysia,Lawas,1
2023-06-20,Malaysia,Kampar,6
2023-06-20,Malaysia,Kemaman,1
2023-01-22,Malaysia,Langkawi,24
2023-01-22,Malaysia,Kuala Muda,4
2023-11-18,Malaysia,Shah Alam,22
2023-11-18,Malaysia,Kuantan,5
2023-11-18,Malaysia,Penang Island,224
2023-09-17,Malaysia,Batang Padang,2
2023-05-28,Malaysia,Kampar,7
2023-05-28,Malaysia,Sandakan,2
2023-05-13,Malaysia,Besut,1
2023-05-14,Malaysia,Kinta,20
2023-05-14,Malaysia,Kulaijaya,16
2023-01-22,Malaysia,Batu Pahat,5
2023-11-14,Malaysia,Johor Bahru,171
2023-04-15,Malaysia,Kampar,7
2023-04-29,Malaysia,Langkawi,48
2023-04-29,Malaysia,Kuching,20
2023-03-08,Malaysia,Kuala Terengganu,5
2023-05-21,Malaysia,Miri,19
2023-08-19,Malaysia,Kulaijaya,15
2023-10-08,Malaysia,Penang Island,199
2023-04-14,Malaysia,Sabak Bernam,1
2023-01-31,Malaysia,Seberang Perai Utara,3
2023-05-20,Malaysia,Kuala Langat,1
2023-05-20,Malaysia,Lawas,1
2023-05-20,Malaysia,Tambunan,2
2023-04-28,Malaysia,Seberang Perai Tengah,18
2023-04-28,Malaysia,Batang Padang,6
2023-09-12,Malaysia,Manjung,6
2023-11-15,Malaysia,Kinta,58
2023-11-15,Malaysia,Ranau,1
2023-11-15,Malaysia,Barat Daya,11
2023-08-04,Malaysia,Tampin,2
2023-09-25,Malaysia,Kampar,6
2023-09-25,Malaysia,Putrajaya,1
2023-10-09,Malaysia,Ranau,2
2023-10-09,Malaysia,Barat Daya,6
2023-10-09,Malaysia,Seberang Perai Selatan,6
2023-09-14,Malaysia,Manjung,3
2023-09-28,Malaysia,Kluang,11
2023-09-28,Malaysia,Kuala Selangor,1
2023-11-13,Malaysia,Kampar,6
2023-10-06,Malaysia,Putrajaya,2
2023-08-07,Malaysia,Kulaijaya,11
2023-08-07,Malaysia,Mersing,3
2023-04-17,Malaysia,Keningau,1
2023-09-14,Malaysia,Tampin,1
2023-05-24,Malaysia,Muar,12
2023-04-16,Malaysia,Bentong,31
2023-05-23,Malaysia,Kuala Terengganu,21
2023-01-30,Malaysia,Kinta,38
2023-04-03,Malaysia,Seremban,24
2023-06-13,Malaysia,Kuala Muda,4
2023-06-13,Malaysia,Padang Terap,1
2023-04-01,Malaysia,Malacca City,113
2023-04-01,Malaysia,Seberang Perai Utara,2
2023-04-01,Malaysia,Kinta,35
2023-03-09,Malaysia,Kuantan,44
2023-05-22,Malaysia,Pontian,2
2023-11-12,Malaysia,Ledang,1
2023-01-01,Malaysia,Seberang Perai Selatan,2
2023-08-06,Malaysia,Kota Bharu,1
2023-09-13,Malaysia,Rompin,1
2023-04-01,Malaysia,Pontian,1
2023-04-02,Malaysia,Seberang Perai Selatan,4
2023-04-02,Malaysia,Keningau,2
2023-06-27,Malaysia,Penang Island,198
2023-06-27,Malaysia,Kota Setar,5
2023-02-21,Malaysia,Kinta,86
2023-06-01,Malaysia,Kampar,7
2023-06-11,Malaysia,Penang Island,173
2023-02-10,Malaysia,Hulu Langat,30
2023-02-10,Malaysia,Bentong,25
2023-02-10,Malaysia,Kuala Muda,15
2023-02-10,Malaysia,Labuan,1
2023-10-30,Malaysia,Seremban,24
2023-05-19,Malaysia,Port Dickson,18
2023-07-22,Malaysia,Kota Bharu,1
2023-06-29,Malaysia,Perak Tengah,1
2023-05-08,Malaysia,Kuala Terengganu,5
2023-01-15,Malaysia,Muar,10
2023-01-14,Malaysia,Kulaijaya,17
2023-01-17,Malaysia,Sandakan,2
2023-01-02,Malaysia,Miri,1
2023-01-02,Malaysia,Barat Daya,2
2023-06-14,Malaysia,Kota Setar,8
2023-06-15,Malaysia,Raub,2
2023-04-09,Malaysia,Johor Bahru,168
2023-06-28,Malaysia,Johor Bahru,333
2023-06-28,Malaysia,Temerloh,1
2023-06-28,Malaysia,Batu Pahat,4
2023-05-02,Malaysia,Klang,11
2023-05-02,Malaysia,Kota Bharu,2
2023-07-20,Malaysia,Kuantan,8
2023-07-20,Malaysia,Rompin,2
2023-03-30,Malaysia,Seberang Perai Tengah,14
2023-03-30,Malaysia,Malacca City,96
2023-02-23,Malaysia,Perlis,3
2023-02-23,Malaysia,Labuan,1
2023-04-08,Malaysia,Segamat,2
2023-11-09,Malaysia,Kluang,2
2023-05-15,Malaysia,Dungun,1
2023-09-09,Malaysia,Kuala Terengganu,2
2023-09-09,Malaysia,Lawas,1
2023-05-29,Malaysia,Kota Kinabalu,17
2023-05-29,Malaysia,Klang,11
2023-09-06,Malaysia,Rompin,2
2023-09-06,Malaysia,Sabak Bernam,1
2023-09-06,Malaysia,Seberang Perai Selatan,9
2023-02-24,Malaysia,Seberang Perai Selatan,1
2023-02-24,Malaysia,Muar,14
2023-07-21,Malaysia,Malacca City,198
2023-05-01,Malaysia,Kanowit,1
2023-09-05,Malaysia,Batu Pahat,6
2023-01-28,Malaysia,Ranau,3
2023-01-28,Malaysia,Lawas,1
2023-05-18,Malaysia,Batang Padang,4
2023-06-22,Malaysia,Kuala Muda,10
2023-06-22,Malaysia,Kota Tinggi,11
2023-06-22,Malaysia,Kulaijaya,20
2023-11-07,Malaysia,Kulim,1
2023-02-20,Malaysia,Kota Tinggi,6
2023-05-04,Malaysia,Klang,11
2023-05-04,Malaysia,Bera,1
2023-06-21,Malaysia,Perak Tengah,1
2023-06-10,Malaysia,Malacca City,106
2023-06-24,Malaysia,Segamat,2
2023-01-27,Malaysia,Johor Bahru,224
2023-01-27,Malaysia,Penampang,2
2023-01-27,Malaysia,Ranau,3
2023-01-12,Malaysia,Batu Pahat,7
2023-01-12,Malaysia,Mersing,2
2023-05-17,Malaysia,Kulaijaya,25
2023-05-17,Malaysia,Kluang,11
2023-07-31,Malaysia,Johor Bahru,211
2023-09-07,Malaysia,Kuala Pilah,1
2023-09-07,Malaysia,Kota Tinggi,23
2023-07-30,Malaysia,Bentong,29
2023-11-08,Malaysia,Kuantan,14
2023-11-08,Malaysia,Kuala Lumpur,564
2023-02-17,Malaysia,Johor Bahru,289
2023-02-17,Malaysia,Kuala Muda,14
2023-04-30,Malaysia,Bentong,31
2023-10-23,Malaysia,Bentong,4
2023-10-23,Malaysia,Alor Gajah,1
2023-02-02,Malaysia,Port Dickson,32
2023-02-02,Malaysia,Miri,4
2023-03-23,Malaysia,Bintulu,1
2023-08-20,Malaysia,Kuala Pilah,1
2023-02-16,Malaysia,Sabak Bernam,4
2023-10-24,Malaysia,Putrajaya,2
2023-02-01,Malaysia,Putrajaya,2
2023-02-01,Malaysia,Marang,1
2023-02-01,Malaysia,Lawas,1
2023-10-10,Malaysia,Klang,21
2023-02-05,Malaysia,Langkawi,42
2023-02-05,Malaysia,Kluang,2
2023-07-02,Malaysia,Ledang,1
2023-03-11,Malaysia,Port Dickson,57
2023-02-19,Malaysia,Jempol,4
2023-03-11,Malaysia,Kota Tinggi,6
2023-03-11,Malaysia,Kuala Selangor,2
2023-07-16,Malaysia,Kuala Pilah,1
2023-07-16,Malaysia,Langkawi,48
2023-07-16,Malaysia,Batu Pahat,3
2023-06-09,Malaysia,Kinta,47
2023-06-09,Malaysia,Segamat,2
2023-08-22,Malaysia,Bintulu,1
2023-10-22,Malaysia,Batu Pahat,4
2023-03-10,Malaysia,Manjung,5
2023-03-10,Malaysia,Kuala Terengganu,4
2023-06-08,Malaysia,Cameron Highlands,5
2023-06-08,Malaysia,Pontian,2
2023-02-03,Malaysia,Port Dickson,25
2023-02-03,Malaysia,Seberang Perai Utara,1
2023-01-06,Malaysia,Seberang Perai Tengah,6
2023-01-06,Malaysia,Pasir Putih,1
2023-02-27,Malaysia,Shah Alam,20
2023-02-27,Malaysia,Seberang Perai Utara,2
2023-06-03,Malaysia,Shah Alam,19
2023-02-12,Malaysia,Kuala Langat,2
2023-06-17,Malaysia,Kuala Lumpur,421
2023-06-17,Malaysia,Hulu Langat,4
2023-06-17,Malaysia,Jempol,1
2023-01-05,Malaysia,Kluang,1
2023-01-05,Malaysia,Jempol,2
2023-02-26,Malaysia,Kuala Selangor,1
2023-08-30,Malaysia,Muar,10
2023-08-30,Malaysia,Shah Alam,2
2023-01-19,Malaysia,Seberang Perai Tengah,4
2023-06-02,Malaysia,Muar,8
2023-06-16,Malaysia,Kuala Muda,9
2023-02-11,Malaysia,Seremban,31
2023-02-11,Malaysia,Penampang,8
2023-07-12,Malaysia,Kluang,5
2023-07-12,Malaysia,Jempol,5
2023-02-14,Malaysia,Penang Island,204
2023-10-31,Malaysia,Jempol,2
2023-03-21,Malaysia,Semporna,3
2023-02-14,Malaysia,Kota Bharu,9
2023-02-28,Malaysia,Kuala Lumpur,414
2023-02-28,Malaysia,Labuan,1
2023-06-04,Malaysia,Kuching,17
2023-06-04,Malaysia,Cameron Highlands,3
2023-06-18,Malaysia,Segamat,1
2023-06-18,Malaysia,Seberang Perai Utara,1
2023-06-18,Malaysia,Ledang,1
2023-07-10,Malaysia,Seberang Perai Tengah,18
2023-07-10,Malaysia,Sandakan,1
2023-07-10,Malaysia,Keningau,2
2023-07-25,Malaysia,Shah Alam,13
2023-02-13,Malaysia,Kuantan,32
2023-02-13,Malaysia,Jempol,3
2023-02-13,Malaysia,Lahad Datu,1
2023-04-25,Malaysia,Seberang Perai Selatan,5
2023-04-25,Malaysia,Kota Tinggi,3
2023-10-17,Malaysia,Kinta,56
2023-08-01,Malaysia,Kota Kinabalu,1
2023-08-01,Malaysia,Kota Bharu,3
2023-09-22,Malaysia,Kampar,4
2023-09-22,Malaysia,Kuala Terengganu,2
2023-03-04,Malaysia,Kota Tinggi,6
2023-03-18,Malaysia,Batu Pahat,5
2023-03-18,Malaysia,Klang,5
2023-08-29,Malaysia,Seberang Perai Tengah,4
2023-08-29,Malaysia,Barat Daya,25
2023-03-03,Malaysia,Seberang Perai Tengah,15
2023-03-03,Malaysia,Segamat,4
2023-03-03,Malaysia,Kuala Muda,4
2023-11-10,Malaysia,Manjung,12
2023-11-10,Malaysia,Klang,40
2023-11-10,Malaysia,Bintulu,3
2023-03-17,Malaysia,Segamat,5
2023-03-17,Malaysia,Marang,1
2023-07-07,Malaysia,Hulu Langat,16
2023-08-28,Malaysia,Putrajaya,3
2023-04-23,Malaysia,Penang Island,93
2023-04-23,Malaysia,Seremban,10
2023-04-23,Malaysia,Mersing,1
2023-11-11,Malaysia,Tampin,3
2023-04-27,Malaysia,Seberang Perai Tengah,22
2023-03-06,Malaysia,Kluang,9
2023-03-06,Malaysia,Segamat,1
2023-08-03,Malaysia,Malacca City,166
2023-08-03,Malaysia,Batu Pahat,7
2023-08-17,Malaysia,Klang,5
2023-04-12,Malaysia,Batang Padang,1
2023-04-12,Malaysia,Tuaran,1
2023-10-02,Malaysia,Shah Alam,11
2023-10-02,Malaysia,Langkawi,113
2023-10-02,Malaysia,Kulaijaya,16
2023-09-23,Malaysia,Kota Setar,8
2023-08-02,Malaysia,Kota Kinabalu,1
2023-04-11,Malaysia,Kuala Langat,1
2023-08-11,Malaysia,Miri,1
2023-08-11,Malaysia,Samarahan,1
2023-04-20,Malaysia,Ranau,1
2023-03-28,Malaysia,Kuching,22
2023-03-28,Malaysia,Bentong,35
2023-03-28,Malaysia,Jasin,1
2023-07-18,Malaysia,Perak Tengah,2
2023-11-20,Malaysia,Perlis,1
2023-03-27,Malaysia,Ranau,2
2023-03-27,Malaysia,Kuala Selangor,3
2023-03-27,Malaysia,Kota Marudu,2
2023-02-06,Malaysia,Lahad Datu,2
2023-03-13,Malaysia,Cameron Highlands,1
2023-10-28,Malaysia,Hulu Langat,3
2023-07-03,Malaysia,Kuala Langat,3
2023-07-03,Malaysia,Bintulu,1
2023-07-03,Malaysia,Kota Bharu,2
2023-08-24,Malaysia,Seberang Perai Selatan,4
2023-08-24,Malaysia,Larut and Matang,1
2023-03-12,Malaysia,Klang,8
2023-09-20,Malaysia,Seremban,27
2023-09-20,Malaysia,Barat Daya,5
2023-09-30,Malaysia,Kuantan,24
2023-09-30,Malaysia,Kuala Terengganu,5
2023-10-11,Malaysia,Seberang Perai Tengah,11
2023-10-11,Malaysia,Jempol,1
2023-02-09,Malaysia,Manjung,4
2023-08-27,Malaysia,Muar,10
2023-08-27,Malaysia,Alor Gajah,5
2023-08-13,Malaysia,Kota Kinabalu,6
2023-07-06,Malaysia,Kulim,1
2023-07-06,Malaysia,Tampin,2
2023-07-06,Malaysia,Kota Bharu,8
2023-03-15,Malaysia,Kampar,7
2023-03-15,Malaysia,Kuala Selangor,1
2023-08-12,Malaysia,Seberang Perai Selatan,4
2023-02-08,Malaysia,Hulu Langat,35
2023-08-26,Malaysia,Kampar,3
2023-10-12,Malaysia,Kota Kinabalu,3
2023-07-19,Malaysia,Kota Tinggi,5
2023-07-19,Malaysia,Kuantan,5
2023-07-05,Malaysia,Jempol,3
2023-07-05,Malaysia,Kuala Muda,10
2023-03-14,Malaysia,Batu Pahat,3
2023-11-04,Malaysia,Shah Alam,20
2023-09-02,Malaysia,Kota Setar,1
2023-11-19,Malaysia,Kota Tinggi,22
2023-11-19,Malaysia,Kuala Lumpur,462
2023-01-21,Malaysia,Kulaijaya,17
2023-01-21,Malaysia,Kinta,35
2023-04-19,Malaysia,Kuala Pilah,2
2023-04-19,Malaysia,Kota Tinggi,2
2023-08-09,Malaysia,Kota Kinabalu,3
2023-08-09,Malaysia,Batu Pahat,1
2023-08-09,Malaysia,Kuala Terengganu,5
2023-05-11,Malaysia,Muar,2
2023-09-01,Malaysia,Penang Island,160
2023-09-01,Malaysia,Kuala Selangor,3
2023-04-04,Malaysia,Hulu Langat,11
2023-04-04,Malaysia,Hilir Perak,1
2023-01-20,Malaysia,Penang Island,100
2023-09-15,Malaysia,Alor Gajah,13
2023-09-15,Malaysia,Shah Alam,17
2023-09-15,Malaysia,Kuala Selangor,2
2023-11-16,Malaysia,Kota Tinggi,39
2023-11-05,Malaysia,Hulu Langat,6
2023-11-05,Malaysia,Pendang,1
2023-08-08,Malaysia,Kluang,5
2023-05-28,Malaysia,Bentong,38
2023-11-03,Malaysia,Jempol,1
2023-11-03,Malaysia,Kampar,2
2023-11-03,Malaysia,Langkawi,115
2023-09-18,Malaysia,Hulu Langat,2
2023-01-23,Malaysia,Kluang,5
2023-01-22,Malaysia,Port Dickson,9
2023-09-17,Malaysia,Kinta,37
2023-05-28,Malaysia,Kota Bharu,3
2023-05-13,Malaysia,Sibu,1
2023-05-13,Malaysia,Miri,1
2023-05-13,Malaysia,Kuala Terengganu,1
2023-05-14,Malaysia,Kuala Krai,1
2023-05-14,Malaysia,Kota Kinabalu,4
2023-09-19,Malaysia,Sibu,1
2023-05-27,Malaysia,Seremban,24
2023-05-27,Malaysia,Kulaijaya,9
2023-05-12,Malaysia,Bintulu,1
2023-05-12,Malaysia,Kuala Terengganu,7
2023-11-14,Malaysia,Kuching,22
2023-11-14,Malaysia,Batu Pahat,8
2023-04-15,Malaysia,Segamat,3
2023-04-06,Malaysia,Tambunan,1
2023-10-07,Malaysia,Seberang Perai Selatan,5
2023-04-29,Malaysia,Miri,4
2023-03-08,Malaysia,Johor Bahru,276
2023-03-08,Malaysia,Jempol,4
2023-03-08,Malaysia,Rompin,1
2023-05-21,Malaysia,Kuala Pilah,2
2023-10-08,Malaysia,Temerloh,1
2023-04-14,Malaysia,Keningau,2
2023-08-05,Malaysia,Cameron Highlands,1
2023-01-31,Malaysia,Shah Alam,20
2023-01-31,Malaysia,Hilir Perak,2
2023-01-31,Malaysia,Kota Setar,1
2023-01-31,Malaysia,Tawau,1
2023-05-20,Malaysia,Kuala Lumpur,391
2023-05-20,Malaysia,Kampar,7
2023-05-20,Malaysia,Kota Bharu,1
2023-04-28,Malaysia,Johor Bahru,310
2023-03-07,Malaysia,Kinta,57
2023-03-07,Malaysia,Kota Tinggi,8
2023-03-07,Malaysia,Manjung,1
2023-08-04,Malaysia,Hulu Langat,6
2023-08-18,Malaysia,Kuala Muda,2
2023-08-18,Malaysia,Mersing,1
2023-04-13,Malaysia,Tuaran,1
2023-10-09,Malaysia,Kuala Lumpur,544
2023-10-09,Malaysia,Genting Highlands,29
2023-09-14,Malaysia,Langkawi,107
2023-09-14,Malaysia,Kota Kinabalu,2
2023-11-13,Malaysia,Kota Tinggi,18
2023-10-06,Malaysia,Kinta,51
2023-10-06,Malaysia,Johor Bahru,251
2023-10-06,Malaysia,Seberang Perai Tengah,8
2023-10-06,Malaysia,Bera,1
2023-08-07,Malaysia,Kota Tinggi,18
2023-04-16,Malaysia,Batang Padang,1
2023-01-30,Malaysia,Seberang Perai Selatan,5
2023-04-03,Malaysia,Kota Tinggi,7
2023-04-03,Malaysia,Kota Bharu,2
2023-06-30,Malaysia,Putrajaya,1
2023-10-05,Malaysia,Seremban,29
2023-10-05,Malaysia,Batu Pahat,7
2023-06-13,Malaysia,Seberang Perai Utara,1
2023-06-13,Malaysia,Kluang,6
2023-11-12,Malaysia,Seberang Perai Selatan,10
2023-08-06,Malaysia,Kota Setar,5
2023-05-06,Malaysia,Labuan,2
2023-05-06,Malaysia,Putrajaya,1
2023-05-06,Malaysia,Barat Daya,4
2023-09-13,Malaysia,Batu Pahat,2
2023-04-01,Malaysia,Penampang,3
2023-04-01,Malaysia,Semporna,1
2023-04-01,Malaysia,Setiu,1
2023-05-22,Malaysia,Tambunan,1
2023-06-27,Malaysia,Keningau,1
2023-06-26,Malaysia,Kota Setar,10
2023-05-05,Malaysia,Bentong,38
2023-01-18,Malaysia,Kinta,32
2023-02-21,Malaysia,Kuantan,24
2023-02-10,Malaysia,Kuching,24
2023-02-10,Malaysia,Shah Alam,17
2023-01-29,Malaysia,Muar,14
2023-01-29,Malaysia,Sandakan,4
2023-05-19,Malaysia,Johor Bahru,386
2023-03-31,Malaysia,Kota Setar,6
2023-03-31,Malaysia,Sibu,1
2023-05-19,Malaysia,Sandakan,4
2023-05-08,Malaysia,Kluang,6
2023-01-15,Malaysia,Sabak Bernam,1
2023-01-17,Malaysia,Kuala Selangor,3
2023-06-12,Malaysia,Kota Setar,13
2023-06-12,Malaysia,Ledang,1
2023-06-15,Malaysia,Seremban,34
2023-06-15,Malaysia,Besut,2
2023-01-11,Malaysia,Malacca City,196
2023-01-11,Malaysia,Kuala Muda,5
2023-05-02,Malaysia,Kuching,19
2023-07-20,Malaysia,Kudat,6
2023-07-20,Malaysia,Kota Kinabalu,6
2023-05-07,Malaysia,Ranau,2
2023-03-30,Malaysia,Kulim,1
2023-03-30,Malaysia,Ranau,1
2023-01-03,Malaysia,Kota Tinggi,11
2023-06-23,Malaysia,Kota Bharu,1
2023-04-08,Malaysia,Kuala Lumpur,247
2023-11-09,Malaysia,Seberang Perai Tengah,10
2023-05-15,Malaysia,Seberang Perai Utara,1
2023-09-09,Malaysia,Penang Island,151
2023-09-09,Malaysia,Kulaijaya,16
2023-09-09,Malaysia,Kota Kinabalu,3
2023-01-10,Malaysia,Sandakan,1
2023-01-10,Malaysia,Batang Padang,2
2023-05-16,Malaysia,Batu Pahat,8
2023-05-16,Malaysia,Kota Bharu,1
2023-09-05,Malaysia,Seberang Perai Selatan,5
2023-01-25,Malaysia,Miri,2
2023-09-06,Malaysia,Klang,13
2023-02-24,Malaysia,Malacca City,154
2023-05-01,Malaysia,Kota Bharu,3
2023-01-13,Malaysia,Bentong,22
2023-01-13,Malaysia,Tawau,4
2023-01-13,Malaysia,Kuala Terengganu,1
2023-05-18,Malaysia,Hulu Langat,12
2023-05-04,Malaysia,Alor Gajah,2
2023-06-21,Malaysia,Segamat,6
2023-06-21,Malaysia,Besut,1
2023-06-10,Malaysia,Seremban,10
2023-06-10,Malaysia,Klang,6
2023-01-27,Malaysia,Lahad Datu,2
2023-01-27,Malaysia,Pontian,1
2023-06-10,Malaysia,Rompin,2
2023-01-12,Malaysia,Penang Island,123
2023-01-26,Malaysia,Kota Setar,6
2023-01-26,Malaysia,Seberang Perai Tengah,7
2023-06-25,Malaysia,Kuala Muda,4
2023-05-17,Malaysia,Shah Alam,30
2023-09-08,Malaysia,Seberang Perai Selatan,5
2023-07-31,Malaysia,Bentong,33
2023-07-31,Malaysia,Manjung,2
2023-09-07,Malaysia,Malacca City,206
2023-09-07,Malaysia,Batu Pahat,10
2023-07-30,Malaysia,Langkawi,53
2023-07-30,Malaysia,Kuala Lumpur,442
2023-11-08,Malaysia,Kota Bharu,7
2023-01-26,Malaysia,Muar,8
2023-01-26,Malaysia,Sandakan,1
2023-07-14,Malaysia,Kuantan,6
2023-07-14,Malaysia,Barat Daya,8
2023-07-14,Malaysia,Raub,2
2023-04-30,Malaysia,Kota Setar,7
2023-04-30,Malaysia,Barat Daya,2
2023-10-23,Malaysia,Kuala Terengganu,10
2023-06-07,Malaysia,Besut,2
2023-07-28,Malaysia,Perlis,2
2023-07-28,Malaysia,Cameron Highlands,1
2023-02-02,Malaysia,Malacca City,168
2023-02-02,Malaysia,Pekan,1
2023-03-23,Malaysia,Seremban,19
2023-03-23,Malaysia,Kuala Selangor,1
2023-03-23,Malaysia,Sabak Bernam,1
2023-03-23,Malaysia,Perak Tengah,1
2023-08-20,Malaysia,Kulim,1
2023-02-16,Malaysia,Kampar,19
2023-10-24,Malaysia,Seberang Perai Tengah,9
2023-07-13,Malaysia,Seberang Perai Tengah,10
2023-01-09,Malaysia,Langkawi,41
2023-01-09,Malaysia,Kota Setar,4
2023-03-22,Malaysia,Cameron Highlands,1
2023-06-06,Malaysia,Kota Setar,2
2023-07-27,Malaysia,Kulaijaya,24
2023-07-27,Malaysia,Port Dickson,39
2023-10-10,Malaysia,Seremban,19
2023-10-10,Malaysia,Rompin,3
2023-02-05,Malaysia,Perak Tengah,1
2023-02-05,Malaysia,Batang Padang,2
2023-02-05,Malaysia,Kemaman,1
2023-07-02,Malaysia,Kampar,3
2023-03-26,Malaysia,Kuala Langat,3
2023-02-19,Malaysia,Kuala Lumpur,352
2023-02-19,Malaysia,Seberang Perai Utara,1
2023-07-16,Malaysia,Kuantan,4
2023-10-21,Malaysia,Kota Setar,6
2023-03-25,Malaysia,Kubang Pasu,2
2023-03-25,Malaysia,Kota Tinggi,6
2023-07-15,Malaysia,Kluang,1
2023-07-15,Malaysia,Kuala Selangor,5
2023-02-18,Malaysia,Ledang,1
2023-02-18,Malaysia,Tanah Merah,2
2023-10-22,Malaysia,Bentong,2
2023-07-29,Malaysia,Klang,6
2023-07-29,Malaysia,Bintulu,1
2023-03-10,Malaysia,Seberang Perai Utara,3
2023-03-10,Malaysia,Tawau,1
2023-07-24,Malaysia,Kota Kinabalu,7
2023-06-03,Malaysia,Hulu Langat,4
2023-06-03,Malaysia,Kluang,5
2023-06-03,Malaysia,Kerian,1
2023-02-12,Malaysia,Lawas,2
2023-06-17,Malaysia,Kuantan,5
2023-08-30,Malaysia,Seberang Perai Tengah,7
2023-08-30,Malaysia,Kluang,11
2023-07-23,Malaysia,Kota Tinggi,16
2023-06-02,Malaysia,Kinta,37
2023-06-16,Malaysia,Klang,11
2023-06-16,Malaysia,Bachok,1
2023-02-25,Malaysia,Kuala Selangor,1
2023-05-09,Malaysia,Lawas,1
2023-10-20,Malaysia,Tampin,1
2023-10-20,Malaysia,Putrajaya,2
2023-10-20,Malaysia,Kota Kinabalu,2
2023-07-12,Malaysia,Kuantan,9
2023-06-05,Malaysia,Jempol,2
2023-06-05,Malaysia,Kota Kinabalu,8
2023-01-08,Malaysia,Port Dickson,7
2023-06-19,Malaysia,Batu Pahat,12
2023-02-14,Malaysia,Kuala Lumpur,414
2023-02-14,Malaysia,Langkawi,88
2023-02-14,Malaysia,Cameron Highlands,6
2023-03-21,Malaysia,Seberang Perai Utara,3
2023-02-14,Malaysia,Seberang Perai Selatan,1
2023-02-28,Malaysia,Kuala Terengganu,6
2023-06-04,Malaysia,Hulu Langat,7
2023-03-20,Malaysia,Batu Pahat,1
2023-03-20,Malaysia,Kubang Pasu,2
2023-06-18,Malaysia,Kampar,8
2023-06-18,Malaysia,Batu Pahat,4
2023-07-10,Malaysia,Kota Tinggi,11
2023-07-25,Malaysia,Seberang Perai Selatan,4
2023-07-25,Malaysia,Hulu Langat,12
2023-09-22,Malaysia,Kinta,29
2023-09-22,Malaysia,Hulu Langat,2
2023-09-22,Malaysia,Perak Tengah,2
2023-03-04,Malaysia,Segamat,5
2023-08-15,Malaysia,Malacca City,155
2023-08-15,Malaysia,Kuantan,6
2023-08-15,Malaysia,Kota Bharu,1
2023-03-03,Malaysia,Kuala Lumpur,734
2023-03-03,Malaysia,Seberang Perai Selatan,1
2023-03-03,Malaysia,Seremban,73
2023-07-08,Malaysia,Kuala Selangor,4
2023-11-10,Malaysia,Genting Highlands,49
2023-09-21,Malaysia,Sandakan,1
2023-10-04,Malaysia,Kampar,7
2023-10-04,Malaysia,Hulu Langat,3
2023-03-17,Malaysia,Kubang Pasu,3
2023-10-18,Malaysia,Klang,43
2023-05-30,Malaysia,Kampar,10
2023-05-30,Malaysia,Bintulu,10
2023-07-07,Malaysia,Bentong,52
2023-07-07,Malaysia,Pontian,1
2023-10-19,Malaysia,Manjung,2
2023-10-19,Malaysia,Kota Kinabalu,4
2023-04-23,Malaysia,Tampin,1
2023-04-23,Malaysia,Port Dickson,7
2023-11-11,Malaysia,Kuala Terengganu,6
2023-11-11,Malaysia,Genting Highlands,56
2023-10-29,Malaysia,Kuala Muda,5
2023-04-27,Malaysia,Kuala Langat,1
2023-03-06,Malaysia,Kubang Pasu,2
2023-08-17,Malaysia,Batang Padang,1
2023-08-17,Malaysia,Alor Gajah,1
2023-10-16,Malaysia,Port Dickson,15
2023-03-05,Malaysia,Kuala Langat,1
2023-04-12,Malaysia,Kuantan,23
2023-04-12,Malaysia,Temerloh,1
2023-10-02,Malaysia,Kota Bharu,2
2023-10-02,Malaysia,Penang Island,220
2023-04-26,Malaysia,Kuala Terengganu,9
2023-09-23,Malaysia,Batu Pahat,5
2023-08-02,Malaysia,Batang Padang,17
2023-10-27,Malaysia,Tampin,2
2023-10-13,Malaysia,Port Dickson,26
2023-10-13,Malaysia,Muar,3
2023-02-07,Malaysia,Penang Island,200
2023-02-07,Malaysia,Seremban,41
2023-08-11,Malaysia,Klang,2
2023-07-04,Malaysia,Muar,3
2023-07-04,Malaysia,Kulaijaya,25
2023-08-25,Malaysia,Klang,27
2023-08-25,Malaysia,Kota Setar,10
2023-08-25,Malaysia,Tuaran,1
2023-04-20,Malaysia,Muar,3
2023-04-20,Malaysia,Kuching,41
2023-11-20,Malaysia,Kuala Pilah,1
2023-11-20,Malaysia,Kuala Langat,1
2023-07-18,Malaysia,Segamat,2
2023-03-27,Malaysia,Manjung,3
2023-03-27,Malaysia,Kota Setar,8
2023-08-10,Malaysia,Barat Daya,4
2023-07-03,Malaysia,Hulu Langat,9
2023-10-28,Malaysia,Muar,13
2023-10-28,Malaysia,Kinta,30
2023-10-28,Malaysia,Ranau,1
2023-08-24,Malaysia,Kuantan,18
2023-08-24,Malaysia,Kuala Selangor,3
2023-08-24,Malaysia,Kota Bharu,2
2023-08-24,Malaysia,Bintulu,1
2023-07-17,Malaysia,Setiu,1
2023-11-21,Malaysia,Jempol,2
2023-11-21,Malaysia,Pendang,1
2023-11-21,Malaysia,Kulaijaya,23
2023-03-16,Malaysia,Kuala Langat,5
2023-10-25,Malaysia,Kota Setar,7
2023-09-30,Malaysia,Klang,18
2023-10-11,Malaysia,Ranau,1
2023-10-11,Malaysia,Segamat,1
2023-10-11,Malaysia,Kuala Terengganu,11
2023-02-09,Malaysia,Kota Kinabalu,44
2023-02-09,Malaysia,Kluang,8
2023-02-09,Malaysia,Bintulu,6
2023-02-09,Malaysia,Kuala Langat,1
2023-08-27,Malaysia,Penang Island,154
2023-03-15,Malaysia,Kuala Lumpur,338
2023-03-15,Malaysia,Muar,3
2023-03-15,Malaysia,Segamat,2
2023-08-12,Malaysia,Bentong,23
2023-04-22,Malaysia,Shah Alam,5
2023-04-22,Malaysia,Kuala Terengganu,2
2023-03-29,Malaysia,Kuala Langat,1
2023-02-08,Malaysia,Bera,7
2023-08-26,Malaysia,Perak Tengah,2
2023-08-26,Malaysia,Bachok,1
2023-04-21,Malaysia,Bentong,34
2023-04-21,Malaysia,Kluang,2
2023-04-21,Malaysia,Jempol,1
2023-10-12,Malaysia,Kampar,6
2023-10-12,Malaysia,Bintulu,1
2023-07-19,Malaysia,Padang Terap,1
2023-07-05,Malaysia,Miri,3
2023-07-05,Malaysia,Pekan,1
2023-07-05,Malaysia,Kulaijaya,11
2023-07-05,Malaysia,Kota Setar,3
2023-03-14,Malaysia,Port Dickson,30
2023-03-14,Malaysia,Mersing,1
2023-04-05,Malaysia,Kota Setar,7
2023-11-04,Malaysia,Pendang,3
2023-11-04,Malaysia,Johor Bahru,313
2023-11-04,Malaysia,Seberang Perai Utara,5
2023-09-02,Malaysia,Johor Bahru,194
2023-01-21,Malaysia,Penampang,1
2023-01-21,Malaysia,Mersing,2
2023-09-16,Malaysia,Malacca City,108
2023-09-16,Malaysia,Kinta,32
2023-05-11,Malaysia,Seremban,21
2023-05-11,Malaysia,Kuala Lumpur,318
2023-05-25,Malaysia,Kuala Lumpur,502
2023-05-25,Malaysia,Langkawi,67
2023-09-01,Malaysia,Jempol,1
2023-04-04,Malaysia,Batu Pahat,5
2023-01-20,Malaysia,Kuching,31
2023-09-15,Malaysia,Jempol,2
2023-04-18,Malaysia,Kuala Lumpur,304
2023-04-18,Malaysia,Miri,8
2023-04-18,Malaysia,Tawau,1
2023-09-29,Malaysia,Besut,1
2023-09-29,Malaysia,Seremban,29
2023-09-29,Malaysia,Kluang,6
2023-09-29,Malaysia,Seberang Perai Tengah,7
2023-11-05,Malaysia,Muar,22
2023-04-07,Malaysia,Kluang,2
2023-08-08,Malaysia,Johor Bahru,159
2023-08-08,Malaysia,Seberang Perai Selatan,6
2023-08-08,Malaysia,Seremban,24
2023-08-08,Malaysia,Langkawi,63
2023-11-02,Malaysia,Kulaijaya,26
2023-11-16,Malaysia,Tuaran,1
2023-11-03,Malaysia,Temerloh,8
2023-09-18,Malaysia,Kota Setar,4
2023-06-20,Malaysia,Klang,6
2023-01-22,Malaysia,Pekan,2
2023-11-18,Malaysia,Segamat,2
2023-11-18,Malaysia,Kuala Muda,9
2023-11-18,Malaysia,Kuala Pilah,2
2023-09-17,Malaysia,Port Dickson,16
2023-09-17,Malaysia,Kuala Selangor,2
2023-05-28,Malaysia,Semporna,1
2023-05-28,Malaysia,Keningau,2
2023-05-28,Malaysia,Tambunan,1
2023-05-13,Malaysia,Hulu Langat,11
2023-09-19,Malaysia,Sabak Bernam,1
2023-05-27,Malaysia,Kluang,5
2023-05-27,Malaysia,Ranau,5
2023-09-03,Malaysia,Bintulu,1
2023-11-14,Malaysia,Kulim,1
2023-04-15,Malaysia,Jempol,2
2023-04-06,Malaysia,Hulu Langat,10
2023-10-07,Malaysia,Kuala Langat,1
2023-03-08,Malaysia,Putrajaya,1
2023-01-31,Malaysia,Seremban,29
2023-01-31,Malaysia,Kota Kinabalu,12
2023-10-08,Malaysia,Ranau,1
2023-09-26,Malaysia,Ranau,2
2023-04-14,Malaysia,Segamat,3
2023-08-05,Malaysia,Kampar,2
2023-08-05,Malaysia,Kuala Terengganu,2
2023-09-11,Malaysia,Port Dickson,13
2023-04-29,Malaysia,Seberang Perai Utara,1
2023-04-29,Malaysia,Jempol,5
2023-04-28,Malaysia,Kuala Pilah,4
2023-04-28,Malaysia,Kuala Terengganu,12
2023-04-28,Malaysia,Cameron Highlands,2
2023-09-12,Malaysia,Batang Padang,4
2023-11-15,Malaysia,Seberang Perai Utara,6
2023-09-25,Malaysia,Barat Daya,9
2023-06-30,Malaysia,Penang Island,177
2023-09-14,Malaysia,Seberang Perai Utara,2
2023-09-28,Malaysia,Tawau,1
2023-11-13,Malaysia,Manjung,6
2023-04-17,Malaysia,Bintulu,1
2023-04-16,Malaysia,Kota Setar,5
2023-04-16,Malaysia,Kuantan,15
2023-04-16,Malaysia,Lahad Datu,1
2023-05-23,Malaysia,Miri,13
2023-05-23,Malaysia,Kota Setar,4
2023-05-23,Malaysia,Port Dickson,25
2023-01-30,Malaysia,Shah Alam,12
2023-01-30,Malaysia,Langkawi,70
2023-01-30,Malaysia,Batang Padang,1
2023-04-03,Malaysia,Barat Daya,2
2023-04-03,Malaysia,Port Dickson,4
2023-06-30,Malaysia,Hulu Langat,5
2023-09-27,Malaysia,Kluang,12
2023-10-05,Malaysia,Seberang Perai Utara,4
2023-06-13,Malaysia,Seremban,14
2023-03-09,Malaysia,Kuala Krai,1
2023-05-22,Malaysia,Shah Alam,26
2023-11-12,Malaysia,Alor Gajah,3
2023-01-01,Malaysia,Kulaijaya,10
2023-01-01,Malaysia,Port Dickson,22
2023-02-22,Malaysia,Kota Kinabalu,8
2023-02-22,Malaysia,Kubang Pasu,2
2023-08-06,Malaysia,Barat Daya,7
2023-08-06,Malaysia,Kota Tinggi,7
2023-08-06,Malaysia,Rompin,2
2023-05-06,Malaysia,Kinta,41
2023-04-02,Malaysia,Kuala Langat,2
2023-06-27,Malaysia,Port Dickson,36
2023-06-27,Malaysia,Kuala Terengganu,6
2023-06-27,Malaysia,Alor Gajah,2
2023-06-26,Malaysia,Kuala Langat,1
2023-06-26,Malaysia,Kampar,6
2023-01-18,Malaysia,Seberang Perai Tengah,3
2023-02-21,Malaysia,Muar,16
2023-06-01,Malaysia,Penang Island,204
2023-10-30,Malaysia,Muar,29
2023-10-30,Malaysia,Segamat,1
2023-10-30,Malaysia,Batu Pahat,2
2023-10-30,Malaysia,Kota Kinabalu,1
2023-01-29,Malaysia,Kampar,4
2023-01-29,Malaysia,Klang,2
2023-01-29,Malaysia,Kuala Terengganu,3
2023-01-29,Malaysia,Ranau,7
2023-03-31,Malaysia,Shah Alam,9
2023-05-19,Malaysia,Kulaijaya,28
2023-01-15,Malaysia,Alor Gajah,2
2023-01-14,Malaysia,Langkawi,40
2023-01-02,Malaysia,Kuala Pilah,2
2023-06-12,Malaysia,Kuantan,7
2023-06-12,Malaysia,Kota Bharu,2
2023-06-14,Malaysia,Seberang Perai Selatan,5
2023-06-14,Malaysia,Batang Padang,4
2023-04-09,Malaysia,Besut,1
2023-04-09,Malaysia,Port Dickson,5
2023-04-09,Malaysia,Ranau,1
2023-06-28,Malaysia,Raub,1
2023-06-28,Malaysia,Perak Tengah,1
2023-05-02,Malaysia,Port Dickson,12
2023-05-02,Malaysia,Bintulu,2
2023-07-20,Malaysia,Lawas,2
2023-05-07,Malaysia,Kulaijaya,13
2023-03-30,Malaysia,Langkawi,44
2023-11-09,Malaysia,Hulu Langat,4
2023-09-09,Malaysia,Batu Pahat,7
2023-01-10,Malaysia,Kuala Lumpur,308
2023-01-16,Malaysia,Kuantan,24
2023-05-29,Malaysia,Penang Island,231
2023-05-29,Malaysia,Mersing,1
2023-05-29,Malaysia,Jempol,5
2023-05-29,Malaysia,Sabak Bernam,2
2023-09-06,Malaysia,Bentong,46
2023-02-24,Malaysia,Kota Bharu,6
2023-07-21,Malaysia,Batang Padang,7
2023-01-13,Malaysia,Kinta,35
2023-01-13,Malaysia,Kota Tinggi,8
2023-01-13,Malaysia,Mersing,3
2023-01-28,Malaysia,Johor Bahru,213
2023-01-28,Malaysia,Malacca City,102
2023-05-18,Malaysia,Kuala Muda,14
2023-06-22,Malaysia,Kuching,43
2023-06-22,Malaysia,Shah Alam,8
2023-11-07,Malaysia,Kluang,14
2023-11-07,Malaysia,Port Dickson,50
2023-02-20,Malaysia,Kuala Pilah,2
2023-02-20,Malaysia,Bera,1
2023-06-21,Malaysia,Langkawi,75
2023-11-06,Malaysia,Kota Tinggi,27
2023-06-10,Malaysia,Dungun,2
2023-06-24,Malaysia,Kuala Pilah,1
2023-06-24,Malaysia,Batang Padang,1
2023-01-27,Malaysia,Kuala Pilah,2
2023-01-27,Malaysia,Kota Kinabalu,6
2023-01-27,Malaysia,Rompin,1
2023-01-26,Malaysia,Kulaijaya,9
2023-05-17,Malaysia,Penang Island,240
2023-07-31,Malaysia,Rompin,4
2023-05-03,Malaysia,Kulaijaya,9
2023-11-08,Malaysia,Hulu Langat,7
2023-02-17,Malaysia,Kota Kinabalu,21
2023-02-17,Malaysia,Sandakan,2
2023-02-17,Malaysia,Manjung,7
2023-02-17,Malaysia,Rompin,4
2023-04-30,Malaysia,Penang Island,176
2023-06-07,Malaysia,Kota Bharu,1
2023-07-28,Malaysia,Ledang,1
2023-02-02,Malaysia,Hulu Langat,19
2023-08-20,Malaysia,Jempol,2
2023-08-20,Malaysia,Rompin,1
2023-08-20,Malaysia,Shah Alam,6
2023-02-16,Malaysia,Kuala Selangor,3
2023-02-16,Malaysia,Ledang,3
2023-02-16,Malaysia,Sri Aman,1
2023-07-13,Malaysia,Langkawi,49
2023-02-01,Malaysia,Hulu Langat,12
2023-02-01,Malaysia,Hilir Perak,1
2023-02-01,Malaysia,Kubang Pasu,1
2023-03-22,Malaysia,Kulaijaya,18
2023-06-06,Malaysia,Kuala Muda,3
2023-07-27,Malaysia,Bentong,29
2023-07-27,Malaysia,Jempol,4
2023-02-15,Malaysia,Kuala Muda,6
2023-02-05,Malaysia,Seremban,21
2023-08-23,Malaysia,Shah Alam,7
2023-08-23,Malaysia,Bachok,2
2023-07-02,Malaysia,Seremban,23
2023-02-19,Malaysia,Malacca City,107
2023-02-19,Malaysia,Seremban,30
2023-03-11,Malaysia,Labuan,1
2023-02-04,Malaysia,Kluang,2
2023-10-21,Malaysia,Segamat,4
2023-06-09,Malaysia,Bentong,45
2023-06-09,Malaysia,Hulu Langat,3
2023-08-22,Malaysia,Kuala Selangor,3
2023-07-15,Malaysia,Batu Pahat,3
2023-07-15,Malaysia,Kota Bharu,1
2023-02-18,Malaysia,Seberang Perai Tengah,10
2023-10-22,Malaysia,Seberang Perai Tengah,8
2023-03-10,Malaysia,Kota Setar,7
2023-03-10,Malaysia,Barat Daya,10
2023-03-10,Malaysia,Miri,5
2023-06-08,Malaysia,Rompin,2
2023-06-08,Malaysia,Lawas,1
2023-03-24,Malaysia,Kota Tinggi,6
2023-01-06,Malaysia,Muar,9
2023-01-06,Malaysia,Lundu,1
2023-02-27,Malaysia,Kuching,25
2023-02-27,Malaysia,Penang Island,189
2023-02-27,Malaysia,Segamat,7
2023-02-27,Malaysia,Lahad Datu,8
2023-02-27,Malaysia,Kuala Terengganu,5
2023-07-24,Malaysia,Langkawi,71
2023-06-03,Malaysia,Bentong,29
2023-01-05,Malaysia,Seremban,27
2023-01-05,Malaysia,Kuala Selangor,2
2023-02-26,Malaysia,Tawau,4
2023-08-30,Malaysia,Langkawi,40
2023-07-23,Malaysia,Kuching,21
2023-01-19,Malaysia,Kota Kinabalu,20
2023-01-19,Malaysia,Manjung,2
2023-01-19,Malaysia,Seberang Perai Utara,1
2023-06-02,Malaysia,Malacca City,142
2023-06-02,Malaysia,Barat Daya,14
2023-02-25,Malaysia,Kota Setar,9
2023-05-09,Malaysia,Kinta,35
2023-02-11,Malaysia,Kuala Pilah,2
2023-02-11,Malaysia,Cameron Highlands,4
2023-02-25,Malaysia,Larut and Matang,4
2023-02-25,Malaysia,Klang,6
2023-02-25,Malaysia,Bera,2
2023-06-05,Malaysia,Penang Island,142
2023-06-05,Malaysia,Kuala Muda,5
2023-06-05,Malaysia,Kota Tinggi,10
2023-01-04,Malaysia,Malacca City,166
2023-01-04,Malaysia,Tawau,2
2023-07-12,Malaysia,Kampar,5
2023-07-26,Malaysia,Kulaijaya,16
2023-06-19,Malaysia,Port Dickson,28
2023-07-26,Malaysia,Hulu Langat,7
2023-02-14,Malaysia,Kota Tinggi,22
2023-10-31,Malaysia,Miri,1
2023-10-31,Malaysia,Samarahan,1
2023-03-21,Malaysia,Kota Setar,6
2023-03-21,Malaysia,Ledang,3
2023-03-21,Malaysia,Miri,1
2023-03-21,Malaysia,Temerloh,1
2023-02-14,Malaysia,Tambunan,1
2023-06-04,Malaysia,Seberang Perai Selatan,2
2023-01-07,Malaysia,Klang,4
2023-07-11,Malaysia,Kuala Terengganu,6
2023-03-20,Malaysia,Kanowit,1
2023-06-18,Malaysia,Rompin,1
2023-07-25,Malaysia,Perlis,1
2023-02-13,Malaysia,Bintulu,3
2023-08-31,Malaysia,Kuala Muda,3
2023-08-31,Malaysia,Perak Tengah,1
2023-04-25,Malaysia,Penang Island,200
2023-04-25,Malaysia,Pekan,1
2023-10-17,Malaysia,Cameron Highlands,1
2023-03-04,Malaysia,Kampar,5
2023-03-18,Malaysia,Seberang Perai Utara,1
2023-08-15,Malaysia,Kulaijaya,13
2023-08-29,Malaysia,Klang,20
2023-07-08,Malaysia,Perak Tengah,1
2023-04-10,Malaysia,Shah Alam,10
2023-04-10,Malaysia,Kampar,10
2023-11-10,Malaysia,Langkawi,92
2023-09-21,Malaysia,Perlis,2
2023-10-04,Malaysia,Kota Bharu,2
2023-10-18,Malaysia,Sibu,1
2023-10-18,Malaysia,Jempol,2
2023-10-18,Malaysia,Rompin,1
2023-07-07,Malaysia,Kemaman,1
2023-08-28,Malaysia,Kulaijaya,22
2023-08-28,Malaysia,Alor Gajah,4
2023-04-23,Malaysia,Kota Setar,1
2023-04-23,Malaysia,Klang,1
2023-11-11,Malaysia,Kluang,3
2023-11-11,Malaysia,Langkawi,112
2023-11-11,Malaysia,Kota Tinggi,25
2023-03-06,Malaysia,Kuching,41
2023-03-06,Malaysia,Kuantan,53
2023-03-06,Malaysia,Perlis,2
2023-03-06,Malaysia,Lawas,1
2023-10-15,Malaysia,Seremban,18
2023-10-01,Malaysia,Besut,1
2023-10-01,Malaysia,Seremban,34
2023-11-22,Malaysia,Kuching,2
2023-03-05,Malaysia,Kuala Muda,6
2023-03-05,Malaysia,Perlis,4
2023-04-12,Malaysia,Kota Marudu,2
2023-03-19,Malaysia,Shah Alam,9
2023-04-26,Malaysia,Segamat,3
2023-08-16,Malaysia,Sibu,1
2023-08-16,Malaysia,Port Dickson,45
2023-07-09,Malaysia,Temerloh,1
2023-10-27,Malaysia,Batu Pahat,3
2023-10-27,Malaysia,Seberang Perai Tengah,8
2023-04-11,Malaysia,Segamat,4
2023-10-13,Malaysia,Bintulu,3
2023-02-07,Malaysia,Besut,2
2023-08-11,Malaysia,Pekan,1
2023-08-11,Malaysia,Setiu,1
2023-08-11,Malaysia,Kuala Terengganu,2
2023-07-04,Malaysia,Rompin,5
2023-04-20,Malaysia,Johor Bahru,279
2023-04-20,Malaysia,Langkawi,81
2023-03-28,Malaysia,Keningau,2
2023-03-28,Malaysia,Temerloh,1
2023-07-18,Malaysia,Mersing,9
2023-11-20,Malaysia,Langkawi,69
2023-03-27,Malaysia,Kuala Langat,4
2023-03-27,Malaysia,Kemaman,1
2023-02-06,Malaysia,Perlis,4
2023-08-10,Malaysia,Muar,5
2023-08-10,Malaysia,Cameron Highlands,3
2023-07-03,Malaysia,Klang,13
2023-07-03,Malaysia,Port Dickson,29
2023-08-24,Malaysia,Kuala Muda,7
2023-03-12,Malaysia,Muar,3
2023-03-12,Malaysia,Langkawi,59
2023-03-16,Malaysia,Kota Tinggi,9
2023-09-20,Malaysia,Port Dickson,41
2023-09-20,Malaysia,Seberang Perai Tengah,14
2023-02-09,Malaysia,Perlis,1
2023-08-27,Malaysia,Mersing,1
2023-08-27,Malaysia,Temerloh,2
2023-08-13,Malaysia,Bentong,18
2023-10-26,Malaysia,Kluang,14
2023-10-26,Malaysia,Kulaijaya,13
2023-07-06,Malaysia,Kampar,8
2023-03-15,Malaysia,Kuala Langat,2
2023-03-29,Malaysia,Pekan,1
2023-02-08,Malaysia,Langkawi,87
2023-04-05,Malaysia,Kulaijaya,10
2023-04-05,Malaysia,Pontian,3
2023-11-04,Malaysia,Putrajaya,2
2023-09-02,Malaysia,Kampar,6
2023-04-19,Malaysia,Rompin,1
2023-09-16,Malaysia,Kota Setar,8
2023-09-16,Malaysia,Kuala Selangor,1
2023-08-09,Malaysia,Cameron Highlands,1
2023-05-26,Malaysia,Kuala Lumpur,495
2023-05-26,Malaysia,Kampar,6
2023-05-11,Malaysia,Ranau,8
2023-05-11,Malaysia,Batu Pahat,5
2023-05-25,Malaysia,Penang Island,226
2023-05-25,Malaysia,Putrajaya,1
2023-05-25,Malaysia,Alor Gajah,2
2023-09-01,Malaysia,Batang Padang,1
2023-01-20,Malaysia,Kinta,31
2023-01-20,Malaysia,Kuala Selangor,8
2023-01-20,Malaysia,Pontian,1
2023-04-18,Malaysia,Kluang,3
2023-11-16,Malaysia,Hulu Langat,6
2023-11-16,Malaysia,Kuantan,3
2023-11-05,Malaysia,Kulim,4
2023-05-10,Malaysia,Kota Setar,6
2023-08-08,Malaysia,Kinta,39
2023-11-02,Malaysia,Kuala Pilah,2
2023-11-02,Malaysia,Kuala Selangor,1
2023-11-02,Malaysia,Kuala Terengganu,16
2023-05-28,Malaysia,Langkawi,45
2023-05-28,Malaysia,Kulaijaya,21
2023-05-28,Malaysia,Kuala Muda,15
2023-06-20,Malaysia,Johor Bahru,320
2023-09-04,Malaysia,Batu Pahat,10
2023-09-04,Malaysia,Cameron Highlands,2
2023-11-03,Malaysia,Kluang,7
2023-11-03,Malaysia,Barat Daya,26
2023-09-18,Malaysia,Sandakan,1
2023-11-17,Malaysia,Perlis,1
2023-06-20,Malaysia,Hulu Langat,6
2023-11-18,Malaysia,Kota Setar,6
2023-05-27,Malaysia,Muar,10
2023-05-27,Malaysia,Barat Daya,6
2023-05-27,Malaysia,Rompin,1
2023-09-03,Malaysia,Sabak Bernam,1
2023-05-12,Malaysia,Kluang,6
2023-11-14,Malaysia,Bentong,4
2023-11-14,Malaysia,Kota Bharu,9
2023-04-15,Malaysia,Raub,1
2023-04-15,Malaysia,Ranau,1
2023-04-06,Malaysia,Kulaijaya,13
2023-04-06,Malaysia,Kuala Muda,3
2023-04-06,Malaysia,Miri,3
2023-04-06,Malaysia,Pasir Putih,2
2023-04-29,Malaysia,Kota Tinggi,9
2023-05-21,Malaysia,Kulim,3
2023-05-21,Malaysia,Port Dickson,15
2023-05-21,Malaysia,Segamat,5
2023-11-01,Malaysia,Langkawi,71
2023-08-19,Malaysia,Putrajaya,1
2023-09-26,Malaysia,Kuala Terengganu,1
2023-01-31,Malaysia,Kulim,3
2023-09-11,Malaysia,Cameron Highlands,2
2023-05-20,Malaysia,Kuala Pilah,2
2023-05-20,Malaysia,Klang,15
2023-05-20,Malaysia,Kuantan,10
2023-04-28,Malaysia,Kota Tinggi,5
2023-09-12,Malaysia,Bentong,35
2023-09-12,Malaysia,Kulaijaya,16
2023-04-13,Malaysia,Labuan,3
2023-04-13,Malaysia,Kluang,4
2023-09-25,Malaysia,Bintulu,1
2023-09-25,Malaysia,Kulaijaya,20
2023-06-30,Malaysia,Kuala Lumpur,383
2023-10-09,Malaysia,Kluang,4
2023-09-28,Malaysia,Kuala Lumpur,508
2023-11-13,Malaysia,Seremban,15
2023-08-07,Malaysia,Cameron Highlands,1
2023-04-17,Malaysia,Kota Kinabalu,14
2023-04-17,Malaysia,Kuala Terengganu,2
2023-04-17,Malaysia,Segamat,1
2023-09-14,Malaysia,Sabak Bernam,2
2023-04-16,Malaysia,Labuan,4
2023-05-23,Malaysia,Langkawi,64
2023-05-23,Malaysia,Shah Alam,25
2023-05-23,Malaysia,Pekan,5
2023-05-23,Malaysia,Perlis,2
2023-04-03,Malaysia,Johor Bahru,259
2023-04-03,Malaysia,Batu Pahat,1
2023-06-30,Malaysia,Jempol,3
2023-09-27,Malaysia,Shah Alam,22
2023-09-27,Malaysia,Segamat,4
2023-10-05,Malaysia,Segamat,1
2023-10-05,Malaysia,Kubang Pasu,2
2023-10-05,Malaysia,Port Dickson,22
2023-06-13,Malaysia,Klang,7
2023-04-01,Malaysia,Penang Island,114
2023-01-01,Malaysia,Kuala Langat,1
2023-02-22,Malaysia,Seberang Perai Selatan,6
2023-09-13,Malaysia,Muar,14
2023-09-13,Malaysia,Barat Daya,2
2023-05-22,Malaysia,Batu Pahat,14
2023-05-22,Malaysia,Tawau,5
2023-04-02,Malaysia,Kuching,25
2023-06-27,Malaysia,Kota Kinabalu,6
2023-06-27,Malaysia,Putrajaya,1
2023-06-26,Malaysia,Malacca City,129
2023-01-18,Malaysia,Penampang,1
2023-06-01,Malaysia,Rompin,7
2023-06-11,Malaysia,Raub,5
2023-02-10,Malaysia,Seberang Perai Utara,6
2023-10-30,Malaysia,Samarahan,1
2023-01-29,Malaysia,Batang Padang,1
2023-07-22,Malaysia,Segamat,1
2023-03-31,Malaysia,Jempol,1
2023-05-19,Malaysia,Penampang,7
2023-05-08,Malaysia,Seremban,27
2023-01-15,Malaysia,Malacca City,126
2023-01-15,Malaysia,Batu Pahat,6
2023-01-15,Malaysia,Jeli,1
2023-01-15,Malaysia,Perlis,3
2023-01-15,Malaysia,Kota Bharu,1
2023-01-17,Malaysia,Kota Tinggi,18
2023-01-02,Malaysia,Seremban,19
2023-01-02,Malaysia,Putrajaya,4
2023-06-12,Malaysia,Ranau,2
2023-04-09,Malaysia,Kuala Lumpur,233
2023-04-09,Malaysia,Kinta,33
2023-06-26,Malaysia,Labuan,2
2023-06-23,Malaysia,Jerantut,1
2023-05-02,Malaysia,Kuala Selangor,1
2023-07-20,Malaysia,Langkawi,54
2023-07-20,Malaysia,Manjung,1
2023-05-07,Malaysia,Kuching,19
2023-05-07,Malaysia,Kuala Terengganu,5
2023-05-07,Malaysia,Kampar,13
2023-03-30,Malaysia,Seremban,17
2023-03-30,Malaysia,Kubang Pasu,1
2023-03-30,Malaysia,Keningau,3
2023-02-23,Malaysia,Seberang Perai Selatan,7
2023-02-23,Malaysia,Batu Pahat,5
2023-02-23,Malaysia,Cameron Highlands,2
2023-01-03,Malaysia,Malacca City,179
2023-01-03,Malaysia,Rompin,1
2023-11-09,Malaysia,Sabak Bernam,2
2023-11-09,Malaysia,Seberang Perai Utara,12
2023-01-24,Malaysia,Hulu Langat,6
2023-01-24,Malaysia,Bentong,22
2023-05-15,Malaysia,Kinta,38
2023-05-15,Malaysia,Kampar,8
2023-05-15,Malaysia,Keningau,1
2023-01-10,Malaysia,Kota Kinabalu,7
2023-05-16,Malaysia,Bintulu,1
2023-01-16,Malaysia,Putrajaya,2
2023-01-16,Malaysia,Batu Pahat,4
2023-01-16,Malaysia,Semporna,1
2023-05-29,Malaysia,Kota Setar,6
2023-05-29,Malaysia,Rompin,5
2023-09-05,Malaysia,Kuching,23
2023-01-25,Malaysia,Malacca City,156
2023-02-24,Malaysia,Kuala Terengganu,6
2023-07-21,Malaysia,Shah Alam,34
2023-07-21,Malaysia,Kemaman,3
2023-01-11,Malaysia,Bentong,16
2023-05-01,Malaysia,Penang Island,162
2023-01-13,Malaysia,Seremban,31
2023-05-18,Malaysia,Penang Island,249
2023-06-22,Malaysia,Hulu Langat,9
2023-06-22,Malaysia,Kota Bharu,3
2023-06-22,Malaysia,Segamat,2
2023-11-07,Malaysia,Kuala Lumpur,603
2023-11-07,Malaysia,Kuala Terengganu,3
2023-02-20,Malaysia,Labuan,3
2023-02-20,Malaysia,Mersing,2
2023-05-04,Malaysia,Hulu Langat,6
2023-06-21,Malaysia,Muar,4
2023-11-06,Malaysia,Segamat,1
2023-11-06,Malaysia,Seremban,35
2023-11-06,Malaysia,Malacca City,184
2023-06-24,Malaysia,Johor Bahru,272
2023-06-24,Malaysia,Ranau,1
2023-01-27,Malaysia,Seberang Perai Selatan,4
2023-01-12,Malaysia,Miri,2
2023-01-12,Malaysia,Kuantan,9
2023-01-12,Malaysia,Ranau,2
2023-01-26,Malaysia,Cameron Highlands,4
2023-06-25,Malaysia,Hulu Langat,5
2023-05-17,Malaysia,Langkawi,79
2023-09-07,Malaysia,Jempol,1
2023-07-30,Malaysia,Kudat,1
2023-11-08,Malaysia,Bentong,2
2023-02-17,Malaysia,Kuala Pilah,2
2023-02-17,Malaysia,Keningau,1
2023-02-17,Malaysia,Labuan,1
2023-08-21,Malaysia,Shah Alam,9
2023-08-21,Malaysia,Temerloh,2
2023-07-14,Malaysia,Johor Bahru,266
2023-07-14,Malaysia,Kuala Terengganu,5
2023-10-23,Malaysia,Penang Island,187
2023-06-07,Malaysia,Kuching,26
2023-07-28,Malaysia,Seberang Perai Tengah,8
2023-07-28,Malaysia,Batu Pahat,4
2023-03-23,Malaysia,Kluang,4
2023-10-24,Malaysia,Kota Bharu,4
2023-07-13,Malaysia,Kuching,18
2023-07-13,Malaysia,Kota Kinabalu,6
2023-01-09,Malaysia,Kota Kinabalu,7
2023-01-09,Malaysia,Muar,14
2023-01-09,Malaysia,Kuala Selangor,4
2023-06-06,Malaysia,Hulu Langat,12
2023-07-27,Malaysia,Segamat,2
2023-02-15,Malaysia,Port Dickson,31
2023-10-10,Malaysia,Johor Bahru,256
2023-07-02,Malaysia,Malacca City,124
2023-03-26,Malaysia,Shah Alam,14
2023-03-26,Malaysia,Keningau,1
2023-03-11,Malaysia,Perlis,2
2023-03-11,Malaysia,Penang Island,173
2023-03-11,Malaysia,Kampar,5
2023-07-16,Malaysia,Kulaijaya,17
2023-02-04,Malaysia,Sabak Bernam,1
2023-10-21,Malaysia,Malacca City,141
2023-03-25,Malaysia,Bentong,30
2023-06-09,Malaysia,Seremban,10
2023-08-22,Malaysia,Malacca City,165
2023-08-22,Malaysia,Kluang,13
2023-07-15,Malaysia,Kinta,35
2023-02-18,Malaysia,Kulaijaya,16
2023-02-18,Malaysia,Bentong,23
2023-02-18,Malaysia,Perak Tengah,2
2023-07-01,Malaysia,Port Dickson,36
2023-07-01,Malaysia,Perak Tengah,1
2023-10-22,Malaysia,Shah Alam,15
2023-07-29,Malaysia,Kuala Lumpur,470
2023-07-29,Malaysia,Port Dickson,35
2023-07-29,Malaysia,Kluang,9
2023-07-29,Malaysia,Kemaman,1
2023-03-10,Malaysia,Kuala Muda,14
2023-03-10,Malaysia,Kuala Langat,3
2023-06-08,Malaysia,Seberang Perai Utara,1
2023-03-24,Malaysia,Kota Kinabalu,51
2023-03-24,Malaysia,Seberang Perai Utara,2
2023-03-24,Malaysia,Perlis,6
2023-03-24,Malaysia,Lawas,1
2023-02-03,Malaysia,Perlis,1
2023-02-03,Malaysia,Batu Pahat,14
2023-01-06,Malaysia,Kuala Pilah,1
2023-02-27,Malaysia,Tawau,3
2023-07-24,Malaysia,Kuala Lumpur,417
2023-06-03,Malaysia,Batang Padang,2
2023-02-12,Malaysia,Langkawi,93
2023-02-26,Malaysia,Putrajaya,1
2023-01-19,Malaysia,Port Dickson,11
2023-06-02,Malaysia,Hulu Selangor,1
2023-06-16,Malaysia,Miri,4
2023-06-16,Malaysia,Kuala Selangor,1
2023-02-11,Malaysia,Kuching,12
2023-02-11,Malaysia,Kubang Pasu,1
2023-10-20,Malaysia,Batu Pahat,5
2023-02-25,Malaysia,Miri,2
2023-01-04,Malaysia,Penang Island,101
2023-01-04,Malaysia,Kampar,1
2023-01-08,Malaysia,Johor Bahru,111
2023-06-19,Malaysia,Miri,4
2023-06-19,Malaysia,Pekan,1
2023-07-26,Malaysia,Batu Pahat,9
2023-02-14,Malaysia,Kuala Langat,2
2023-02-14,Malaysia,Ledang,3
2023-02-14,Malaysia,Bentong,32
2023-06-04,Malaysia,Raub,4
2023-07-11,Malaysia,Kampar,3
2023-07-11,Malaysia,Barat Daya,2
2023-07-11,Malaysia,Rompin,2
2023-07-11,Malaysia,Segamat,1
2023-06-18,Malaysia,Shah Alam,4
2023-06-18,Malaysia,Raub,6
2023-07-10,Malaysia,Batu Pahat,4
2023-07-25,Malaysia,Kampar,8
2023-07-25,Malaysia,Seberang Perai Tengah,6
2023-02-13,Malaysia,Kulaijaya,15
2023-02-13,Malaysia,Tawau,3
2023-02-13,Malaysia,Labuan,3
2023-04-25,Malaysia,Kuala Lumpur,299
2023-10-17,Malaysia,Kuala Pilah,1
2023-08-01,Malaysia,Langkawi,88
2023-09-22,Malaysia,Kota Kinabalu,2
2023-03-04,Malaysia,Perlis,8
2023-03-04,Malaysia,Kulaijaya,10
2023-03-04,Malaysia,Cameron Highlands,8
2023-08-29,Malaysia,Tampin,2
2023-05-31,Malaysia,Johor Bahru,348
2023-05-31,Malaysia,Barat Daya,12
2023-03-03,Malaysia,Hulu Selangor,2
2023-11-10,Malaysia,Penang Island,298
2023-11-10,Malaysia,Seberang Perai Selatan,11
2023-09-21,Malaysia,Kampar,6
2023-10-04,Malaysia,Kuching,20
2023-10-04,Malaysia,Kuala Muda,1
2023-10-04,Malaysia,Perak Tengah,1
2023-10-18,Malaysia,Kinta,59
2023-10-18,Malaysia,Perlis,1
2023-10-18,Malaysia,Putrajaya,4
2023-05-30,Malaysia,Batu Pahat,21
2023-08-28,Malaysia,Kuching,11
2023-08-28,Malaysia,Seberang Perai Selatan,4
2023-03-02,Malaysia,Kota Tinggi,12
2023-10-19,Malaysia,Cameron Highlands,1
2023-11-11,Malaysia,Kuching,22
2023-10-29,Malaysia,Kuala Selangor,2
2023-03-06,Malaysia,Kampar,8
2023-03-06,Malaysia,Manjung,5
2023-08-17,Malaysia,Kuala Langat,2
2023-11-22,Malaysia,Seberang Perai Tengah,1
2023-10-16,Malaysia,Penang Island,224
2023-10-16,Malaysia,Seberang Perai Selatan,5
2023-03-05,Malaysia,Muar,9
2023-03-05,Malaysia,Pekan,1
2023-03-19,Malaysia,Batu Pahat,2
2023-03-19,Malaysia,Jempol,4
2023-03-19,Malaysia,Pasir Putih,2
2023-10-02,Malaysia,Kluang,9
2023-09-23,Malaysia,Kuching,16
2023-08-16,Malaysia,Kuantan,5
2023-08-16,Malaysia,Kuala Pilah,2
2023-07-09,Malaysia,Kulaijaya,26
2023-07-09,Malaysia,Keningau,1
2023-10-27,Malaysia,Kota Setar,12
2023-02-07,Malaysia,Kulaijaya,13
2023-08-11,Malaysia,Kinta,43
2023-08-11,Malaysia,Ledang,2
2023-07-04,Malaysia,Kota Setar,9
2023-08-25,Malaysia,Kuantan,11
2023-04-20,Malaysia,Seberang Perai Utara,1
2023-03-28,Malaysia,Kota Tinggi,4
2023-03-28,Malaysia,Kota Bharu,8
2023-11-20,Malaysia,Perak Tengah,1
2023-03-27,Malaysia,Johor Bahru,238
2023-03-27,Malaysia,Port Dickson,10
2023-03-27,Malaysia,Sibu,1
2023-03-27,Malaysia,Seberang Perai Utara,1
2023-02-06,Malaysia,Penang Island,104
2023-02-06,Malaysia,Kinta,43
2023-02-06,Malaysia,Jeli,1
2023-02-06,Malaysia,Manjung,2
2023-08-10,Malaysia,Shah Alam,4
2023-07-03,Malaysia,Larut and Matang,1
2023-07-03,Malaysia,Barat Daya,5
2023-10-14,Malaysia,Penang Island,147
2023-08-24,Malaysia,Jempol,1
2023-07-17,Malaysia,Kuantan,5
2023-03-16,Malaysia,Kubang Pasu,1
2023-03-16,Malaysia,Ranau,2
2023-10-25,Malaysia,Rompin,1
2023-10-25,Malaysia,Kuching,16
2023-10-25,Malaysia,Temerloh,5
2023-10-25,Malaysia,Batang Padang,1
2023-09-30,Malaysia,Kota Setar,5
2023-09-30,Malaysia,Lawas,1
2023-10-11,Malaysia,Penang Island,275
2023-10-11,Malaysia,Bintulu,1
2023-10-11,Malaysia,Batang Padang,3
2023-02-09,Malaysia,Langkawi,90
2023-02-09,Malaysia,Batang Padang,1
2023-08-27,Malaysia,Kuala Selangor,3
2023-08-13,Malaysia,Seberang Perai Selatan,3
2023-07-06,Malaysia,Lawas,1
2023-03-15,Malaysia,Hulu Langat,21
2023-03-15,Malaysia,Port Dickson,25
2023-04-22,Malaysia,Langkawi,50
2023-03-29,Malaysia,Ranau,1
2023-04-21,Malaysia,Malacca City,149
2023-10-12,Malaysia,Port Dickson,14
2023-07-19,Malaysia,Kota Bharu,1
2023-03-14,Malaysia,Lahad Datu,2
2023-04-05,Malaysia,Kuala Lumpur,374
2023-11-04,Malaysia,Jempol,2
2023-11-04,Malaysia,Cameron Highlands,3
2023-09-02,Malaysia,Kulim,1
2023-09-02,Malaysia,Bintulu,1
2023-11-19,Malaysia,Langkawi,72
2023-01-21,Malaysia,Kota Tinggi,14
2023-11-19,Malaysia,Seberang Perai Utara,3
2023-11-19,Malaysia,Jempol,1
2023-04-19,Malaysia,Hulu Langat,9
2023-09-16,Malaysia,Port Dickson,25
2023-09-16,Malaysia,Johor Bahru,222
2023-09-16,Malaysia,Seberang Perai Selatan,2
2023-05-11,Malaysia,Bera,1
2023-03-14,Malaysia,Tawau,1
2023-05-25,Malaysia,Bintulu,9
2023-04-04,Malaysia,Muar,4
2023-04-04,Malaysia,Kulaijaya,11
2023-04-04,Malaysia,Seremban,22
2023-01-20,Malaysia,Seremban,33
2023-01-20,Malaysia,Kulim,1
2023-09-15,Malaysia,Seberang Perai Tengah,9
2023-09-15,Malaysia,Kuching,36
2023-09-15,Malaysia,Putrajaya,2
2023-04-18,Malaysia,Kuala Selangor,2
2023-11-05,Malaysia,Segamat,3
2023-05-10,Malaysia,Hulu Langat,9
2023-08-08,Malaysia,Penang Island,212
2023-11-02,Malaysia,Sabak Bernam,4
2023-11-02,Malaysia,Pontian,1
2023-11-02,Malaysia,Kluang,4
2023-11-03,Malaysia,Kulim,1
2023-11-03,Malaysia,Kuantan,38
2023-09-18,Malaysia,Alor Gajah,2
2023-01-23,Malaysia,Batang Padang,1
2023-11-17,Malaysia,Jempol,3
2023-11-17,Malaysia,Kota Setar,12
2023-06-20,Malaysia,Cameron Highlands,4
2023-11-18,Malaysia,Labuan,2
2023-09-17,Malaysia,Kulaijaya,16
2023-05-13,Malaysia,Jempol,2
2023-05-13,Malaysia,Batang Padang,4
2023-05-14,Malaysia,Kuantan,12
2023-09-19,Malaysia,Kuala Terengganu,2
2023-09-03,Malaysia,Kluang,2
2023-04-15,Malaysia,Johor Bahru,218
2023-04-15,Malaysia,Tawau,2
2023-04-06,Malaysia,Johor Bahru,279
2023-04-06,Malaysia,Penampang,1
2023-04-06,Malaysia,Raub,2
2023-10-07,Malaysia,Ranau,1
2023-03-08,Malaysia,Tawau,1
2023-09-26,Malaysia,Shah Alam,19
2023-05-21,Malaysia,Pekan,1
2023-01-31,Malaysia,Port Dickson,25
2023-11-01,Malaysia,Malacca City,215
2023-11-01,Malaysia,Batang Padang,1
2023-08-19,Malaysia,Perak Tengah,1
2023-08-19,Malaysia,Kuala Terengganu,3
2023-10-08,Malaysia,Klang,19
2023-09-26,Malaysia,Muar,15
2023-09-26,Malaysia,Bintulu,2
2023-09-26,Malaysia,Segamat,2
2023-09-26,Malaysia,Kota Bharu,1
2023-09-26,Malaysia,Cameron Highlands,6
2023-04-14,Malaysia,Batang Padang,1
2023-04-14,Malaysia,Lawas,3
2023-04-14,Malaysia,Larut and Matang,1
2023-08-05,Malaysia,Ranau,2
2023-09-11,Malaysia,Kuantan,26
2023-05-20,Malaysia,Muar,4
2023-05-20,Malaysia,Pontian,3
2023-05-20,Malaysia,Rompin,1
2023-04-28,Malaysia,Kota Marudu,1
2023-03-08,Malaysia,Lawas,3
2023-09-12,Malaysia,Hulu Langat,4
2023-09-12,Malaysia,Seberang Perai Selatan,8
2023-03-07,Malaysia,Kuala Pilah,1
2023-04-13,Malaysia,Seberang Perai Selatan,2
2023-04-13,Malaysia,Tawau,4
2023-10-09,Malaysia,Kuantan,8
2023-10-09,Malaysia,Kuching,31
2023-09-28,Malaysia,Kuantan,19
2023-09-28,Malaysia,Putrajaya,5
2023-11-13,Malaysia,Kubang Pasu,2
2023-11-13,Malaysia,Batang Padang,1
2023-11-13,Malaysia,Cameron Highlands,2
2023-10-06,Malaysia,Langkawi,79
2023-10-06,Malaysia,Kulaijaya,18
2023-10-06,Malaysia,Seremban,34
2023-04-17,Malaysia,Miri,2
2023-09-14,Malaysia,Kuala Muda,1
2023-05-24,Malaysia,Perlis,9
2023-05-24,Malaysia,Kulaijaya,26
2023-05-24,Malaysia,Sandakan,5
2023-05-23,Malaysia,Kampar,6
2023-01-30,Malaysia,Johor Bahru,236
2023-01-30,Malaysia,Ranau,2
2023-06-30,Malaysia,Kota Kinabalu,17
2023-10-05,Malaysia,Jempol,9
2023-11-13,Malaysia,Perak Tengah,1
2023-11-12,Malaysia,Shah Alam,10
2023-11-12,Malaysia,Kluang,8
2023-02-22,Malaysia,Penang Island,225
2023-02-22,Malaysia,Kluang,5
2023-08-06,Malaysia,Kota Kinabalu,2
2023-08-06,Malaysia,Kluang,10
2023-08-06,Malaysia,Tampin,1
2023-05-06,Malaysia,Sandakan,1
2023-09-13,Malaysia,Manjung,4
2023-01-18,Malaysia,Kota Setar,3
2023-02-21,Malaysia,Larut and Matang,1
2023-02-21,Malaysia,Kota Setar,7
2023-06-11,Malaysia,Kuching,30
2023-06-11,Malaysia,Tanah Merah,1
2023-02-10,Malaysia,Manjung,3
2023-02-10,Malaysia,Kuala Langat,1
2023-01-29,Malaysia,Kuching,14
2023-01-29,Malaysia,Kota Kinabalu,9
2023-01-29,Malaysia,Seberang Perai Tengah,4
2023-03-31,Malaysia,Seremban,13
2023-03-31,Malaysia,Kulaijaya,12
2023-03-31,Malaysia,Penampang,1
2023-06-29,Malaysia,Shah Alam,13
2023-05-08,Malaysia,Kota Tinggi,9
2023-01-14,Malaysia,Shah Alam,4
2023-01-15,Malaysia,Kampar,1
2023-01-15,Malaysia,Kuala Selangor,1
2023-01-17,Malaysia,Putrajaya,54
2023-01-17,Malaysia,Serian,1
2023-06-12,Malaysia,Seremban,14
2023-06-12,Malaysia,Bentong,32
2023-06-14,Malaysia,Kulaijaya,16
2023-06-14,Malaysia,Pontian,5
2023-04-09,Malaysia,Kota Setar,2
2023-06-26,Malaysia,Barat Daya,1
2023-06-26,Malaysia,Kota Bharu,1
2023-06-28,Malaysia,Kulaijaya,28
2023-06-28,Malaysia,Tuaran,1
2023-05-02,Malaysia,Kuala Lumpur,263
2023-05-02,Malaysia,Kulaijaya,9
2023-07-20,Malaysia,Barat Daya,13
2023-07-20,Malaysia,Larut and Matang,1
2023-02-23,Malaysia,Kinta,71
2023-02-23,Malaysia,Klang,2
2023-02-23,Malaysia,Sibu,1
2023-02-23,Malaysia,Mersing,1
2023-04-08,Malaysia,Kuala Terengganu,3
2023-04-08,Malaysia,Kota Bharu,1
2023-11-09,Malaysia,Ranau,1
2023-01-24,Malaysia,Kuala Lumpur,211
2023-01-24,Malaysia,Cameron Highlands,2
2023-09-09,Malaysia,Temerloh,1
2023-01-10,Malaysia,Seberang Perai Utara,6
2023-05-29,Malaysia,Tawau,5
2023-09-05,Malaysia,Seberang Perai Tengah,10
2023-01-25,Malaysia,Jempol,1
2023-07-21,Malaysia,Segamat,2
2023-01-11,Malaysia,Batu Pahat,11
2023-05-01,Malaysia,Hulu Langat,4
2023-01-13,Malaysia,Kota Kinabalu,19
2023-01-13,Malaysia,Seberang Perai Selatan,2
2023-05-18,Malaysia,Kulim,5
2023-05-18,Malaysia,Tambunan,3
2023-06-22,Malaysia,Langkawi,62
2023-02-20,Malaysia,Kuching,18
2023-05-04,Malaysia,Johor Bahru,234
2023-05-04,Malaysia,Kuching,28
2023-06-21,Malaysia,Kuala Muda,10
2023-11-06,Malaysia,Penang Island,255
2023-05-03,Malaysia,Johor Bahru,248
2023-06-24,Malaysia,Kuching,31
2023-01-27,Malaysia,Labuan,1
2023-01-27,Malaysia,Larut and Matang,1
2023-06-10,Malaysia,Seberang Perai Selatan,1
2023-06-25,Malaysia,Klang,15
2023-05-17,Malaysia,Kota Bharu,1
2023-07-31,Malaysia,Kluang,8
2023-09-07,Malaysia,Kampar,4
2023-09-07,Malaysia,Kota Setar,1
2023-09-07,Malaysia,Rompin,1
2023-09-07,Malaysia,Kuala Terengganu,6
2023-07-30,Malaysia,Kinta,39
2023-07-30,Malaysia,Batang Padang,11
2023-05-03,Malaysia,Hulu Langat,11
2023-08-21,Malaysia,Kulaijaya,22
2023-08-21,Malaysia,Seremban,32
2023-08-21,Malaysia,Bentong,25
2023-07-14,Malaysia,Kota Bharu,2
2023-04-30,Malaysia,Besut,1
2023-06-07,Malaysia,Kota Kinabalu,9
2023-07-28,Malaysia,Manjung,3
2023-02-02,Malaysia,Klang,15
2023-02-02,Malaysia,Kuala Langat,1
2023-08-20,Malaysia,Seremban,22
2023-02-16,Malaysia,Bintulu,3
2023-02-16,Malaysia,Kluang,5
2023-10-24,Malaysia,Seremban,20
2023-10-24,Malaysia,Kulaijaya,19
2023-10-24,Malaysia,Kuala Terengganu,5
2023-01-09,Malaysia,Shah Alam,10
2023-01-09,Malaysia,Seremban,36
2023-01-09,Malaysia,Seberang Perai Tengah,4
2023-03-22,Malaysia,Seberang Perai Utara,2
2023-03-22,Malaysia,Port Dickson,3
2023-06-06,Malaysia,Bera,1
2023-07-27,Malaysia,Hulu Langat,2
2023-07-02,Malaysia,Johor Bahru,353
2023-07-02,Malaysia,Pasir Putih,1
2023-03-26,Malaysia,Kuching,36
2023-03-26,Malaysia,Kampar,6
2023-03-26,Malaysia,Kuantan,7
2023-03-11,Malaysia,Kota Kinabalu,12
2023-02-19,Malaysia,Perlis,2
2023-02-19,Malaysia,Marang,1
2023-10-21,Malaysia,Seberang Perai Utara,2
2023-03-25,Malaysia,Kota Kinabalu,18
2023-03-25,Malaysia,Kota Bharu,2
2023-06-09,Malaysia,Kluang,6
2023-07-15,Malaysia,Penang Island,185
2023-02-18,Malaysia,Shah Alam,22
2023-02-18,Malaysia,Pekan,2
2023-07-01,Malaysia,Batu Pahat,2
2023-10-22,Malaysia,Jempol,3
2023-10-22,Malaysia,Langkawi,89
2023-07-29,Malaysia,Bentong,31
2023-03-24,Malaysia,Penampang,3
2023-02-03,Malaysia,Kulaijaya,5
2023-02-27,Malaysia,Kota Setar,7
2023-02-27,Malaysia,Keningau,1
2023-07-24,Malaysia,Malacca City,138
2023-07-24,Malaysia,Batu Pahat,7
2023-07-24,Malaysia,Kota Bharu,2
2023-06-03,Malaysia,Miri,7
2023-06-03,Malaysia,Lawas,2
2023-02-12,Malaysia,Kulim,2
2023-01-05,Malaysia,Bintulu,1
2023-02-26,Malaysia,Johor Bahru,172
2023-02-26,Malaysia,Hulu Langat,25
2023-02-26,Malaysia,Seremban,29
2023-07-23,Malaysia,Pendang,1
2023-07-23,Malaysia,Seberang Perai Tengah,5
2023-06-02,Malaysia,Seberang Perai Tengah,15
2023-06-16,Malaysia,Port Dickson,54
2023-06-16,Malaysia,Bera,2
2023-02-11,Malaysia,Dungun,1
2023-02-11,Malaysia,Rompin,3
2023-10-20,Malaysia,Bintulu,2
2023-02-25,Malaysia,Hulu Langat,33
2023-01-04,Malaysia,Kinta,23
2023-01-04,Malaysia,Kuala Terengganu,4
2023-01-08,Malaysia,Kuala Selangor,2
2023-07-26,Malaysia,Seberang Perai Selatan,8
2023-07-26,Malaysia,Kuala Selangor,2
2023-02-14,Malaysia,Kota Belud,1
2023-10-31,Malaysia,Malacca City,246
2023-10-31,Malaysia,Seberang Perai Selatan,6
2023-02-14,Malaysia,Segamat,2
2023-02-14,Malaysia,Perak Tengah,2
2023-06-04,Malaysia,Malacca City,116
2023-01-07,Malaysia,Seberang Perai Utara,1
2023-07-11,Malaysia,Seremban,26
2023-07-11,Malaysia,Tawau,2
2023-07-11,Malaysia,Kota Bharu,2
2023-03-20,Malaysia,Shah Alam,15
2023-03-20,Malaysia,Pekan,2
2023-06-18,Malaysia,Kinta,22
2023-06-18,Malaysia,Seberang Perai Tengah,8
2023-06-18,Malaysia,Larut and Matang,2
2023-07-10,Malaysia,Bentong,47
2023-02-13,Malaysia,Hulu Selangor,3
2023-04-25,Malaysia,Kulim,1
2023-10-17,Malaysia,Genting Highlands,52
2023-10-17,Malaysia,Kuala Lumpur,497
2023-10-17,Malaysia,Perak Tengah,2
2023-08-01,Malaysia,Kota Setar,5
2023-10-03,Malaysia,Penang Island,213
2023-03-04,Malaysia,Kulim,1
2023-03-04,Malaysia,Lawas,3
2023-03-18,Malaysia,Kuching,29
2023-08-15,Malaysia,Muar,5
2023-08-29,Malaysia,Alor Gajah,13
2023-05-31,Malaysia,Temerloh,13
2023-04-10,Malaysia,Batu Pahat,1
2023-04-24,Malaysia,Ranau,1
2023-11-10,Malaysia,Putrajaya,1
2023-10-18,Malaysia,Seremban,15
2023-07-07,Malaysia,Seberang Perai Utara,2
2023-08-14,Malaysia,Batu Pahat,1
2023-08-28,Malaysia,Kuantan,12
2023-03-02,Malaysia,Tampin,1
2023-10-19,Malaysia,Kinta,43
2023-10-19,Malaysia,Batu Pahat,2
2023-11-11,Malaysia,Seremban,13
2023-04-27,Malaysia,Johor Bahru,269
2023-03-06,Malaysia,Jempol,4
2023-03-06,Malaysia,Kuala Selangor,1
2023-08-03,Malaysia,Kampar,4
2023-10-01,Malaysia,Kuantan,23
2023-10-16,Malaysia,Seremban,20
2023-03-05,Malaysia,Miri,1
2023-04-12,Malaysia,Kota Setar,12
2023-03-19,Malaysia,Perak Tengah,2
2023-10-02,Malaysia,Manjung,8
2023-08-02,Malaysia,Batu Pahat,3
2023-08-02,Malaysia,Kerian,1
2023-09-23,Malaysia,Jempol,3
2023-09-23,Malaysia,Kuantan,12
2023-09-23,Malaysia,Johor Bahru,199
2023-09-23,Malaysia,Port Dickson,12
2023-08-16,Malaysia,Kota Setar,2
2023-07-09,Malaysia,Kuantan,8
2023-04-11,Malaysia,Seberang Perai Tengah,18
2023-04-11,Malaysia,Kuala Terengganu,4
2023-04-11,Malaysia,Mersing,1
2023-10-13,Malaysia,Kota Setar,13
2023-10-13,Malaysia,Seremban,21
2023-02-07,Malaysia,Kinta,40
2023-02-07,Malaysia,Tawau,2
2023-08-25,Malaysia,Seremban,38
2023-08-25,Malaysia,Batang Padang,4
2023-04-20,Malaysia,Port Dickson,14
2023-03-28,Malaysia,Bera,1
2023-03-28,Malaysia,Perlis,3
2023-11-20,Malaysia,Seberang Perai Utara,3
2023-03-27,Malaysia,Kuala Muda,4
2023-03-27,Malaysia,Batu Pahat,3
2023-03-27,Malaysia,Ledang,1
2023-03-27,Malaysia,Larut and Matang,1
2023-02-06,Malaysia,Miri,2
2023-08-10,Malaysia,Kulaijaya,17
2023-08-10,Malaysia,Kota Setar,2
2023-03-13,Malaysia,Penang Island,175
2023-03-13,Malaysia,Kulaijaya,16
2023-03-13,Malaysia,Kampar,10
2023-07-03,Malaysia,Tampin,1
2023-07-03,Malaysia,Mersing,4
2023-10-28,Malaysia,Kluang,4
2023-07-17,Malaysia,Miri,2
2023-03-12,Malaysia,Barat Daya,5
2023-03-12,Malaysia,Pontian,1
2023-11-21,Malaysia,Kuching,21
2023-11-21,Malaysia,Kuala Muda,18
2023-10-25,Malaysia,Kampar,6
2023-10-25,Malaysia,Kota Tinggi,9
2023-09-30,Malaysia,Kuala Lumpur,410
2023-09-30,Malaysia,Shah Alam,12
2023-09-30,Malaysia,Bentong,32
2023-08-13,Malaysia,Kampar,4
2023-10-26,Malaysia,Shah Alam,36
2023-07-06,Malaysia,Batang Padang,2
2023-08-12,Malaysia,Penang Island,159
2023-08-12,Malaysia,Seberang Perai Utara,1
2023-03-29,Malaysia,Penampang,3
2023-03-01,Malaysia,Perlis,4
2023-02-08,Malaysia,Seberang Perai Tengah,4
2023-08-26,Malaysia,Klang,21
2023-08-26,Malaysia,Alor Gajah,3
2023-04-21,Malaysia,Tawau,3
2023-04-21,Malaysia,Kulaijaya,10
2023-10-12,Malaysia,Segamat,2
2023-07-05,Malaysia,Ranau,2
2023-03-14,Malaysia,Muar,6
2023-04-05,Malaysia,Barat Daya,5
2023-04-05,Malaysia,Kuala Pilah,1
2023-01-21,Malaysia,Jempol,2
2023-04-19,Malaysia,Kuala Selangor,1
2023-09-16,Malaysia,Semporna,1
2023-08-09,Malaysia,Bentong,33
2023-08-09,Malaysia,Rompin,1
2023-05-11,Malaysia,Sandakan,1
2023-05-11,Malaysia,Kuala Terengganu,7
2023-03-14,Malaysia,Kemaman,1
2023-09-01,Malaysia,Perlis,4
2023-09-01,Malaysia,Klang,15
2023-09-01,Malaysia,Hulu Langat,3
2023-04-04,Malaysia,Segamat,8
2023-01-20,Malaysia,Shah Alam,13
2023-01-20,Malaysia,Seberang Perai Selatan,4
2023-01-20,Malaysia,Kota Kinabalu,22
2023-09-15,Malaysia,Segamat,2
2023-11-16,Malaysia,Kuching,20
2023-11-16,Malaysia,Klang,24
2023-09-29,Malaysia,Langkawi,106
2023-11-05,Malaysia,Langkawi,108
2023-05-10,Malaysia,Kuala Pilah,1
2023-05-10,Malaysia,Seberang Perai Tengah,18
2023-05-10,Malaysia,Sandakan,2
2023-04-07,Malaysia,Bentong,42
2023-08-08,Malaysia,Shah Alam,1
2023-11-02,Malaysia,Kota Kinabalu,4
2023-11-02,Malaysia,Manjung,6
2023-09-04,Malaysia,Kinta,41
2023-09-04,Malaysia,Rompin,2
2023-11-03,Malaysia,Ranau,5
2023-11-03,Malaysia,Kuala Selangor,7
2023-11-03,Malaysia,Seberang Perai Utara,5
2023-11-17,Malaysia,Manjung,2
2023-11-17,Malaysia,Genting Highlands,39
2023-06-20,Malaysia,Langkawi,47
2023-01-22,Malaysia,Malacca City,101
2023-01-22,Malaysia,Kulaijaya,12
2023-01-22,Malaysia,Kota Tinggi,15
2023-09-17,Malaysia,Kota Tinggi,16
2023-05-14,Malaysia,Muar,3
2023-05-14,Malaysia,Manjung,1
2023-09-19,Malaysia,Alor Gajah,3
2023-01-22,Malaysia,Segamat,1
2023-05-27,Malaysia,Klang,17
2023-09-03,Malaysia,Kota Kinabalu,3
2023-05-12,Malaysia,Barat Daya,6
2023-05-12,Malaysia,Lawas,1
2023-10-07,Malaysia,Kinta,39
2023-10-07,Malaysia,Port Dickson,14
2023-10-07,Malaysia,Genting Highlands,27
2023-03-08,Malaysia,Ranau,1
2023-05-21,Malaysia,Seberang Perai Selatan,1
2023-05-21,Malaysia,Langkawi,78
2023-05-21,Malaysia,Seberang Perai Tengah,9
2023-01-31,Malaysia,Klang,5
2023-01-31,Malaysia,Kuching,21
2023-11-01,Malaysia,Kinta,45
2023-05-20,Malaysia,Kota Kinabalu,9
2023-05-20,Malaysia,Kuala Muda,11
2023-04-28,Malaysia,Tampin,1
2023-09-12,Malaysia,Johor Bahru,402
2023-09-12,Malaysia,Sabak Bernam,1
2023-11-15,Malaysia,Johor Bahru,207
2023-08-04,Malaysia,Seberang Perai Tengah,8
2023-04-13,Malaysia,Hulu Langat,7
2023-04-13,Malaysia,Kuantan,14
2023-09-25,Malaysia,Segamat,2
2023-09-25,Malaysia,Hulu Langat,9
2023-06-30,Malaysia,Johor Bahru,332
2023-06-30,Malaysia,Port Dickson,30
2023-10-09,Malaysia,Seremban,16
2023-09-14,Malaysia,Kampar,7
2023-09-14,Malaysia,Kulaijaya,17
2023-04-17,Malaysia,Kota Tinggi,6
2023-04-17,Malaysia,Port Dickson,6
2023-09-14,Malaysia,Hulu Langat,4
2023-09-14,Malaysia,Alor Gajah,9
2023-05-24,Malaysia,Barat Daya,11
2023-05-24,Malaysia,Pontian,1
2023-04-16,Malaysia,Kulaijaya,20
2023-10-06,Malaysia,Ledang,1
2023-10-06,Malaysia,Segamat,2
2023-05-23,Malaysia,Kota Tinggi,17
2023-01-30,Malaysia,Kota Bharu,1
2023-06-30,Malaysia,Kluang,10
2023-06-30,Malaysia,Seberang Perai Utara,1
2023-09-27,Malaysia,Kinta,58
2023-09-27,Malaysia,Klang,28
2023-09-27,Malaysia,Batu Pahat,5
2023-10-05,Malaysia,Alor Gajah,1
2023-06-13,Malaysia,Lawas,2
2023-03-09,Malaysia,Muar,6
2023-03-09,Malaysia,Barat Daya,6
2023-11-12,Malaysia,Kampar,5
2023-11-12,Malaysia,Perak Tengah,1
2023-05-06,Malaysia,Shah Alam,8
2023-09-13,Malaysia,Malacca City,164
2023-09-13,Malaysia,Seberang Perai Selatan,6
2023-04-01,Malaysia,Seremban,16
2023-04-02,Malaysia,Muar,5
2023-04-02,Malaysia,Kuala Lumpur,305
2023-04-02,Malaysia,Temerloh,1
2023-06-27,Malaysia,Kinta,23
2023-06-27,Malaysia,Batang Padang,2
2023-05-05,Malaysia,Muar,3
2023-06-01,Malaysia,Kuala Langat,1
2023-06-01,Malaysia,Barat Daya,27
2023-06-11,Malaysia,Kota Tinggi,8
2023-06-11,Malaysia,Seberang Perai Tengah,7
2023-06-11,Malaysia,Tuaran,1
2023-02-10,Malaysia,Perak Tengah,4
2023-10-30,Malaysia,Kluang,13
2023-10-30,Malaysia,Kuantan,19
2023-05-19,Malaysia,Penang Island,244
2023-07-22,Malaysia,Kubang Pasu,1
2023-07-22,Malaysia,Perlis,1
2023-07-22,Malaysia,Kuala Pilah,1
2023-03-31,Malaysia,Bentong,41
2023-03-31,Malaysia,Pasir Putih,2
2023-05-08,Malaysia,Bentong,43
2023-05-08,Malaysia,Sandakan,1
2023-01-15,Malaysia,Kuala Muda,2
2023-01-15,Malaysia,Cameron Highlands,2
2023-01-14,Malaysia,Muar,7
2023-01-14,Malaysia,Batu Pahat,1
2023-01-02,Malaysia,Kota Kinabalu,13
2023-01-02,Malaysia,Pekan,2
2023-06-12,Malaysia,Klang,4
2023-06-14,Malaysia,Batu Pahat,7
2023-06-15,Malaysia,Seberang Perai Selatan,4
2023-06-15,Malaysia,Tawau,2
2023-06-23,Malaysia,Kulaijaya,20
2023-01-11,Malaysia,Kuala Pilah,2
2023-06-28,Malaysia,Bentong,48
2023-06-28,Malaysia,Kota Tinggi,10
2023-06-28,Malaysia,Cameron Highlands,2
2023-05-02,Malaysia,Mersing,3
2023-03-30,Malaysia,Tampin,1
2023-02-23,Malaysia,Seberang Perai Tengah,16
2023-02-23,Malaysia,Lawas,1
2023-06-23,Malaysia,Kota Tinggi,10
2023-06-23,Malaysia,Lawas,1
2023-04-08,Malaysia,Kuching,16
2023-05-15,Malaysia,Seremban,39
2023-09-09,Malaysia,Port Dickson,17
2023-01-10,Malaysia,Seremban,39
2023-01-10,Malaysia,Port Dickson,11
2023-01-10,Malaysia,Jeli,1
2023-05-16,Malaysia,Kota Kinabalu,4
2023-01-16,Malaysia,Putatan,1
2023-01-16,Malaysia,Seberang Perai Utara,3
2023-01-25,Malaysia,Langkawi,40
2023-09-06,Malaysia,Kluang,13
2023-09-06,Malaysia,Langkawi,82
2023-02-24,Malaysia,Bentong,24
2023-07-21,Malaysia,Tawau,1
2023-07-21,Malaysia,Jempol,3
2023-05-01,Malaysia,Kota Kinabalu,8
2023-05-01,Malaysia,Kampar,6
2023-09-08,Malaysia,Kuala Selangor,1
2023-05-18,Malaysia,Kuching,31
2023-05-18,Malaysia,Shah Alam,29
2023-05-18,Malaysia,Kuala Selangor,3
2023-05-18,Malaysia,Pontian,2
2023-02-20,Malaysia,Hulu Langat,8
2023-02-20,Malaysia,Klang,17
2023-06-21,Malaysia,Perlis,5
2023-06-21,Malaysia,Kota Kinabalu,6
2023-06-21,Malaysia,Seberang Perai Tengah,15
2023-11-06,Malaysia,Putrajaya,2
2023-11-06,Malaysia,Batu Pahat,17
2023-11-06,Malaysia,Cameron Highlands,2
2023-05-03,Malaysia,Seberang Perai Tengah,12
2023-06-10,Malaysia,Ranau,4
2023-06-24,Malaysia,Kota Kinabalu,5
2023-06-24,Malaysia,Kota Bharu,3
2023-01-27,Malaysia,Kuala Kangsar,1
2023-01-12,Malaysia,Kulaijaya,10
2023-06-25,Malaysia,Kulim,2
2023-05-17,Malaysia,Johor Bahru,417
2023-07-31,Malaysia,Kota Setar,4
2023-07-30,Malaysia,Kulaijaya,9
2023-11-08,Malaysia,Kuala Pilah,1
2023-02-17,Malaysia,Kota Tinggi,14
2023-08-21,Malaysia,Jempol,13
2023-07-14,Malaysia,Penang Island,198
2023-07-14,Malaysia,Kota Setar,3
2023-07-14,Malaysia,Batu Pahat,2
2023-07-14,Malaysia,Keningau,1
2023-10-23,Malaysia,Kuching,16
2023-06-07,Malaysia,Langkawi,55
2023-07-28,Malaysia,Muar,11
2023-07-28,Malaysia,Kuala Muda,3
2023-07-28,Malaysia,Kuala Selangor,2
2023-02-16,Malaysia,Kuala Pilah,1
2023-02-16,Malaysia,Pasir Putih,1
2023-10-24,Malaysia,Langkawi,83
2023-10-24,Malaysia,Johor Bahru,194
2023-01-09,Malaysia,Kinta,32
2023-06-06,Malaysia,Besut,1
2023-07-27,Malaysia,Seremban,33
2023-02-15,Malaysia,Langkawi,53
2023-02-15,Malaysia,Ledang,3
2023-02-05,Malaysia,Kuala Terengganu,3
2023-08-23,Malaysia,Kuala Selangor,1
2023-07-02,Malaysia,Putrajaya,2
2023-02-19,Malaysia,Kota Setar,3
2023-02-19,Malaysia,Kota Bharu,4
2023-03-11,Malaysia,Tawau,2
2023-10-21,Malaysia,Genting Highlands,39
2023-06-09,Malaysia,Penang Island,184
2023-06-09,Malaysia,Kuala Muda,8
2023-06-09,Malaysia,Ranau,1
2023-06-09,Malaysia,Kampar,5
2023-06-09,Malaysia,Kuala Langat,1
2023-08-22,Malaysia,Kota Bharu,1
2023-07-15,Malaysia,Malacca City,155
2023-02-18,Malaysia,Kota Kinabalu,6
2023-02-18,Malaysia,Perlis,2
2023-02-18,Malaysia,Maran,1
2023-07-01,Malaysia,Shah Alam,4
2023-10-22,Malaysia,Klang,12
2023-10-22,Malaysia,Temerloh,2
2023-07-29,Malaysia,Kota Setar,1
2023-07-29,Malaysia,Perak Tengah,1
2023-03-10,Malaysia,Seremban,44
2023-03-10,Malaysia,Hilir Perak,3
2023-03-24,Malaysia,Jempol,3
2023-02-03,Malaysia,Kampar,8
2023-02-27,Malaysia,Barat Daya,18
2023-06-03,Malaysia,Tampin,1
2023-06-03,Malaysia,Pasir Putih,1
2023-06-03,Malaysia,Temerloh,9
2023-06-03,Malaysia,Kuala Pilah,2
2023-02-12,Malaysia,Kota Setar,12
2023-02-12,Malaysia,Pekan,1
2023-06-17,Malaysia,Kuala Langat,2
2023-01-05,Malaysia,Penang Island,113
2023-01-05,Malaysia,Klang,2
2023-02-26,Malaysia,Kuala Terengganu,7
2023-08-30,Malaysia,Kulaijaya,20
2023-01-19,Malaysia,Kuala Langat,1
2023-01-19,Malaysia,Langkawi,25
2023-06-02,Malaysia,Seremban,37
2023-06-02,Malaysia,Kanowit,2
2023-06-02,Malaysia,Besut,1
2023-02-25,Malaysia,Penang Island,185
2023-05-09,Malaysia,Seberang Perai Tengah,18
2023-05-09,Malaysia,Seberang Perai Selatan,3
2023-02-11,Malaysia,Keningau,4
2023-10-20,Malaysia,Barat Daya,4
2023-02-25,Malaysia,Seberang Perai Utara,4
2023-01-08,Malaysia,Kampar,6
2023-06-19,Malaysia,Shah Alam,8
2023-06-19,Malaysia,Klang,9
2023-06-19,Malaysia,Jempol,2
2023-07-26,Malaysia,Ranau,1
2023-07-26,Malaysia,Bachok,1
2023-03-21,Malaysia,Klang,3
2023-02-28,Malaysia,Muar,13
2023-01-07,Malaysia,Hulu Langat,6
2023-01-07,Malaysia,Batu Pahat,5
2023-07-11,Malaysia,Muar,7
2023-07-11,Malaysia,Langkawi,56
2023-03-20,Malaysia,Kulaijaya,10
2023-03-20,Malaysia,Barat Daya,7
2023-06-18,Malaysia,Penang Island,146
2023-06-18,Malaysia,Klang,9
2023-06-18,Malaysia,Besut,1
2023-07-10,Malaysia,Kinta,55
2023-07-10,Malaysia,Langkawi,61
2023-07-10,Malaysia,Kampar,3
2023-07-10,Malaysia,Kuala Selangor,1
2023-02-13,Malaysia,Kinta,61
2023-02-13,Malaysia,Penampang,4
2023-08-31,Malaysia,Perlis,1
2023-08-31,Malaysia,Temerloh,2
2023-08-01,Malaysia,Kuala Terengganu,6
2023-10-03,Malaysia,Perlis,4
2023-10-03,Malaysia,Malacca City,170
2023-10-03,Malaysia,Port Dickson,15
2023-03-04,Malaysia,Seberang Perai Tengah,8
2023-03-04,Malaysia,Kota Setar,6
2023-03-04,Malaysia,Lahad Datu,1
2023-03-04,Malaysia,Kota Bharu,1
2023-10-03,Malaysia,Kluang,9
2023-10-03,Malaysia,Seberang Perai Utara,1
2023-08-15,Malaysia,Perak Tengah,1
2023-08-29,Malaysia,Kota Setar,7
2023-05-31,Malaysia,Kuantan,6
2023-05-31,Malaysia,Hulu Langat,5
2023-05-31,Malaysia,Keningau,2
2023-07-08,Malaysia,Hulu Langat,3
2023-07-08,Malaysia,Port Dickson,32
2023-03-03,Malaysia,Maran,1
2023-03-03,Malaysia,Bera,1
2023-04-24,Malaysia,Malacca City,187
2023-04-24,Malaysia,Kampar,17
2023-04-24,Malaysia,Tawau,1
2023-09-21,Malaysia,Port Dickson,39
2023-10-04,Malaysia,Temerloh,2
2023-05-30,Malaysia,Penang Island,227
2023-05-30,Malaysia,Kinta,57
2023-05-30,Malaysia,Miri,12
2023-07-07,Malaysia,Kota Bharu,2
2023-08-14,Malaysia,Kuala Selangor,1
2023-08-14,Malaysia,Kinta,45
2023-08-14,Malaysia,Cameron Highlands,3
2023-08-28,Malaysia,Manjung,3
2023-03-02,Malaysia,Hulu Langat,17
2023-03-02,Malaysia,Kuala Langat,3
2023-10-19,Malaysia,Putrajaya,1
2023-04-23,Malaysia,Langkawi,36
2023-04-23,Malaysia,Alor Gajah,1
2023-04-27,Malaysia,Hulu Langat,9
2023-08-03,Malaysia,Cameron Highlands,4
2023-08-17,Malaysia,Cameron Highlands,5
2023-09-24,Malaysia,Kampar,4
2023-09-24,Malaysia,Kuala Selangor,2
2023-10-16,Malaysia,Kota Setar,11
2023-03-05,Malaysia,Labuan,1
2023-03-05,Malaysia,Segamat,1
2023-03-19,Malaysia,Cameron Highlands,3
2023-08-02,Malaysia,Johor Bahru,162
2023-09-23,Malaysia,Kota Tinggi,11
2023-09-23,Malaysia,Kuala Selangor,1
2023-08-16,Malaysia,Kulaijaya,17
2023-07-09,Malaysia,Barat Daya,3
2023-04-11,Malaysia,Kulaijaya,6
2023-04-11,Malaysia,Labuan,3
2023-08-11,Malaysia,Malacca City,150
2023-07-18,Malaysia,Seberang Perai Tengah,6
2023-11-20,Malaysia,Kuala Muda,18
2023-11-20,Malaysia,Sabak Bernam,6
2023-02-06,Malaysia,Kota Setar,4
2023-08-10,Malaysia,Kuching,33
2023-03-13,Malaysia,Malacca City,132
2023-03-13,Malaysia,Kuala Selangor,1
2023-10-28,Malaysia,Penang Island,239
2023-10-14,Malaysia,Kinta,45
2023-08-24,Malaysia,Malacca City,231
2023-08-24,Malaysia,Kota Kinabalu,4
2023-08-24,Malaysia,Muar,11
2023-07-17,Malaysia,Cameron Highlands,5
2023-03-12,Malaysia,Kota Setar,5
2023-11-21,Malaysia,Batu Pahat,12
2023-03-16,Malaysia,Seberang Perai Selatan,5
2023-03-16,Malaysia,Miri,7
2023-09-30,Malaysia,Barat Daya,5
2023-03-01,Malaysia,Seremban,67
2023-10-26,Malaysia,Perlis,1
2023-10-26,Malaysia,Barat Daya,9
2023-10-26,Malaysia,Kota Kinabalu,1
2023-07-06,Malaysia,Rompin,5
2023-03-29,Malaysia,Kota Kinabalu,8
2023-02-08,Malaysia,Shah Alam,19
2023-02-08,Malaysia,Port Dickson,13
2023-02-08,Malaysia,Lahad Datu,3
2023-04-21,Malaysia,Port Dickson,25
2023-07-19,Malaysia,Tawau,1
2023-07-05,Malaysia,Sibu,1
2023-07-05,Malaysia,Kuala Langat,2
2023-07-05,Malaysia,Seberang Perai Selatan,2
2023-03-14,Malaysia,Langkawi,35
2023-11-04,Malaysia,Genting Highlands,54
2023-11-04,Malaysia,Manjung,1
2023-01-21,Malaysia,Port Dickson,23
2023-04-19,Malaysia,Kuching,41
2023-04-19,Malaysia,Pasir Putih,2
2023-08-09,Malaysia,Malacca City,187
2023-05-26,Malaysia,Perlis,3
2023-05-11,Malaysia,Kinta,40
2023-03-14,Malaysia,Kluang,1
2023-05-25,Malaysia,Kubang Pasu,4
2023-05-25,Malaysia,Tambunan,1
2023-04-04,Malaysia,Kinta,45
2023-01-20,Malaysia,Hulu Langat,11
2023-09-15,Malaysia,Muar,3
2023-11-05,Malaysia,Barat Daya,8
2023-05-10,Malaysia,Penang Island,256
2023-05-10,Malaysia,Kuching,25
2023-04-07,Malaysia,Rompin,1
2023-11-16,Malaysia,Kampar,6
2023-09-29,Malaysia,Manjung,1
2023-05-28,Malaysia,Kinta,29
2023-09-04,Malaysia,Manjung,1
2023-09-18,Malaysia,Muar,5
2023-06-20,Malaysia,Kuala Terengganu,7
2023-01-22,Malaysia,Kuala Selangor,1
2023-01-22,Malaysia,Kuantan,24
2023-11-18,Malaysia,Kuching,24
2023-09-17,Malaysia,Kuala Lumpur,324
2023-05-13,Malaysia,Seremban,26
2023-05-14,Malaysia,Barat Daya,4
2023-05-14,Malaysia,Kota Bharu,1
2023-09-19,Malaysia,Klang,15
2023-09-19,Malaysia,Kuantan,25
2023-09-19,Malaysia,Kota Bharu,1
2023-05-27,Malaysia,Malacca City,155
2023-05-27,Malaysia,Seberang Perai Tengah,9
2023-05-27,Malaysia,Batu Pahat,18
2023-05-27,Malaysia,Temerloh,4
2023-09-03,Malaysia,Johor Bahru,142
2023-04-06,Malaysia,Sandakan,1
2023-04-29,Malaysia,Penang Island,203
2023-03-08,Malaysia,Kulaijaya,17
2023-03-08,Malaysia,Kuantan,35
2023-05-21,Malaysia,Kulaijaya,34
2023-05-21,Malaysia,Penampang,8
2023-05-21,Malaysia,Kuantan,6
2023-08-19,Malaysia,Muar,6
2023-08-19,Malaysia,Kuantan,3
2023-08-19,Malaysia,Kampar,6
2023-10-08,Malaysia,Kulaijaya,20
2023-10-08,Malaysia,Barat Daya,3
2023-10-08,Malaysia,Perak Tengah,3
2023-04-14,Malaysia,Kuching,38
2023-08-05,Malaysia,Seberang Perai Tengah,7
2023-09-11,Malaysia,Kuala Selangor,3
2023-04-29,Malaysia,Kampar,7
2023-05-20,Malaysia,Tampin,1
2023-05-20,Malaysia,Bentong,35
2023-05-20,Malaysia,Kuala Selangor,2
2023-08-04,Malaysia,Johor Bahru,238
2023-08-04,Malaysia,Setiu,1
2023-08-18,Malaysia,Bentong,25
2023-08-18,Malaysia,Lawas,2
2023-04-13,Malaysia,Limbang,1
2023-09-25,Malaysia,Temerloh,3
2023-09-25,Malaysia,Alor Gajah,2
2023-10-09,Malaysia,Perak Tengah,1
2023-09-14,Malaysia,Putrajaya,1
2023-08-07,Malaysia,Johor Bahru,206
2023-08-07,Malaysia,Kluang,9
2023-08-07,Malaysia,Jempol,3
2023-05-24,Malaysia,Kampar,8
2023-05-24,Malaysia,Batang Padang,4
2023-04-16,Malaysia,Langkawi,68
2023-04-03,Malaysia,Cameron Highlands,1
2023-06-30,Malaysia,Alor Gajah,6
2023-09-27,Malaysia,Besut,1
2023-06-13,Malaysia,Kuala Pilah,1
2023-06-13,Malaysia,Kampar,4
2023-06-13,Malaysia,Tambunan,2
2023-03-09,Malaysia,Kuala Terengganu,7
2023-11-12,Malaysia,Malacca City,168
2023-11-12,Malaysia,Klang,24
2023-01-01,Malaysia,Malacca City,116
2023-08-06,Malaysia,Kuantan,1
2023-04-16,Malaysia,Miri,2
2023-04-16,Malaysia,Ranau,1
2023-05-06,Malaysia,Kluang,1
2023-09-13,Malaysia,Bentong,28
2023-05-22,Malaysia,Seberang Perai Tengah,25
2023-04-02,Malaysia,Kulaijaya,9
2023-04-02,Malaysia,Langkawi,63
2023-04-02,Malaysia,Miri,4
2023-06-27,Malaysia,Klang,19
2023-06-26,Malaysia,Johor Bahru,358
2023-01-18,Malaysia,Seremban,32
2023-02-21,Malaysia,Serian,5
2023-02-21,Malaysia,Kota Tinggi,7
2023-06-01,Malaysia,Kota Kinabalu,8
2023-06-01,Malaysia,Sibu,4
2023-01-29,Malaysia,Kinta,44
2023-01-29,Malaysia,Seberang Perai Selatan,1
2023-05-05,Malaysia,Barat Daya,7
2023-07-22,Malaysia,Johor Bahru,303
2023-02-10,Malaysia,Rompin,3
2023-03-31,Malaysia,Kubang Pasu,1
2023-03-31,Malaysia,Cameron Highlands,1
2023-03-31,Malaysia,Larut and Matang,2
2023-05-19,Malaysia,Kuantan,16
2023-01-15,Malaysia,Shah Alam,17
2023-01-14,Malaysia,Kuching,12
2023-01-14,Malaysia,Kuala Muda,2
2023-01-14,Malaysia,Keningau,1
2023-01-02,Malaysia,Ranau,3
2023-06-12,Malaysia,Kulaijaya,14
2023-06-15,Malaysia,Kota Bharu,1
2023-02-21,Malaysia,Segamat,8
2023-06-23,Malaysia,Penang Island,193
2023-06-23,Malaysia,Kota Setar,11
2023-01-11,Malaysia,Hulu Langat,12
2023-06-28,Malaysia,Kuala Terengganu,3
2023-05-02,Malaysia,Bentong,21
2023-05-02,Malaysia,Seberang Perai Utara,2
2023-07-20,Malaysia,Kampar,4
2023-05-07,Malaysia,Kota Setar,8
2023-05-07,Malaysia,Kota Tinggi,5
2023-02-23,Malaysia,Seremban,27
2023-02-23,Malaysia,Ranau,1
2023-01-03,Malaysia,Seberang Perai Selatan,3
2023-01-03,Malaysia,Muar,7
2023-01-24,Malaysia,Kuala Muda,8
2023-01-24,Malaysia,Kuala Terengganu,3
2023-05-15,Malaysia,Hulu Langat,8
2023-05-15,Malaysia,Bentong,34
2023-09-09,Malaysia,Cameron Highlands,3
2023-09-09,Malaysia,Muar,3
2023-01-10,Malaysia,Putrajaya,4
2023-01-16,Malaysia,Johor Bahru,147
2023-01-16,Malaysia,Cameron Highlands,3
2023-05-29,Malaysia,Kulim,7
2023-05-29,Malaysia,Ranau,3
2023-09-05,Malaysia,Kinta,52
2023-01-25,Malaysia,Lahad Datu,3
2023-01-25,Malaysia,Sibu,3
2023-07-21,Malaysia,Kuala Krai,1
2023-07-21,Malaysia,Padang Terap,2
2023-01-11,Malaysia,Larut and Matang,1
2023-09-05,Malaysia,Kuala Terengganu,6
2023-09-05,Malaysia,Kampar,7
2023-01-28,Malaysia,Ledang,1
2023-05-18,Malaysia,Kuala Langat,4
2023-06-22,Malaysia,Alor Gajah,1
2023-11-07,Malaysia,Muar,25
2023-11-07,Malaysia,Ledang,1
2023-11-07,Malaysia,Barat Daya,7
2023-11-07,Malaysia,Batu Pahat,19
2023-02-20,Malaysia,Lahad Datu,2
2023-02-20,Malaysia,Manjung,1
2023-05-04,Malaysia,Kulaijaya,16
2023-05-04,Malaysia,Kubang Pasu,1
2023-05-04,Malaysia,Rompin,1
2023-06-21,Malaysia,Batu Pahat,9
2023-06-21,Malaysia,Manjung,1
2023-11-06,Malaysia,Sabak Bernam,1
2023-06-10,Malaysia,Kuala Terengganu,2
2023-01-27,Malaysia,Seremban,41
2023-01-27,Malaysia,Barat Daya,3
2023-05-17,Malaysia,Kota Setar,6
2023-09-08,Malaysia,Sabak Bernam,1
2023-07-31,Malaysia,Seremban,27
2023-09-07,Malaysia,Kulaijaya,17
2023-07-30,Malaysia,Kluang,6
2023-07-30,Malaysia,Kota Bharu,3
2023-11-08,Malaysia,Kulaijaya,35
2023-11-08,Malaysia,Kuala Terengganu,2
2023-02-17,Malaysia,Barat Daya,15
2023-08-21,Malaysia,Perlis,2
2023-07-14,Malaysia,Perlis,2
2023-04-30,Malaysia,Kuantan,21
2023-03-23,Malaysia,Kampar,7
2023-03-23,Malaysia,Seberang Perai Tengah,6
2023-08-20,Malaysia,Kulaijaya,16
2023-02-16,Malaysia,Kuala Lumpur,399
2023-02-16,Malaysia,Kota Setar,9
2023-02-16,Malaysia,Segamat,8
2023-02-16,Malaysia,Labuan,4
2023-01-09,Malaysia,Barat Daya,1
2023-02-01,Malaysia,Larut and Matang,1
2023-03-22,Malaysia,Penang Island,146
2023-03-22,Malaysia,Seberang Perai Selatan,5
2023-03-22,Malaysia,Penampang,4
2023-06-06,Malaysia,Kuantan,5
2023-07-27,Malaysia,Klang,6
2023-07-27,Malaysia,Kampar,10
2023-07-27,Malaysia,Kluang,12
2023-02-15,Malaysia,Penang Island,252
2023-02-05,Malaysia,Malacca City,115
2023-02-05,Malaysia,Batu Pahat,4
2023-08-23,Malaysia,Malacca City,191
2023-08-23,Malaysia,Manjung,2
2023-07-02,Malaysia,Hulu Langat,2
2023-03-26,Malaysia,Jempol,4
2023-02-19,Malaysia,Kuala Langat,2
2023-02-04,Malaysia,Ranau,1
2023-10-21,Malaysia,Tampin,1
2023-03-25,Malaysia,Langkawi,49
2023-03-25,Malaysia,Barat Daya,5
2023-03-25,Malaysia,Klang,3
2023-03-25,Malaysia,Kuala Selangor,1
2023-06-09,Malaysia,Kota Bharu,3
2023-07-15,Malaysia,Kuching,25
2023-07-15,Malaysia,Cameron Highlands,1
2023-10-22,Malaysia,Kuala Muda,5
2023-07-29,Malaysia,Seberang Perai Selatan,1
2023-03-10,Malaysia,Kuantan,43
2023-06-08,Malaysia,Kampar,2
2023-06-08,Malaysia,Kuala Langat,3
2023-03-24,Malaysia,Kuala Lumpur,306
2023-02-03,Malaysia,Segamat,1
2023-01-06,Malaysia,Kuala Lumpur,296
2023-01-06,Malaysia,Jempol,2
2023-02-27,Malaysia,Kinta,109
2023-02-27,Malaysia,Kulaijaya,20
2023-07-24,Malaysia,Barat Daya,4
2023-02-12,Malaysia,Penang Island,161
2023-02-12,Malaysia,Manjung,2
2023-06-17,Malaysia,Semporna,1
2023-06-17,Malaysia,Perak Tengah,2
2023-08-30,Malaysia,Kuala Terengganu,1
2023-06-02,Malaysia,Cameron Highlands,3
2023-06-16,Malaysia,Kota Kinabalu,18
2023-05-09,Malaysia,Jempol,4
2023-02-11,Malaysia,Kuala Lumpur,378
2023-02-11,Malaysia,Jempol,3
2023-10-20,Malaysia,Genting Highlands,68
2023-10-20,Malaysia,Seberang Perai Tengah,5
2023-02-25,Malaysia,Langkawi,60
2023-01-04,Malaysia,Seberang Perai Utara,4
2023-07-12,Malaysia,Kuala Krai,1
2023-07-26,Malaysia,Manjung,3
2023-06-19,Malaysia,Langkawi,62
2023-06-04,Malaysia,Mersing,1
2023-01-07,Malaysia,Tampin,1
2023-07-11,Malaysia,Perlis,1
2023-03-20,Malaysia,Bentong,33
2023-06-18,Malaysia,Port Dickson,33
2023-07-10,Malaysia,Kluang,9
2023-07-25,Malaysia,Port Dickson,22
2023-02-13,Malaysia,Kuala Langat,7
2023-02-13,Malaysia,Bera,1
2023-08-31,Malaysia,Shah Alam,8
2023-04-25,Malaysia,Perlis,2
2023-10-17,Malaysia,Kampar,4
2023-10-17,Malaysia,Kota Setar,19
2023-08-01,Malaysia,Batu Pahat,6
2023-09-22,Malaysia,Seberang Perai Tengah,6
2023-03-04,Malaysia,Port Dickson,43
2023-10-03,Malaysia,Kulaijaya,21
2023-03-18,Malaysia,Seremban,20
2023-03-18,Malaysia,Kota Kinabalu,13
2023-08-29,Malaysia,Temerloh,1
2023-03-03,Malaysia,Malacca City,179
2023-07-08,Malaysia,Kuala Pilah,1
2023-07-08,Malaysia,Kubang Pasu,3
2023-04-10,Malaysia,Jempol,2
2023-11-10,Malaysia,Malacca City,219
2023-11-10,Malaysia,Kota Kinabalu,3
2023-11-10,Malaysia,Kuantan,10
2023-11-10,Malaysia,Pasir Putih,1
2023-03-17,Malaysia,Johor Bahru,175
2023-05-30,Malaysia,Kulaijaya,33
2023-05-30,Malaysia,Kuala Terengganu,19
2023-07-07,Malaysia,Batu Pahat,8
2023-08-28,Malaysia,Kuala Muda,6
2023-08-28,Malaysia,Kota Setar,9
2023-03-02,Malaysia,Cameron Highlands,8
2023-03-02,Malaysia,Ranau,1
2023-09-10,Malaysia,Batang Padang,6
2023-10-19,Malaysia,Kulaijaya,23
2023-10-19,Malaysia,Malacca City,160
2023-04-23,Malaysia,Johor Bahru,138
2023-11-11,Malaysia,Tuaran,2
2023-10-29,Malaysia,Seberang Perai Tengah,8
2023-04-27,Malaysia,Rompin,1
2023-03-06,Malaysia,Muar,2
2023-03-06,Malaysia,Barat Daya,12
2023-10-15,Malaysia,Kuching,9
2023-08-03,Malaysia,Seberang Perai Selatan,7
2023-08-17,Malaysia,Rompin,4
2023-10-01,Malaysia,Perak Tengah,4
2023-10-01,Malaysia,Seberang Perai Selatan,3
2023-09-24,Malaysia,Shah Alam,17
2023-09-24,Malaysia,Port Dickson,18
2023-03-05,Malaysia,Johor Bahru,290
2023-03-05,Malaysia,Seberang Perai Selatan,2
2023-03-05,Malaysia,Klang,11
2023-10-02,Malaysia,Kampar,8
2023-10-02,Malaysia,Port Dickson,30
2023-08-02,Malaysia,Barat Daya,3
2023-04-26,Malaysia,Johor Bahru,259
2023-04-26,Malaysia,Kulaijaya,16
2023-09-23,Malaysia,Kuala Pilah,1
2023-08-16,Malaysia,Kluang,8
2023-08-02,Malaysia,Manjung,1
2023-07-09,Malaysia,Hulu Langat,12
2023-10-27,Malaysia,Langkawi,79
2023-10-27,Malaysia,Seberang Perai Selatan,8
2023-02-07,Malaysia,Seberang Perai Utara,5
2023-02-07,Malaysia,Kampar,9
2023-08-11,Malaysia,Ranau,1
2023-07-04,Malaysia,Seberang Perai Selatan,4
2023-07-04,Malaysia,Mersing,2
2023-07-04,Malaysia,Sandakan,1
2023-08-25,Malaysia,Perlis,2
2023-03-28,Malaysia,Muar,1
2023-03-28,Malaysia,Lahad Datu,2
2023-07-18,Malaysia,Penang Island,188
2023-11-20,Malaysia,Penang Island,261
2023-07-18,Malaysia,Batu Pahat,2
2023-03-27,Malaysia,Kuala Lumpur,268
2023-03-27,Malaysia,Segamat,5
2023-08-10,Malaysia,Temerloh,1
2023-03-13,Malaysia,Putrajaya,4
2023-07-03,Malaysia,Kulaijaya,14
2023-10-28,Malaysia,Barat Daya,8
2023-10-28,Malaysia,Kuala Langat,1
2023-10-28,Malaysia,Segamat,3
2023-10-14,Malaysia,Kuala Pilah,1
2023-08-24,Malaysia,Kota Tinggi,29
2023-07-17,Malaysia,Kinta,38
2023-11-21,Malaysia,Perak Tengah,1
2023-03-16,Malaysia,Shah Alam,21
2023-03-16,Malaysia,Klang,15
2023-09-20,Malaysia,Kota Kinabalu,3
2023-09-30,Malaysia,Malacca City,171
2023-09-30,Malaysia,Manjung,2
2023-09-30,Malaysia,Batu Pahat,5
2023-02-09,Malaysia,Kuala Muda,21
2023-07-06,Malaysia,Port Dickson,45
2023-08-13,Malaysia,Muar,3
2023-03-01,Malaysia,Bentong,75
2023-03-01,Malaysia,Langkawi,105
2023-10-26,Malaysia,Perak Tengah,1
2023-07-06,Malaysia,Kubang Pasu,4
2023-07-06,Malaysia,Kuala Langat,1
2023-08-12,Malaysia,Johor Bahru,180
2023-04-22,Malaysia,Kuala Selangor,2
2023-03-29,Malaysia,Kuantan,9
2023-02-08,Malaysia,Kampar,2
2023-02-08,Malaysia,Jempol,2
2023-02-08,Malaysia,Pasir Putih,1
2023-04-21,Malaysia,Tampin,1
2023-04-21,Malaysia,Barat Daya,8
2023-04-21,Malaysia,Sandakan,1
2023-07-05,Malaysia,Pasir Putih,1
2023-04-05,Malaysia,Penampang,3
2023-04-05,Malaysia,Seberang Perai Utara,1
2023-11-04,Malaysia,Muar,13
2023-11-04,Malaysia,Kampar,6
2023-11-04,Malaysia,Kuantan,16
2023-11-04,Malaysia,Hulu Langat,8
2023-11-04,Malaysia,Penang Island,244
2023-09-02,Malaysia,Perlis,3
2023-09-02,Malaysia,Kulaijaya,15
2023-01-21,Malaysia,Rompin,1
2023-04-19,Malaysia,Malacca City,118
2023-04-19,Malaysia,Kuala Muda,3
2023-04-19,Malaysia,Kluang,1
2023-09-16,Malaysia,Temerloh,1
2023-08-09,Malaysia,Kota Setar,2
2023-08-09,Malaysia,Lawas,1
2023-05-26,Malaysia,Ledang,1
2023-05-11,Malaysia,Larut and Matang,2
2023-05-11,Malaysia,Tambunan,1
2023-05-25,Malaysia,Seberang Perai Tengah,15
2023-04-04,Malaysia,Kuala Lumpur,359
2023-01-20,Malaysia,Miri,6
2023-01-20,Malaysia,Cameron Highlands,4
2023-09-15,Malaysia,Klang,21
2023-04-18,Malaysia,Tampin,1
2023-05-10,Malaysia,Johor Bahru,317
2023-05-10,Malaysia,Port Dickson,19
2023-04-07,Malaysia,Penampang,5
2023-04-07,Malaysia,Jempol,5
2023-08-08,Malaysia,Seberang Perai Utara,4
2023-08-08,Malaysia,Kuala Pilah,1
2023-11-02,Malaysia,Batu Pahat,11
2023-09-29,Malaysia,Jempol,7
2023-05-28,Malaysia,Malacca City,152
2023-05-28,Malaysia,Cameron Highlands,3
2023-11-03,Malaysia,Kulaijaya,32
2023-09-18,Malaysia,Bintulu,1
2023-01-23,Malaysia,Kuala Muda,1
2023-01-23,Malaysia,Kuantan,11
2023-01-23,Malaysia,Cameron Highlands,1
2023-11-17,Malaysia,Kulim,1
2023-09-17,Malaysia,Tampin,2
2023-05-13,Malaysia,Penang Island,177
2023-05-13,Malaysia,Port Dickson,21
2023-05-14,Malaysia,Tambunan,1
2023-09-19,Malaysia,Miri,1
2023-09-19,Malaysia,Temerloh,2
2023-09-19,Malaysia,Port Dickson,18
2023-01-22,Malaysia,Bintulu,1
2023-05-12,Malaysia,Kota Setar,5
2023-04-15,Malaysia,Penang Island,149
2023-04-15,Malaysia,Kuala Terengganu,8
2023-04-06,Malaysia,Kuala Pilah,2
2023-04-06,Malaysia,Perlis,1
2023-10-07,Malaysia,Shah Alam,11
2023-03-08,Malaysia,Keningau,1
2023-09-26,Malaysia,Kinta,39
2023-08-19,Malaysia,Klang,4
2023-10-08,Malaysia,Langkawi,114
2023-10-08,Malaysia,Kuala Terengganu,7
2023-09-26,Malaysia,Jempol,4
2023-04-14,Malaysia,Tuaran,1
2023-08-05,Malaysia,Perlis,1
2023-08-05,Malaysia,Alor Gajah,1
2023-01-31,Malaysia,Keningau,2
2023-05-20,Malaysia,Kulim,2
2023-05-20,Malaysia,Semporna,1
2023-04-28,Malaysia,Kota Bharu,1
2023-09-12,Malaysia,Putrajaya,1
2023-11-15,Malaysia,Bentong,5
2023-11-15,Malaysia,Cameron Highlands,3
2023-08-04,Malaysia,Kuantan,2
2023-08-18,Malaysia,Langkawi,53
2023-09-25,Malaysia,Klang,24
2023-09-25,Malaysia,Pasir Putih,1
2023-10-09,Malaysia,Kuala Muda,1
2023-10-09,Malaysia,Sabak Bernam,2
2023-10-09,Malaysia,Seberang Perai Utara,1
2023-09-28,Malaysia,Rompin,1
2023-09-28,Malaysia,Seberang Perai Selatan,6
2023-11-13,Malaysia,Shah Alam,13
2023-10-06,Malaysia,Genting Highlands,42
2023-10-06,Malaysia,Ranau,3
2023-10-06,Malaysia,Jempol,6
2023-10-06,Malaysia,Kota Kinabalu,8
2023-08-07,Malaysia,Port Dickson,31
2023-08-07,Malaysia,Lawas,1
2023-09-14,Malaysia,Bintulu,1
2023-05-23,Malaysia,Kulim,4
2023-01-30,Malaysia,Malacca City,137
2023-01-30,Malaysia,Sandakan,1
2023-04-03,Malaysia,Mersing,1
2023-04-03,Malaysia,Ranau,2
2023-09-27,Malaysia,Kuantan,29
2023-10-05,Malaysia,Kuala Lumpur,635
2023-10-05,Malaysia,Kuala Terengganu,8
2023-06-13,Malaysia,Kuala Terengganu,11
2023-06-13,Malaysia,Temerloh,3
2023-04-01,Malaysia,Kluang,6
2023-03-09,Malaysia,Kuala Langat,2
2023-08-06,Malaysia,Pasir Putih,1
2023-05-06,Malaysia,Kuching,14
2023-05-06,Malaysia,Pekan,1
2023-09-13,Malaysia,Kulaijaya,17
2023-04-02,Malaysia,Johor Bahru,216
2023-04-02,Malaysia,Penampang,3
2023-06-27,Malaysia,Kubang Pasu,2
2023-06-27,Malaysia,Kuala Langat,1
2023-05-05,Malaysia,Johor Bahru,269
2023-01-18,Malaysia,Kulaijaya,7
2023-06-01,Malaysia,Langkawi,52
2023-06-01,Malaysia,Kota Bharu,1
2023-06-11,Malaysia,Miri,2
2023-06-11,Malaysia,Ranau,3
2023-02-10,Malaysia,Kuantan,20
2023-10-30,Malaysia,Kinta,45
2023-10-30,Malaysia,Manjung,2
2023-01-29,Malaysia,Penang Island,110
2023-01-29,Malaysia,Kuantan,17
2023-07-22,Malaysia,Batu Pahat,2
2023-05-19,Malaysia,Seremban,26
2023-05-19,Malaysia,Pendang,3
2023-05-08,Malaysia,Seberang Perai Selatan,2
2023-05-08,Malaysia,Kuala Lumpur,303
2023-05-08,Malaysia,Kuala Muda,6
2023-01-15,Malaysia,Kuala Kangsar,2
2023-01-14,Malaysia,Alor Gajah,1
2023-01-17,Malaysia,Kulaijaya,11
2023-01-17,Malaysia,Port Dickson,16
2023-01-02,Malaysia,Port Dickson,4
2023-06-12,Malaysia,Penang Island,199
2023-06-12,Malaysia,Kota Kinabalu,10
2023-06-14,Malaysia,Jempol,2
2023-06-14,Malaysia,Lawas,2
2023-04-09,Malaysia,Kuala Muda,3
2023-04-09,Malaysia,Kampar,3
2023-06-28,Malaysia,Kluang,7
2023-05-02,Malaysia,Malacca City,151
2023-05-02,Malaysia,Shah Alam,8
2023-05-02,Malaysia,Kota Kinabalu,7
2023-05-02,Malaysia,Pekan,2
2023-05-07,Malaysia,Klang,12
2023-03-30,Malaysia,Kinta,32
2023-03-30,Malaysia,Lahad Datu,2
2023-06-23,Malaysia,Raub,4
2023-04-08,Malaysia,Miri,1
2023-11-09,Malaysia,Kota Bharu,9
2023-05-15,Malaysia,Kulaijaya,22
2023-05-15,Malaysia,Langkawi,63
2023-05-16,Malaysia,Kuala Muda,5
2023-05-16,Malaysia,Jempol,1
2023-05-29,Malaysia,Kuala Pilah,3
2023-05-29,Malaysia,Shah Alam,18
2023-09-05,Malaysia,Perlis,1
2023-01-25,Malaysia,Shah Alam,22
2023-02-24,Malaysia,Penang Island,220
2023-02-24,Malaysia,Besut,1
2023-01-11,Malaysia,Kota Kinabalu,8
2023-05-01,Malaysia,Langkawi,61
2023-05-01,Malaysia,Seremban,20
2023-05-01,Malaysia,Kuala Muda,7
2023-05-01,Malaysia,Seberang Perai Utara,1
2023-01-13,Malaysia,Penampang,1
2023-09-08,Malaysia,Port Dickson,31
2023-06-22,Malaysia,Kuala Pilah,1
2023-06-22,Malaysia,Kuantan,5
2023-02-20,Malaysia,Miri,4
2023-02-20,Malaysia,Pekan,2
2023-05-04,Malaysia,Malacca City,179
2023-06-21,Malaysia,Johor Bahru,308
2023-06-21,Malaysia,Bentong,41
2023-11-06,Malaysia,Kampar,10
2023-06-24,Malaysia,Kulaijaya,19
2023-06-24,Malaysia,Besut,1
2023-06-25,Malaysia,Penang Island,138
2023-06-25,Malaysia,Bentong,28
2023-05-17,Malaysia,Seberang Perai Selatan,2
2023-09-08,Malaysia,Kampar,6
2023-07-31,Malaysia,Kuala Terengganu,5
2023-09-07,Malaysia,Alor Gajah,2
2023-07-30,Malaysia,Malacca City,144
2023-05-03,Malaysia,Alor Gajah,1
2023-11-08,Malaysia,Muar,21
2023-01-26,Malaysia,Miri,1
2023-02-17,Malaysia,Penampang,3
2023-07-14,Malaysia,Jempol,2
2023-07-14,Malaysia,Rompin,1
2023-07-14,Malaysia,Kulim,1
2023-04-30,Malaysia,Seremban,26
2023-04-30,Malaysia,Kuching,18
2023-04-30,Malaysia,Kampar,7
2023-10-23,Malaysia,Perlis,1
2023-06-07,Malaysia,Raub,18
2023-06-07,Malaysia,Manjung,1
2023-08-20,Malaysia,Tampin,1
2023-02-16,Malaysia,Kinta,64
2023-02-16,Malaysia,Kota Tinggi,21
2023-02-16,Malaysia,Muar,19
2023-02-16,Malaysia,Cameron Highlands,4
2023-02-16,Malaysia,Batang Padang,1
2023-10-24,Malaysia,Shah Alam,20
2023-10-24,Malaysia,Tampin,1
2023-10-24,Malaysia,Kuching,16
2023-10-24,Malaysia,Kota Setar,8
2023-07-13,Malaysia,Tampin,1
2023-02-01,Malaysia,Penang Island,149
2023-02-01,Malaysia,Johor Bahru,205
2023-02-01,Malaysia,Kinta,67
2023-02-01,Malaysia,Keningau,11
2023-03-22,Malaysia,Tampin,3
2023-07-27,Malaysia,Kota Setar,3
2023-02-15,Malaysia,Manjung,7
2023-02-15,Malaysia,Lahad Datu,4
2023-02-15,Malaysia,Seberang Perai Utara,10
2023-02-15,Malaysia,Setiu,1
2023-02-15,Malaysia,Temerloh,1
2023-10-10,Malaysia,Kota Setar,11
2023-10-10,Malaysia,Ranau,2
2023-02-05,Malaysia,Kuching,15
2023-08-23,Malaysia,Kampar,8
2023-08-23,Malaysia,Bintulu,1
2023-07-02,Malaysia,Kinta,24
2023-03-26,Malaysia,Kota Bharu,2
2023-02-19,Malaysia,Muar,16
2023-02-19,Malaysia,Kuantan,15
2023-03-11,Malaysia,Ledang,1
2023-03-11,Malaysia,Seberang Perai Utara,1
2023-07-16,Malaysia,Kuala Muda,3
2023-07-16,Malaysia,Klang,5
2023-07-16,Malaysia,Pontian,3
2023-02-04,Malaysia,Port Dickson,36
2023-02-04,Malaysia,Cameron Highlands,2
2023-10-21,Malaysia,Seremban,12
2023-03-25,Malaysia,Kuala Pilah,1
2023-06-09,Malaysia,Malacca City,151
2023-08-22,Malaysia,Kuala Lumpur,433
2023-08-22,Malaysia,Seberang Perai Utara,2
2023-08-22,Malaysia,Manjung,1
2023-02-18,Malaysia,Kuala Muda,8
2023-07-01,Malaysia,Rompin,1
2023-10-22,Malaysia,Segamat,1
2023-03-10,Malaysia,Hulu Langat,26
2023-03-10,Malaysia,Temerloh,4
2023-06-08,Malaysia,Johor Bahru,244
2023-02-27,Malaysia,Langkawi,66
2023-02-27,Malaysia,Perlis,4
2023-07-24,Malaysia,Bentong,25
2023-02-12,Malaysia,Kuala Pilah,1
2023-06-17,Malaysia,Seberang Perai Selatan,3
2023-02-26,Malaysia,Pekan,1
2023-08-30,Malaysia,Kota Setar,4
2023-08-30,Malaysia,Kuala Muda,4
2023-01-19,Malaysia,Johor Bahru,160
2023-01-19,Malaysia,Batu Pahat,9
2023-01-19,Malaysia,Kinta,40
2023-06-02,Malaysia,Johor Bahru,243
2023-06-02,Malaysia,Pekan,1
2023-02-25,Malaysia,Kubang Pasu,3
2023-05-09,Malaysia,Kota Setar,9
2023-05-09,Malaysia,Bera,1
2023-10-20,Malaysia,Klang,31
2023-02-25,Malaysia,Serian,1
2023-07-12,Malaysia,Hulu Langat,9
2023-07-12,Malaysia,Sandakan,1
2023-06-05,Malaysia,Perlis,10
2023-06-05,Malaysia,Kuala Langat,2
2023-06-05,Malaysia,Ranau,1
2023-01-04,Malaysia,Cameron Highlands,6
2023-06-19,Malaysia,Muar,12
2023-06-19,Malaysia,Kota Bharu,1
2023-02-14,Malaysia,Hulu Langat,24
2023-10-31,Malaysia,Kuantan,32
2023-02-14,Malaysia,Sandakan,4
2023-02-28,Malaysia,Pontian,1
2023-06-04,Malaysia,Port Dickson,46
2023-06-04,Malaysia,Langkawi,36
2023-06-04,Malaysia,Bentong,25
2023-06-04,Malaysia,Bera,3
2023-01-07,Malaysia,Seberang Perai Tengah,2
2023-07-11,Malaysia,Malacca City,178
2023-07-11,Malaysia,Manjung,1
2023-06-18,Malaysia,Kuala Lumpur,434
2023-06-18,Malaysia,Malacca City,110
2023-06-18,Malaysia,Bentong,42
2023-07-10,Malaysia,Cameron Highlands,1
2023-07-10,Malaysia,Tawau,3
2023-08-31,Malaysia,Malacca City,119
2023-08-31,Malaysia,Kota Setar,2
2023-08-31,Malaysia,Klang,23
2023-04-25,Malaysia,Malacca City,174
2023-04-25,Malaysia,Johor Bahru,302
2023-04-25,Malaysia,Keningau,1
2023-08-01,Malaysia,Penang Island,193
2023-08-01,Malaysia,Seberang Perai Selatan,5
2023-10-03,Malaysia,Bentong,37
2023-03-18,Malaysia,Pasir Putih,1
2023-03-18,Malaysia,Muar,3
2023-08-15,Malaysia,Kinta,42
2023-08-15,Malaysia,Seberang Perai Tengah,8
2023-05-31,Malaysia,Segamat,1
2023-03-03,Malaysia,Kota Kinabalu,10
2023-05-31,Malaysia,Kuala Selangor,2
2023-07-08,Malaysia,Barat Daya,1
2023-03-03,Malaysia,Pekan,1
2023-04-10,Malaysia,Tawau,5
2023-11-10,Malaysia,Kulaijaya,18
2023-11-10,Malaysia,Bentong,3
2023-11-10,Malaysia,Jempol,2
2023-09-21,Malaysia,Kuantan,18
2023-10-04,Malaysia,Sabak Bernam,2
2023-03-17,Malaysia,Kuantan,19
2023-10-18,Malaysia,Port Dickson,23
2023-05-30,Malaysia,Muar,15
2023-05-30,Malaysia,Kubang Pasu,6
2023-07-07,Malaysia,Kulim,1
2023-07-07,Malaysia,Sandakan,1
2023-08-14,Malaysia,Kota Bharu,1
2023-08-28,Malaysia,Bentong,42
2023-08-28,Malaysia,Temerloh,2
2023-08-28,Malaysia,Kota Bharu,3
2023-08-28,Malaysia,Perak Tengah,1
2023-09-10,Malaysia,Kluang,4
2023-09-10,Malaysia,Rompin,1
2023-10-19,Malaysia,Kampar,5
2023-10-19,Malaysia,Kuching,20
2023-10-19,Malaysia,Segamat,1
2023-04-23,Malaysia,Kuantan,5
2023-11-11,Malaysia,Mersing,1
2023-11-11,Malaysia,Shah Alam,10
2023-11-11,Malaysia,Kuala Muda,6
2023-10-29,Malaysia,Muar,28
2023-03-06,Malaysia,Kota Bharu,4
2023-08-17,Malaysia,Putrajaya,1
2023-10-01,Malaysia,Penang Island,159
2023-09-24,Malaysia,Perak Tengah,2
2023-09-24,Malaysia,Penang Island,138
2023-03-05,Malaysia,Cameron Highlands,7
2023-04-12,Malaysia,Kulaijaya,6
2023-04-12,Malaysia,Sibu,1
2023-03-19,Malaysia,Kuching,26
2023-10-02,Malaysia,Barat Daya,8
2023-10-02,Malaysia,Kota Tinggi,25
2023-10-02,Malaysia,Perak Tengah,2
2023-10-02,Malaysia,Seberang Perai Tengah,3
2023-04-26,Malaysia,Bentong,35
2023-04-26,Malaysia,Putrajaya,1
2023-09-23,Malaysia,Hulu Langat,5
2023-08-16,Malaysia,Rompin,3
2023-08-16,Malaysia,Kuala Lumpur,378
2023-10-27,Malaysia,Kota Bharu,2
2023-10-13,Malaysia,Kuching,24
2023-02-07,Malaysia,Bintulu,3
2023-02-07,Malaysia,Kuala Langat,1
2023-07-04,Malaysia,Hulu Langat,6
2023-07-04,Malaysia,Langkawi,53
2023-08-25,Malaysia,Rompin,1
2023-03-28,Malaysia,Seberang Perai Tengah,24
2023-03-28,Malaysia,Sabak Bernam,1
2023-11-20,Malaysia,Kulim,1
2023-03-27,Malaysia,Cameron Highlands,4
2023-03-27,Malaysia,Kuala Pilah,1
2023-02-06,Malaysia,Langkawi,61
2023-03-13,Malaysia,Muar,3
2023-10-14,Malaysia,Kampar,5
2023-07-17,Malaysia,Kuala Muda,4
2023-07-17,Malaysia,Hulu Langat,9
2023-11-21,Malaysia,Segamat,1
2023-11-21,Malaysia,Larut and Matang,1
2023-09-30,Malaysia,Putrajaya,2
2023-09-30,Malaysia,Segamat,1
2023-09-30,Malaysia,Kluang,6
2023-02-09,Malaysia,Seberang Perai Selatan,3
2023-08-27,Malaysia,Rompin,1
2023-08-27,Malaysia,Segamat,3
2023-08-27,Malaysia,Kulaijaya,16
2023-08-27,Malaysia,Seberang Perai Selatan,4
2023-03-01,Malaysia,Ranau,5
2023-03-01,Malaysia,Kubang Pasu,4
2023-10-26,Malaysia,Kampar,4
2023-03-15,Malaysia,Seberang Perai Utara,1
2023-08-12,Malaysia,Kuching,25
2023-04-22,Malaysia,Kota Tinggi,7
2023-03-29,Malaysia,Muar,2
2023-03-29,Malaysia,Segamat,3
2023-03-29,Malaysia,Barat Daya,7
2023-03-29,Malaysia,Malacca City,80
2023-03-01,Malaysia,Klang,10
2023-03-01,Malaysia,Lawas,1
2023-02-08,Malaysia,Malacca City,150
2023-02-08,Malaysia,Seberang Perai Utara,10
2023-08-26,Malaysia,Langkawi,59
2023-08-26,Malaysia,Temerloh,2
2023-04-21,Malaysia,Pontian,3
2023-10-12,Malaysia,Klang,22
2023-07-05,Malaysia,Rompin,3
2023-07-05,Malaysia,Batu Pahat,3
2023-07-05,Malaysia,Seberang Perai Tengah,10
2023-03-14,Malaysia,Bera,1
2023-04-05,Malaysia,Sibu,1
2023-11-04,Malaysia,Sabak Bernam,1
2023-09-02,Malaysia,Rompin,2
2023-11-19,Malaysia,Klang,15
2023-04-19,Malaysia,Penampang,2
2023-04-19,Malaysia,Batu Pahat,1
2023-04-19,Malaysia,Jempol,5
2023-04-19,Malaysia,Miri,1
2023-09-16,Malaysia,Penampang,1
2023-05-26,Malaysia,Pendang,2
2023-04-04,Malaysia,Miri,1
2023-09-15,Malaysia,Batu Pahat,7
2023-04-18,Malaysia,Hulu Langat,10
2023-04-18,Malaysia,Bera,1
2023-09-29,Malaysia,Penang Island,182
2023-09-29,Malaysia,Kulaijaya,20
2023-11-05,Malaysia,Kota Setar,8
2023-11-05,Malaysia,Temerloh,4
2023-04-07,Malaysia,Pontian,1
2023-11-02,Malaysia,Seberang Perai Utara,7
2023-11-02,Malaysia,Kota Setar,13
2023-05-28,Malaysia,Perlis,1
2023-09-04,Malaysia,Lawas,1
2023-11-03,Malaysia,Tampin,6
2023-09-18,Malaysia,Malacca City,181
2023-01-23,Malaysia,Seberang Perai Tengah,3
2023-06-20,Malaysia,Malacca City,151
2023-06-20,Malaysia,Bentong,61
2023-06-20,Malaysia,Barat Daya,2
2023-11-18,Malaysia,Sabak Bernam,2
2023-05-13,Malaysia,Seberang Perai Tengah,16
2023-05-13,Malaysia,Batu Pahat,2
2023-05-14,Malaysia,Johor Bahru,260
2023-05-14,Malaysia,Pekan,1
2023-09-19,Malaysia,Seremban,31
2023-05-27,Malaysia,Pekan,1
2023-05-27,Malaysia,Tawau,4
2023-05-27,Malaysia,Kuala Terengganu,4
2023-09-03,Malaysia,Port Dickson,27
2023-05-12,Malaysia,Port Dickson,16
2023-11-14,Malaysia,Ledang,1
2023-11-14,Malaysia,Hulu Langat,5
2023-04-15,Malaysia,Hulu Langat,8
2023-09-26,Malaysia,Kota Tinggi,19
2023-11-01,Malaysia,Sabak Bernam,1
2023-08-19,Malaysia,Kuala Lumpur,333
2023-08-19,Malaysia,Kota Bharu,4
2023-10-08,Malaysia,Kuantan,13
2023-04-14,Malaysia,Kulim,1
2023-04-14,Malaysia,Kemaman,2
2023-08-05,Malaysia,Kuching,19
2023-05-20,Malaysia,Kinta,42
2023-04-28,Malaysia,Penang Island,206
2023-04-28,Malaysia,Perlis,1
2023-09-12,Malaysia,Kinta,51
2023-11-15,Malaysia,Kluang,2
2023-11-15,Malaysia,Kuala Muda,5
2023-08-04,Malaysia,Kuala Muda,9
2023-04-13,Malaysia,Johor Bahru,240
2023-09-25,Malaysia,Kuching,19
2023-09-25,Malaysia,Batu Pahat,7
2023-09-14,Malaysia,Seberang Perai Tengah,8
2023-11-13,Malaysia,Genting Highlands,40
2023-11-13,Malaysia,Kota Bharu,4
2023-11-13,Malaysia,Kuala Lumpur,471
2023-04-17,Malaysia,Kluang,1
2023-04-16,Malaysia,Seberang Perai Utara,3
2023-04-16,Malaysia,Pontian,3
2023-05-23,Malaysia,Kulaijaya,30
2023-05-23,Malaysia,Muar,5
2023-04-03,Malaysia,Kuala Lumpur,316
2023-04-03,Malaysia,Kuching,22
2023-06-13,Malaysia,Kuala Lumpur,462
2023-06-13,Malaysia,Perlis,3
2023-06-13,Malaysia,Cameron Highlands,4
2023-04-01,Malaysia,Kulaijaya,11
2023-04-01,Malaysia,Langkawi,49
2023-04-01,Malaysia,Kuantan,12
2023-01-01,Malaysia,Kuala Lumpur,200
2023-02-22,Malaysia,Malacca City,154
2023-02-22,Malaysia,Bentong,29
2023-04-01,Malaysia,Kota Bharu,5
2023-04-02,Malaysia,Cameron Highlands,1
2023-06-27,Malaysia,Hulu Langat,7
2023-05-05,Malaysia,Batu Pahat,2
2023-01-18,Malaysia,Port Dickson,13
2023-06-01,Malaysia,Kota Tinggi,17
2023-06-11,Malaysia,Malacca City,117
2023-10-30,Malaysia,Shah Alam,9
2023-10-30,Malaysia,Batang Padang,3
2023-01-29,Malaysia,Johor Bahru,203
2023-01-29,Malaysia,Kuala Lumpur,179
2023-05-05,Malaysia,Penampang,1
2023-05-19,Malaysia,Barat Daya,6
2023-07-22,Malaysia,Malacca City,136
2023-07-22,Malaysia,Manjung,2
2023-06-29,Malaysia,Hulu Langat,6
2023-05-19,Malaysia,Kluang,7
2023-05-19,Malaysia,Kota Tinggi,9
2023-01-15,Malaysia,Barat Daya,2
2023-01-15,Malaysia,Seberang Perai Utara,3
2023-01-17,Malaysia,Shah Alam,18
2023-01-17,Malaysia,Seberang Perai Selatan,2
2023-06-12,Malaysia,Kota Tinggi,10
2023-06-14,Malaysia,Rompin,1
2023-06-15,Malaysia,Labuan,1
2023-06-23,Malaysia,Klang,17
2023-01-11,Malaysia,Kuala Selangor,1
2023-06-28,Malaysia,Perlis,3
2023-06-28,Malaysia,Shah Alam,18
2023-05-02,Malaysia,Segamat,4
2023-02-23,Malaysia,Shah Alam,13
2023-02-23,Malaysia,Kuala Muda,14
2023-02-23,Malaysia,Manjung,6
2023-04-08,Malaysia,Kuala Langat,1
2023-11-09,Malaysia,Tampin,2
2023-01-10,Malaysia,Kulaijaya,12
2023-01-10,Malaysia,Kluang,5
2023-05-16,Malaysia,Ledang,1
2023-05-29,Malaysia,Seremban,36
2023-05-29,Malaysia,Hulu Langat,7
2023-05-29,Malaysia,Kota Tinggi,19
2023-01-25,Malaysia,Sandakan,1
2023-02-24,Malaysia,Kota Tinggi,4
2023-07-21,Malaysia,Kuala Lumpur,534
2023-07-21,Malaysia,Barat Daya,15
2023-07-21,Malaysia,Besut,2
2023-05-01,Malaysia,Kota Setar,5
2023-05-01,Malaysia,Kota Tinggi,6
2023-01-13,Malaysia,Kampar,3
2023-01-13,Malaysia,Jempol,1
2023-01-13,Malaysia,Seberang Perai Utara,3
2023-09-08,Malaysia,Kota Setar,3
2023-05-18,Malaysia,Jempol,2
2023-06-22,Malaysia,Seberang Perai Selatan,4
2023-06-22,Malaysia,Miri,2
2023-02-20,Malaysia,Batu Pahat,9
2023-02-20,Malaysia,Kampar,11
2023-02-20,Malaysia,Seberang Perai Utara,1
2023-02-20,Malaysia,Kota Bharu,3
2023-05-04,Malaysia,Kota Bharu,2
2023-06-21,Malaysia,Tawau,1
2023-11-06,Malaysia,Kulaijaya,27
2023-05-03,Malaysia,Kota Bharu,3
2023-06-10,Malaysia,Kemaman,1
2023-06-24,Malaysia,Seberang Perai Tengah,10
2023-01-27,Malaysia,Hulu Langat,6
2023-01-26,Malaysia,Batu Pahat,16
2023-01-26,Malaysia,Kuantan,15
2023-01-26,Malaysia,Marang,1
2023-05-17,Malaysia,Muar,7
2023-05-17,Malaysia,Klang,17
2023-05-17,Malaysia,Seberang Perai Tengah,20
2023-07-31,Malaysia,Kuala Langat,2
2023-09-07,Malaysia,Shah Alam,15
2023-09-07,Malaysia,Miri,1
2023-07-30,Malaysia,Seberang Perai Utara,1
2023-11-08,Malaysia,Kinta,46
2023-06-07,Malaysia,Seremban,24
2023-06-07,Malaysia,Pasir Putih,1
2023-07-28,Malaysia,Penang Island,186
2023-07-28,Malaysia,Kuala Langat,2
2023-07-28,Malaysia,Rompin,8
2023-03-23,Malaysia,Penang Island,146
2023-03-23,Malaysia,Kuantan,17
2023-08-20,Malaysia,Kota Bharu,3
2023-07-13,Malaysia,Cameron Highlands,1
2023-01-09,Malaysia,Malacca City,161
2023-01-09,Malaysia,Bentong,23
2023-02-01,Malaysia,Kuala Pilah,1
2023-03-22,Malaysia,Perlis,2
2023-06-06,Malaysia,Kuala Pilah,1
2023-06-06,Malaysia,Kota Kinabalu,8
2023-06-06,Malaysia,Kuala Terengganu,8
2023-07-27,Malaysia,Keningau,1
2023-02-15,Malaysia,Kinta,66
2023-10-10,Malaysia,Port Dickson,11
2023-02-05,Malaysia,N/A,1
2023-08-23,Malaysia,Cameron Highlands,5
2023-08-23,Malaysia,Lawas,2
2023-07-02,Malaysia,Kuala Langat,2
2023-07-02,Malaysia,Kubang Pasu,2
2023-07-02,Malaysia,Kluang,5
2023-07-02,Malaysia,Miri,1
2023-03-26,Malaysia,Seberang Perai Tengah,18
2023-03-26,Malaysia,Perlis,3
2023-03-11,Malaysia,Klang,10
2023-03-11,Malaysia,Langkawi,65
2023-02-19,Malaysia,Hulu Langat,4
2023-02-19,Malaysia,Kuala Muda,9
2023-02-19,Malaysia,Cameron Highlands,2
2023-02-04,Malaysia,Seremban,19
2023-02-04,Malaysia,Penampang,3
2023-10-21,Malaysia,Kuala Pilah,2
2023-03-25,Malaysia,Kuantan,11
2023-03-25,Malaysia,Sibu,1
2023-06-09,Malaysia,Port Dickson,20
2023-08-22,Malaysia,Penampang,1
2023-08-22,Malaysia,Kuala Terengganu,9
2023-07-15,Malaysia,Johor Bahru,247
2023-07-15,Malaysia,Langkawi,43
2023-10-22,Malaysia,Hulu Langat,5
2023-07-29,Malaysia,Kulaijaya,15
2023-03-10,Malaysia,Malacca City,172
2023-03-10,Malaysia,Kota Kinabalu,20
2023-03-10,Malaysia,Cameron Highlands,1
2023-06-08,Malaysia,Kuala Lumpur,444
2023-03-24,Malaysia,Kuala Pilah,2
2023-03-24,Malaysia,Malacca City,87
2023-02-03,Malaysia,Larut and Matang,2
2023-02-03,Malaysia,Hulu Langat,17
2023-02-12,Malaysia,Klang,8
2023-02-12,Malaysia,Kota Bharu,8
2023-06-17,Malaysia,Kulaijaya,17
2023-01-05,Malaysia,Penampang,4
2023-02-26,Malaysia,Kota Kinabalu,9
2023-01-19,Malaysia,Shah Alam,19
2023-06-02,Malaysia,Perlis,6
2023-06-02,Malaysia,Kuantan,10
2023-06-02,Malaysia,Kuching,30
2023-06-02,Malaysia,Kuala Muda,10
2023-05-09,Malaysia,Penang Island,249
2023-05-09,Malaysia,Batang Padang,1
2023-02-11,Malaysia,Kemaman,3
2023-10-20,Malaysia,Kota Tinggi,10
2023-02-25,Malaysia,Perlis,3
2023-01-04,Malaysia,Kuching,23
2023-07-12,Malaysia,Batu Pahat,5
2023-07-26,Malaysia,Kota Setar,3
2023-07-26,Malaysia,Kuantan,6
2023-03-21,Malaysia,Langkawi,38
2023-10-31,Malaysia,Barat Daya,5
2023-10-31,Malaysia,Seberang Perai Tengah,24
2023-03-21,Malaysia,Kota Tinggi,8
2023-02-14,Malaysia,Kluang,9
2023-02-28,Malaysia,Kota Bharu,10
2023-02-28,Malaysia,Lahad Datu,5
2023-07-11,Malaysia,Kuala Lumpur,572
2023-07-11,Malaysia,Miri,2
2023-07-11,Malaysia,Bentong,39
2023-07-11,Malaysia,Mersing,2
2023-03-20,Malaysia,Ledang,2
2023-07-10,Malaysia,Barat Daya,8
2023-02-13,Malaysia,Besut,4
2023-08-31,Malaysia,Hulu Langat,3
2023-04-25,Malaysia,Bentong,41
2023-04-25,Malaysia,Kuala Terengganu,20
2023-10-17,Malaysia,Shah Alam,13
2023-08-01,Malaysia,Perak Tengah,3
2023-09-22,Malaysia,Seremban,30
2023-03-04,Malaysia,Kuala Lumpur,584
2023-03-18,Malaysia,Johor Bahru,145
2023-08-15,Malaysia,Manjung,2
2023-05-31,Malaysia,Kuala Terengganu,4
2023-05-31,Malaysia,Kubang Pasu,2
2023-07-08,Malaysia,Pendang,1
2023-04-10,Malaysia,Port Dickson,5
2023-04-10,Malaysia,Bintulu,1
2023-04-10,Malaysia,Perlis,1
2023-04-24,Malaysia,Kluang,6
2023-04-24,Malaysia,Bera,1
2023-04-24,Malaysia,Mersing,2
2023-11-10,Malaysia,Kuching,14
2023-11-10,Malaysia,Kuala Terengganu,5
2023-11-10,Malaysia,Seberang Perai Utara,3
2023-11-10,Malaysia,Batu Pahat,7
2023-09-21,Malaysia,Kinta,45
2023-03-17,Malaysia,Kuala Langat,2
2023-03-17,Malaysia,Tuaran,1
2023-08-28,Malaysia,Klang,39
2023-08-28,Malaysia,Seberang Perai Utara,6
2023-08-28,Malaysia,Kuala Terengganu,2
2023-03-02,Malaysia,Kota Setar,4
2023-03-02,Malaysia,Segamat,13
2023-03-02,Malaysia,Lahad Datu,1
2023-03-02,Malaysia,Kota Bharu,5
2023-04-23,Malaysia,Jempol,1
2023-10-29,Malaysia,Jerantut,1
2023-10-29,Malaysia,Batu Pahat,1
2023-10-15,Malaysia,Muar,4
2023-08-17,Malaysia,Sabak Bernam,1
2023-10-01,Malaysia,Shah Alam,10
2023-09-24,Malaysia,Manjung,2
2023-10-16,Malaysia,Ranau,4
2023-03-05,Malaysia,Kinta,78
2023-03-05,Malaysia,Kuching,34
2023-04-12,Malaysia,Seremban,19
2023-10-02,Malaysia,Perlis,2
2023-08-02,Malaysia,Kota Tinggi,17
2023-08-02,Malaysia,Kota Setar,6
2023-04-26,Malaysia,Kuala Lumpur,345
2023-09-23,Malaysia,Barat Daya,7
2023-08-16,Malaysia,Batu Pahat,1
2023-07-09,Malaysia,Kluang,2
2023-07-09,Malaysia,Putrajaya,1
2023-04-11,Malaysia,Ranau,1
2023-10-13,Malaysia,Penang Island,209
2023-02-07,Malaysia,Shah Alam,13
2023-08-11,Malaysia,Perlis,2
2023-08-11,Malaysia,Kota Tinggi,16
2023-08-11,Malaysia,Port Dickson,38
2023-07-04,Malaysia,Kuala Terengganu,12
2023-07-04,Malaysia,Kampar,6
2023-07-04,Malaysia,Pekan,1
2023-07-04,Malaysia,Kluang,8
2023-08-25,Malaysia,Johor Bahru,290
2023-04-20,Malaysia,Seremban,19
2023-04-20,Malaysia,Marang,1
2023-03-28,Malaysia,Pontian,4
2023-04-20,Malaysia,Alor Gajah,2
2023-11-20,Malaysia,Johor Bahru,237
2023-03-27,Malaysia,Kota Kinabalu,10
2023-03-27,Malaysia,Seberang Perai Tengah,27
2023-03-27,Malaysia,Tampin,1
2023-03-27,Malaysia,Perak Tengah,1
2023-02-06,Malaysia,Kota Kinabalu,22
2023-08-10,Malaysia,Port Dickson,39
2023-07-03,Malaysia,Johor Bahru,355
2023-07-03,Malaysia,Penang Island,186
2023-10-28,Malaysia,Kuching,19
2023-10-14,Malaysia,Seremban,20
2023-10-14,Malaysia,Kulaijaya,17
2023-08-24,Malaysia,Klang,31
2023-03-12,Malaysia,Hulu Langat,27
2023-11-21,Malaysia,Kulim,2
2023-03-16,Malaysia,Muar,12
2023-03-16,Malaysia,Perlis,1
2023-09-20,Malaysia,Kemaman,1
2023-09-30,Malaysia,Langkawi,98
2023-09-30,Malaysia,Tampin,2
2023-10-11,Malaysia,Barat Daya,4
2023-02-09,Malaysia,Penang Island,195
2023-02-09,Malaysia,Larut and Matang,1
2023-02-09,Malaysia,Cameron Highlands,12
2023-02-09,Malaysia,Ranau,6
2023-08-13,Malaysia,Kuala Lumpur,289
2023-10-26,Malaysia,Port Dickson,15
2023-07-06,Malaysia,Setiu,1
2023-07-06,Malaysia,Manjung,1
2023-07-06,Malaysia,Putrajaya,2
2023-03-15,Malaysia,Kuala Terengganu,1
2023-03-15,Malaysia,Rompin,1
2023-08-12,Malaysia,Kampar,7
2023-03-01,Malaysia,Manjung,2
2023-02-08,Malaysia,Kota Setar,3
2023-02-08,Malaysia,Jerantut,1
2023-08-26,Malaysia,Seremban,32
2023-08-26,Malaysia,Barat Daya,7
2023-04-21,Malaysia,Kuala Lumpur,397
2023-04-21,Malaysia,Seremban,18
2023-04-21,Malaysia,Putrajaya,1
2023-07-19,Malaysia,Seberang Perai Tengah,17
2023-04-05,Malaysia,Kuching,28
2023-04-05,Malaysia,Kota Tinggi,7
2023-04-05,Malaysia,Klang,3
2023-04-05,Malaysia,Jempol,3
2023-11-04,Malaysia,Kinta,43
2023-11-19,Malaysia,Barat Daya,6
2023-11-19,Malaysia,Sabak Bernam,2
2023-01-21,Malaysia,Seberang Perai Selatan,2
2023-01-21,Malaysia,Tuaran,1
2023-04-19,Malaysia,Kota Setar,4
2023-09-16,Malaysia,Kuala Muda,2
2023-09-16,Malaysia,Alor Gajah,3
2023-05-26,Malaysia,Kluang,9
2023-05-26,Malaysia,Bintulu,3
2023-05-26,Malaysia,Jempol,3
2023-05-11,Malaysia,Langkawi,68
2023-05-11,Malaysia,Kubang Pasu,3
2023-05-25,Malaysia,Penampang,4
2023-05-25,Malaysia,Barat Daya,16
2023-05-25,Malaysia,Batu Pahat,23
2023-05-25,Malaysia,Manjung,3
2023-09-01,Malaysia,Kluang,18
2023-09-15,Malaysia,Langkawi,98
2023-09-15,Malaysia,Tampin,1
2023-11-16,Malaysia,Muar,15
2023-09-29,Malaysia,Kuala Selangor,3
2023-05-10,Malaysia,Langkawi,53
2023-05-10,Malaysia,Kluang,3
2023-04-07,Malaysia,Seremban,24
2023-04-07,Malaysia,Kuala Muda,3
2023-04-07,Malaysia,Miri,1
2023-08-08,Malaysia,Seberang Perai Tengah,6
2023-11-02,Malaysia,Klang,29
2023-05-28,Malaysia,Pontian,2
2023-11-03,Malaysia,Johor Bahru,405
2023-09-18,Malaysia,Kinta,50
2023-09-18,Malaysia,Sabak Bernam,1
2023-01-23,Malaysia,Seberang Perai Utara,1
2023-11-17,Malaysia,Port Dickson,38
2023-06-20,Malaysia,Muar,11
2023-01-22,Malaysia,Klang,9
2023-11-18,Malaysia,Perlis,1
2023-05-13,Malaysia,Kampar,3
2023-05-14,Malaysia,Kampar,2
2023-05-14,Malaysia,Miri,1
2023-04-06,Malaysia,Kuching,24
2023-04-06,Malaysia,Kuantan,20
2023-10-07,Malaysia,Muar,11
2023-04-29,Malaysia,Seberang Perai Selatan,5
2023-04-29,Malaysia,Port Dickson,20
2023-05-21,Malaysia,Kota Setar,6
2023-05-21,Malaysia,Barat Daya,7
2023-01-31,Malaysia,Kulaijaya,6
2023-10-08,Malaysia,Kluang,14
2023-10-08,Malaysia,Perlis,1
2023-10-08,Malaysia,Serian,1
2023-10-08,Malaysia,Kota Tinggi,18
2023-04-14,Malaysia,Langkawi,72
2023-04-14,Malaysia,Sibu,2
2023-08-05,Malaysia,Barat Daya,3
2023-08-05,Malaysia,Kota Setar,2
2023-08-05,Malaysia,Setiu,1
2023-01-31,Malaysia,Rompin,3
2023-01-31,Malaysia,Kota Bharu,2
2023-09-11,Malaysia,Sandakan,1
2023-09-11,Malaysia,Jempol,2
2023-09-11,Malaysia,Kota Kinabalu,1
2023-05-20,Malaysia,Langkawi,83
2023-05-20,Malaysia,Temerloh,4
2023-04-28,Malaysia,Mersing,1
2023-09-12,Malaysia,Pekan,1
2023-09-12,Malaysia,Alor Gajah,9
2023-09-12,Malaysia,Kota Setar,4
2023-09-12,Malaysia,Kota Kinabalu,2
2023-11-15,Malaysia,Kulaijaya,10
2023-11-15,Malaysia,Kuala Terengganu,2
2023-11-15,Malaysia,Genting Highlands,38
2023-08-04,Malaysia,Alor Gajah,1
2023-08-18,Malaysia,Kuala Lumpur,378
2023-06-30,Malaysia,Kota Setar,3
2023-10-09,Malaysia,Putrajaya,1
2023-10-09,Malaysia,Batang Padang,1
2023-09-14,Malaysia,Shah Alam,10
2023-09-14,Malaysia,Bentong,43
2023-09-28,Malaysia,Tampin,1
2023-09-28,Malaysia,Cameron Highlands,2
2023-10-06,Malaysia,Shah Alam,22
2023-10-06,Malaysia,Alor Gajah,3
2023-10-06,Malaysia,Batang Padang,1
2023-04-17,Malaysia,Johor Bahru,155
2023-04-17,Malaysia,Kota Setar,5
2023-05-24,Malaysia,Bintulu,4
2023-04-16,Malaysia,Barat Daya,6
2023-11-01,Malaysia,Kuala Selangor,1
2023-05-23,Malaysia,Penampang,2
2023-05-23,Malaysia,Segamat,2
2023-05-23,Malaysia,Bintulu,5
2023-05-23,Malaysia,Manjung,4
2023-01-30,Malaysia,Kuching,26
2023-01-30,Malaysia,Kluang,2
2023-01-30,Malaysia,Labuan,2
2023-04-03,Malaysia,Kota Setar,6
2023-06-30,Malaysia,Muar,3
2023-06-30,Malaysia,Raub,3
2023-09-27,Malaysia,Kota Bharu,1
2023-10-05,Malaysia,Johor Bahru,225
2023-06-13,Malaysia,Kota Setar,7
2023-04-01,Malaysia,Perlis,2
2023-01-01,Malaysia,Kuala Muda,1
2023-08-06,Malaysia,Kinta,41
2023-08-06,Malaysia,Hulu Langat,7
2023-05-06,Malaysia,Langkawi,37
2023-09-13,Malaysia,Semporna,1
2023-09-13,Malaysia,Batang Padang,1
2023-04-02,Malaysia,Kuala Selangor,1
2023-06-27,Malaysia,Lawas,1
2023-06-26,Malaysia,Tawau,1
2023-06-26,Malaysia,Kuala Terengganu,6
2023-02-21,Malaysia,Hulu Langat,20
2023-06-01,Malaysia,Malacca City,208
2023-01-29,Malaysia,Bentong,35
2023-01-29,Malaysia,Kuala Langat,1
2023-01-29,Malaysia,Marang,1
2023-07-22,Malaysia,Kuala Lumpur,407
2023-06-29,Malaysia,Kota Kinabalu,8
2023-05-19,Malaysia,Kota Setar,3
2023-05-08,Malaysia,Penang Island,237
2023-01-14,Malaysia,Barat Daya,2
2023-01-14,Malaysia,Seberang Perai Tengah,3
2023-01-17,Malaysia,Kampar,1
2023-01-17,Malaysia,Kuantan,11
2023-01-02,Malaysia,Kuala Selangor,1
2023-06-12,Malaysia,Kluang,7
2023-06-15,Malaysia,Ledang,1
2023-06-26,Malaysia,Kluang,8
2023-06-26,Malaysia,Segamat,2
2023-07-20,Malaysia,Seberang Perai Tengah,6
2023-05-07,Malaysia,Port Dickson,15
2023-05-07,Malaysia,Lawas,1
2023-03-30,Malaysia,Ledang,2
2023-03-30,Malaysia,Pasir Putih,1
2023-01-03,Malaysia,Kota Kinabalu,10
2023-01-03,Malaysia,Klang,1
2023-04-08,Malaysia,Perlis,1
2023-04-08,Malaysia,Kuala Pilah,1
2023-04-08,Malaysia,Kota Kinabalu,10
2023-11-09,Malaysia,Kuala Lumpur,561
2023-05-15,Malaysia,Port Dickson,23
2023-05-15,Malaysia,Kubang Pasu,1
2023-09-09,Malaysia,Batang Padang,7
2023-01-10,Malaysia,Kota Setar,10
2023-01-16,Malaysia,Kinta,28
2023-01-16,Malaysia,Kemaman,1
2023-01-16,Malaysia,Tawau,3
2023-05-29,Malaysia,Kuala Muda,9
2023-01-25,Malaysia,Cameron Highlands,6
2023-09-06,Malaysia,Muar,4
2023-02-24,Malaysia,Keningau,1
2023-02-24,Malaysia,Cameron Highlands,9
2023-01-11,Malaysia,Kluang,2
2023-05-01,Malaysia,Kuala Pilah,3
2023-01-13,Malaysia,Kuala Lumpur,231
2023-01-13,Malaysia,Kuala Pilah,2
2023-01-28,Malaysia,Bentong,22
2023-06-22,Malaysia,Kota Setar,6
2023-11-07,Malaysia,Kampar,6
2023-11-07,Malaysia,Kuantan,14
2023-11-07,Malaysia,Kota Tinggi,35
2023-05-04,Malaysia,Penang Island,218
2023-05-04,Malaysia,Seberang Perai Selatan,2
2023-05-04,Malaysia,Kampar,3
2023-11-06,Malaysia,Kota Bharu,4
2023-01-27,Malaysia,Kulaijaya,6
2023-06-25,Malaysia,Temerloh,2
2023-06-25,Malaysia,Kuala Selangor,1
2023-06-25,Malaysia,Kuantan,2
2023-05-17,Malaysia,Seremban,37
2023-05-17,Malaysia,Kudat,1
2023-05-17,Malaysia,Kuala Selangor,1
2023-05-17,Malaysia,Tambunan,1
2023-07-31,Malaysia,Kuala Pilah,1
2023-07-31,Malaysia,Besut,1
2023-07-31,Malaysia,Kampar,3
2023-09-07,Malaysia,Kota Kinabalu,3
2023-07-30,Malaysia,Muar,7
2023-07-30,Malaysia,Perlis,6
2023-11-08,Malaysia,Port Dickson,44
2023-11-08,Malaysia,Batang Padang,1
2023-01-26,Malaysia,Labuan,1
2023-02-17,Malaysia,Batu Pahat,11
2023-02-17,Malaysia,Hulu Selangor,1
2023-06-07,Malaysia,Hulu Langat,7
2023-02-02,Malaysia,Muar,16
2023-02-02,Malaysia,Sibu,1
2023-03-23,Malaysia,Labuan,1
2023-08-20,Malaysia,Perlis,2
2023-08-20,Malaysia,Bentong,24
2023-08-20,Malaysia,Putrajaya,1
2023-02-16,Malaysia,Lawas,1
2023-10-24,Malaysia,Hulu Langat,3
2023-07-13,Malaysia,Seberang Perai Selatan,4
2023-01-09,Malaysia,Kuala Pilah,1
2023-01-09,Malaysia,Kampar,6
2023-02-01,Malaysia,Seberang Perai Selatan,3
2023-02-01,Malaysia,Kuantan,10
2023-03-22,Malaysia,Kinta,23
2023-06-06,Malaysia,Kulaijaya,13
2023-06-06,Malaysia,Batang Padang,3
2023-07-27,Malaysia,Seberang Perai Tengah,6
2023-02-15,Malaysia,Kuantan,36
2023-02-15,Malaysia,Kota Tinggi,10
2023-08-23,Malaysia,Perlis,2
2023-08-23,Malaysia,Barat Daya,7
2023-08-23,Malaysia,Putrajaya,6
2023-07-02,Malaysia,Mersing,4
2023-07-02,Malaysia,Shah Alam,6
2023-03-26,Malaysia,Temerloh,1
2023-03-26,Malaysia,Kota Setar,17
2023-03-26,Malaysia,Seremban,15
2023-02-19,Malaysia,Setiu,1
2023-03-11,Malaysia,Kluang,4
2023-02-04,Malaysia,Johor Bahru,214
2023-10-21,Malaysia,Sabak Bernam,1
2023-03-25,Malaysia,Kulim,2
2023-03-25,Malaysia,Lawas,1
2023-08-22,Malaysia,Tampin,2
2023-07-15,Malaysia,Rompin,2
2023-02-18,Malaysia,Hulu Langat,9
2023-02-18,Malaysia,Manjung,6
2023-10-22,Malaysia,Pasir Putih,1
2023-03-10,Malaysia,Setiu,1
2023-03-10,Malaysia,Lawas,1
2023-06-08,Malaysia,Kuching,36
2023-06-08,Malaysia,Putrajaya,1
2023-03-24,Malaysia,Kota Setar,6
2023-03-24,Malaysia,Jerantut,1
2023-02-27,Malaysia,Hulu Langat,34
2023-02-27,Malaysia,Kubang Pasu,2
2023-06-03,Malaysia,Keningau,2
2023-02-12,Malaysia,Labuan,3
2023-06-17,Malaysia,Miri,1
2023-01-05,Malaysia,Kuala Terengganu,5
2023-02-26,Malaysia,Mersing,1
2023-08-30,Malaysia,Penang Island,152
2023-07-23,Malaysia,Rompin,3
2023-07-23,Malaysia,Bentong,29
2023-07-23,Malaysia,Kuala Langat,1
2023-07-23,Malaysia,Kuala Lumpur,373
2023-01-19,Malaysia,Seremban,41
2023-01-19,Malaysia,Jempol,3
2023-06-16,Malaysia,Kuantan,10
2023-06-16,Malaysia,Keningau,1
2023-02-11,Malaysia,Muar,13
2023-07-12,Malaysia,Port Dickson,28
2023-06-05,Malaysia,Kuala Terengganu,8
2023-06-05,Malaysia,Miri,3
2023-01-04,Malaysia,Hulu Langat,10
2023-01-08,Malaysia,Kuala Pilah,1
2023-01-08,Malaysia,Putrajaya,1
2023-02-14,Malaysia,Seberang Perai Tengah,10
2023-02-14,Malaysia,Kubang Pasu,8
2023-03-21,Malaysia,Kulaijaya,11
2023-03-21,Malaysia,Kubang Pasu,3
2023-06-04,Malaysia,Perlis,5
2023-06-04,Malaysia,Kulaijaya,19
2023-06-04,Malaysia,Shah Alam,11
2023-01-07,Malaysia,Johor Bahru,121
2023-01-07,Malaysia,Rompin,1
2023-06-18,Malaysia,Muar,3
2023-06-18,Malaysia,Keningau,1
2023-07-25,Malaysia,Mersing,2
2023-07-25,Malaysia,Kuala Terengganu,4
2023-02-13,Malaysia,Kuala Pilah,1
2023-08-31,Malaysia,Kulaijaya,25
2023-08-31,Malaysia,Kota Tinggi,20
2023-04-25,Malaysia,Kuantan,20
2023-08-01,Malaysia,Port Dickson,50
2023-09-22,Malaysia,Miri,1
2023-09-22,Malaysia,Tawau,1
2023-09-22,Malaysia,Kuantan,18
2023-10-03,Malaysia,Seberang Perai Tengah,6
2023-10-17,Malaysia,Labuan,1
2023-03-04,Malaysia,Kluang,7
2023-03-04,Malaysia,Ranau,2
2023-03-18,Malaysia,Seberang Perai Tengah,15
2023-03-18,Malaysia,Kuala Lumpur,206
2023-03-18,Malaysia,Kota Tinggi,6
2023-03-18,Malaysia,Jempol,5
2023-08-15,Malaysia,Langkawi,45
2023-08-29,Malaysia,Muar,8
2023-05-31,Malaysia,Shah Alam,13
2023-05-31,Malaysia,Kuching,29
2023-07-08,Malaysia,Tawau,2
2023-07-08,Malaysia,Jempol,3
2023-07-08,Malaysia,Sibu,1
2023-04-10,Malaysia,Pontian,1
2023-11-10,Malaysia,Hulu Langat,10
2023-09-21,Malaysia,Putrajaya,1
2023-09-21,Malaysia,Batang Padang,1
2023-10-04,Malaysia,Segamat,1
2023-03-17,Malaysia,Shah Alam,16
2023-03-17,Malaysia,Kemaman,4
2023-03-17,Malaysia,Kluang,2
2023-10-18,Malaysia,Kuala Pilah,1
2023-05-30,Malaysia,Kuching,30
2023-05-30,Malaysia,Pendang,1
2023-07-07,Malaysia,Ranau,2
2023-07-07,Malaysia,Shah Alam,20
2023-07-07,Malaysia,Kuala Selangor,5
2023-07-07,Malaysia,Miri,6
2023-08-28,Malaysia,Hulu Langat,1
2023-08-28,Malaysia,Kota Tinggi,46
2023-09-10,Malaysia,Kampar,3
2023-04-23,Malaysia,Kota Kinabalu,5
2023-04-23,Malaysia,Barat Daya,2
2023-10-29,Malaysia,Bintulu,1
2023-04-27,Malaysia,Port Dickson,14
2023-04-27,Malaysia,Barat Daya,8
2023-03-06,Malaysia,Kota Kinabalu,8
2023-03-06,Malaysia,Bentong,48
2023-10-15,Malaysia,Putrajaya,1
2023-08-17,Malaysia,Seberang Perai Selatan,2
2023-08-17,Malaysia,Semporna,1
2023-10-01,Malaysia,Kampar,5
2023-10-01,Malaysia,Temerloh,1
2023-10-01,Malaysia,Kuala Terengganu,5
2023-11-22,Malaysia,Kota Bharu,1
2023-09-24,Malaysia,Putrajaya,2
2023-10-16,Malaysia,Malacca City,174
2023-03-05,Malaysia,Langkawi,77
2023-03-05,Malaysia,Kota Kinabalu,11
2023-10-02,Malaysia,Miri,1
2023-10-02,Malaysia,Klang,10
2023-10-02,Malaysia,Seremban,24
2023-10-02,Malaysia,Temerloh,2
2023-10-02,Malaysia,Kota Setar,8
2023-08-02,Malaysia,Kota Bharu,4
2023-04-26,Malaysia,Seremban,18
2023-04-26,Malaysia,Kampar,15
2023-04-26,Malaysia,Kota Tinggi,5
2023-09-23,Malaysia,Muar,4
2023-09-23,Malaysia,Rompin,1
2023-09-23,Malaysia,Alor Gajah,1
2023-09-23,Malaysia,Sabak Bernam,1
2023-08-16,Malaysia,Kinta,44
2023-08-16,Malaysia,Kota Kinabalu,1
2023-08-16,Malaysia,Kuala Selangor,2
2023-08-02,Malaysia,Klang,4
2023-04-11,Malaysia,Barat Daya,8
2023-04-11,Malaysia,Kuantan,21
2023-04-11,Malaysia,Keningau,1
2023-04-11,Malaysia,Temerloh,1
2023-10-13,Malaysia,Malacca City,152
2023-10-13,Malaysia,Kuala Terengganu,7
2023-10-13,Malaysia,Jempol,2
2023-07-04,Malaysia,Putrajaya,1
2023-08-25,Malaysia,Kuala Pilah,3
2023-08-25,Malaysia,Kuching,29
2023-03-28,Malaysia,Shah Alam,9
2023-03-28,Malaysia,Cameron Highlands,2
2023-07-18,Malaysia,Kuala Muda,2
2023-07-18,Malaysia,Hulu Langat,4
2023-07-18,Malaysia,Muar,7
2023-03-27,Malaysia,Kubang Pasu,3
2023-02-06,Malaysia,Keningau,1
2023-02-06,Malaysia,Kuantan,4
2023-02-06,Malaysia,Cameron Highlands,7
2023-08-10,Malaysia,Hulu Langat,10
2023-07-03,Malaysia,Kuala Selangor,1
2023-07-03,Malaysia,Seberang Perai Tengah,13
2023-10-28,Malaysia,Malacca City,188
2023-10-28,Malaysia,Kuala Terengganu,8
2023-07-03,Malaysia,Manjung,4
2023-07-17,Malaysia,Bentong,24
2023-07-17,Malaysia,Bintulu,3
2023-02-09,Malaysia,Sandakan,1
2023-08-27,Malaysia,Lawas,2
2023-08-27,Malaysia,Seremban,28
2023-08-13,Malaysia,Seberang Perai Tengah,4
2023-08-13,Malaysia,Jempol,6
2023-10-26,Malaysia,Sabak Bernam,1
2023-07-06,Malaysia,Jempol,3
2023-03-15,Malaysia,Penang Island,146
2023-08-12,Malaysia,Kuala Terengganu,7
2023-03-29,Malaysia,Kinta,32
2023-03-29,Malaysia,Kulaijaya,11
2023-03-29,Malaysia,Alor Gajah,1
2023-02-08,Malaysia,Kuala Pilah,4
2023-02-08,Malaysia,Barat Daya,15
2023-08-26,Malaysia,Malacca City,197
2023-08-26,Malaysia,Seberang Perai Selatan,3
2023-08-26,Malaysia,Kota Tinggi,29
2023-04-21,Malaysia,Bera,1
2023-10-12,Malaysia,Batu Pahat,5
2023-04-05,Malaysia,Bentong,54
2023-01-21,Malaysia,Malacca City,108
2023-11-19,Malaysia,Bentong,7
2023-04-19,Malaysia,Kota Marudu,1
2023-04-19,Malaysia,Perlis,1
2023-04-19,Malaysia,Putatan,1
2023-04-19,Malaysia,Ranau,1
2023-09-16,Malaysia,Kuching,15
2023-09-16,Malaysia,Manjung,1
2023-08-09,Malaysia,Penang Island,207
2023-08-09,Malaysia,Seremban,28
2023-08-09,Malaysia,Kulaijaya,12
2023-08-09,Malaysia,Manjung,3
2023-08-09,Malaysia,Miri,1
2023-05-26,Malaysia,Tawau,9
2023-05-11,Malaysia,Bentong,29
2023-05-25,Malaysia,Port Dickson,28
2023-05-25,Malaysia,Tawau,3
2023-05-25,Malaysia,Kuala Terengganu,21
2023-05-25,Malaysia,Kuala Selangor,3
2023-09-01,Malaysia,Kuala Terengganu,2
2023-04-04,Malaysia,Johor Bahru,267
2023-04-04,Malaysia,Kluang,2
2023-04-04,Malaysia,Pekan,1
2023-04-04,Malaysia,Pontian,2
2023-01-20,Malaysia,Bentong,15
2023-01-20,Malaysia,Tuaran,1
2023-09-15,Malaysia,Hulu Langat,9
2023-09-29,Malaysia,Sabak Bernam,1
2023-05-10,Malaysia,Seberang Perai Selatan,5
2023-05-10,Malaysia,Shah Alam,12
2023-05-10,Malaysia,Rompin,1
2023-04-07,Malaysia,Pekan,3
2023-08-08,Malaysia,Rompin,4
2023-11-02,Malaysia,Genting Highlands,49
2023-11-02,Malaysia,Kuala Muda,8
2023-09-04,Malaysia,Kuala Muda,6
2023-01-23,Malaysia,Kampar,2
2023-01-23,Malaysia,Kota Tinggi,3
2023-06-20,Malaysia,Perlis,5
2023-06-20,Malaysia,Kuala Muda,7
2023-11-18,Malaysia,Bintulu,2
2023-11-18,Malaysia,Kota Bharu,4
2023-05-13,Malaysia,Kota Bharu,3
2023-09-19,Malaysia,Rompin,3
2023-09-19,Malaysia,Seberang Perai Selatan,7
2023-05-12,Malaysia,Kota Marudu,1
2023-11-14,Malaysia,Kinta,60
2023-11-14,Malaysia,Alor Gajah,1
2023-11-14,Malaysia,Kuala Pilah,1
2023-11-14,Malaysia,Kuala Langat,1
2023-09-17,Malaysia,Seberang Perai Selatan,6
2023-04-15,Malaysia,Sandakan,2
2023-04-06,Malaysia,Seberang Perai Tengah,18
2023-04-06,Malaysia,Kluang,5
2023-04-06,Malaysia,Kota Bharu,3
2023-04-29,Malaysia,Lawas,1
2023-09-26,Malaysia,Seremban,31
2023-11-01,Malaysia,Kota Bharu,9
2023-11-01,Malaysia,Genting Highlands,34
2023-08-19,Malaysia,Seremban,28
2023-08-19,Malaysia,Rompin,2
2023-09-26,Malaysia,Klang,11
2023-04-14,Malaysia,Seberang Perai Selatan,6
2023-08-05,Malaysia,Seberang Perai Utara,1
2023-08-05,Malaysia,Batang Padang,7
2023-01-31,Malaysia,Serian,1
2023-04-29,Malaysia,Sandakan,2
2023-04-29,Malaysia,Ledang,1
2023-05-20,Malaysia,Ranau,3
2023-04-28,Malaysia,Kinta,56
2023-04-28,Malaysia,Kubang Pasu,1
2023-04-28,Malaysia,Besut,2
2023-03-07,Malaysia,Keningau,4
2023-08-04,Malaysia,Klang,11
2023-08-18,Malaysia,Seberang Perai Selatan,1
2023-04-13,Malaysia,Shah Alam,7
2023-04-13,Malaysia,Pontian,2
2023-10-09,Malaysia,Klang,16
2023-10-09,Malaysia,Langkawi,94
2023-09-28,Malaysia,Perlis,7
2023-09-28,Malaysia,Shah Alam,12
2023-08-07,Malaysia,Seberang Perai Selatan,3
2023-04-17,Malaysia,Penang Island,169
2023-04-17,Malaysia,Kubang Pasu,1
2023-04-16,Malaysia,Penang Island,152
2023-04-16,Malaysia,Kluang,6
2023-11-01,Malaysia,Lawas,1
2023-05-23,Malaysia,Seberang Perai Selatan,1
2023-05-23,Malaysia,Kota Bharu,2
2023-01-30,Malaysia,Port Dickson,15
2023-01-30,Malaysia,Kuala Terengganu,3
2023-01-30,Malaysia,Ledang,1
2023-01-30,Malaysia,Sibu,1
2023-06-30,Malaysia,Segamat,6
2023-09-27,Malaysia,Kuala Selangor,2
2023-06-13,Malaysia,Kuala Langat,1
2023-02-22,Malaysia,Kota Bharu,6
2023-08-06,Malaysia,Muar,4
2023-08-06,Malaysia,Batu Pahat,1
2023-05-06,Malaysia,Kuala Lumpur,304
2023-05-06,Malaysia,Muar,3
2023-05-06,Malaysia,Tuaran,1
2023-09-13,Malaysia,Kuala Lumpur,430
2023-04-02,Malaysia,Seberang Perai Tengah,10
2023-04-02,Malaysia,Shah Alam,7
2023-04-02,Malaysia,Manjung,1
2023-06-27,Malaysia,Ranau,1
2023-06-26,Malaysia,Perlis,3
2023-06-26,Malaysia,Bentong,39
2023-06-26,Malaysia,Kuala Muda,8
2023-01-18,Malaysia,Jempol,4
2023-06-01,Malaysia,Perlis,7
2023-02-10,Malaysia,Pasir Putih,1
2023-10-30,Malaysia,Langkawi,111
2023-05-05,Malaysia,Tampin,1
2023-07-22,Malaysia,Kulim,1
2023-02-10,Malaysia,Muar,11
2023-01-14,Malaysia,Putrajaya,3
2023-06-12,Malaysia,Barat Daya,2
2023-06-12,Malaysia,Lawas,2
2023-06-14,Malaysia,Segamat,3
2023-06-15,Malaysia,Johor Bahru,268
2023-04-09,Malaysia,Langkawi,50
2023-06-28,Malaysia,Ledang,1
2023-06-28,Malaysia,Bachok,1
2023-06-28,Malaysia,Kuantan,1
2023-05-02,Malaysia,Seberang Perai Selatan,5
2023-05-07,Malaysia,Seremban,19
2023-05-07,Malaysia,Bentong,42
2023-05-07,Malaysia,Alor Gajah,2
2023-03-30,Malaysia,Seberang Perai Selatan,3
2023-03-30,Malaysia,Klang,6
2023-03-30,Malaysia,Larut and Matang,1
2023-02-23,Malaysia,Jempol,5
2023-01-03,Malaysia,Kuala Kangsar,1
2023-04-08,Malaysia,Batu Pahat,2
2023-11-09,Malaysia,Kuantan,8
2023-11-09,Malaysia,Barat Daya,15
2023-01-24,Malaysia,Port Dickson,22
2023-05-15,Malaysia,Kuching,25
2023-09-09,Malaysia,Semporna,1
2023-05-16,Malaysia,Hulu Langat,7
2023-05-16,Malaysia,Muar,5
2023-05-16,Malaysia,Miri,1
2023-01-16,Malaysia,Manjung,2
2023-01-16,Malaysia,Sandakan,1
2023-05-29,Malaysia,Seberang Perai Tengah,6
2023-09-06,Malaysia,Johor Bahru,261
2023-09-06,Malaysia,Batang Padang,4
2023-02-24,Malaysia,Kuala Pilah,5
2023-07-21,Malaysia,Miri,3
2023-01-11,Malaysia,Port Dickson,8
2023-01-11,Malaysia,Cameron Highlands,4
2023-05-01,Malaysia,Rompin,1
2023-09-05,Malaysia,Hulu Langat,5
2023-01-28,Malaysia,Kluang,4
2023-06-22,Malaysia,Ledang,1
2023-02-20,Malaysia,Penang Island,255
2023-06-21,Malaysia,Malacca City,153
2023-06-21,Malaysia,Marang,1
2023-11-06,Malaysia,Alor Gajah,2
2023-11-06,Malaysia,Hulu Langat,11
2023-05-03,Malaysia,Bentong,50
2023-06-10,Malaysia,Kuala Lumpur,361
2023-06-10,Malaysia,Muar,17
2023-06-10,Malaysia,Segamat,1
2023-06-24,Malaysia,Barat Daya,4
2023-06-10,Malaysia,Kerian,2
2023-01-12,Malaysia,Larut and Matang,1
2023-01-26,Malaysia,Bentong,16
2023-06-25,Malaysia,Port Dickson,27
2023-09-08,Malaysia,Kluang,14
2023-09-08,Malaysia,Rompin,2
2023-09-08,Malaysia,Kota Kinabalu,2
2023-07-31,Malaysia,Kuantan,2
2023-09-07,Malaysia,Seremban,35
2023-09-07,Malaysia,Kuantan,20
2023-07-30,Malaysia,Barat Daya,3
2023-02-17,Malaysia,Muar,14
2023-02-17,Malaysia,Seremban,45
2023-08-21,Malaysia,Kuching,23
2023-08-21,Malaysia,Batang Padang,5
2023-07-14,Malaysia,Kinta,36
2023-07-14,Malaysia,Seremban,31
2023-07-14,Malaysia,Bintulu,2
2023-07-14,Malaysia,Mersing,5
2023-04-30,Malaysia,Kota Bharu,1
2023-10-23,Malaysia,Segamat,3
2023-06-07,Malaysia,Perlis,3
2023-07-28,Malaysia,Hulu Langat,8
2023-07-28,Malaysia,Pasir Putih,2
2023-02-02,Malaysia,Larut and Matang,1
2023-02-02,Malaysia,Batu Pahat,18
2023-02-02,Malaysia,Bintulu,4
2023-02-02,Malaysia,Jempol,2
2023-03-23,Malaysia,Klang,3
2023-03-23,Malaysia,Kuala Langat,4
2023-08-20,Malaysia,Klang,2
2023-02-16,Malaysia,Dungun,2
2023-07-13,Malaysia,Malacca City,171
2023-07-13,Malaysia,Klang,12
2023-07-13,Malaysia,Keningau,2
2023-01-09,Malaysia,Kota Bharu,7
2023-02-01,Malaysia,Perlis,2
2023-02-01,Malaysia,Tawau,1
2023-02-01,Malaysia,Pontian,1
2023-03-22,Malaysia,Segamat,2
2023-06-06,Malaysia,Perlis,1
2023-02-15,Malaysia,Kulim,1
2023-02-15,Malaysia,Maran,1
2023-02-05,Malaysia,Kuala Langat,1
2023-07-02,Malaysia,Penang Island,156
2023-02-19,Malaysia,Ranau,3
2023-10-21,Malaysia,Seberang Perai Selatan,2
2023-03-25,Malaysia,Pontian,7
2023-06-09,Malaysia,Ledang,1
2023-08-22,Malaysia,Bentong,35
2023-08-22,Malaysia,Tuaran,1
2023-07-15,Malaysia,Barat Daya,6
2023-02-18,Malaysia,Segamat,6
2023-07-01,Malaysia,Kuching,35
2023-07-15,Malaysia,Batang Padang,4
2023-10-22,Malaysia,Putrajaya,3
2023-10-22,Malaysia,Johor Bahru,149
2023-07-29,Malaysia,Miri,12
2023-03-10,Malaysia,Kampar,4
2023-03-10,Malaysia,Kudat,1
2023-03-10,Malaysia,Lahad Datu,2
2023-06-08,Malaysia,Kota Bharu,2
2023-02-03,Malaysia,Kuala Muda,24
2023-01-06,Malaysia,Kinta,38
2023-07-24,Malaysia,Segamat,2
2023-06-03,Malaysia,Barat Daya,13
2023-06-03,Malaysia,Kota Tinggi,20
2023-06-17,Malaysia,Kota Kinabalu,11
2023-01-05,Malaysia,Port Dickson,8
2023-01-05,Malaysia,Alor Gajah,1
2023-08-30,Malaysia,Sabak Bernam,2
2023-01-19,Malaysia,Penang Island,118
2023-01-19,Malaysia,Kubang Pasu,2
2023-06-16,Malaysia,Manjung,9
2023-05-09,Malaysia,Langkawi,66
2023-05-09,Malaysia,Barat Daya,1
2023-02-11,Malaysia,Kota Kinabalu,35
2023-02-11,Malaysia,Kota Bharu,8
2023-07-12,Malaysia,Kuala Selangor,3
2023-07-26,Malaysia,Langkawi,73
2023-02-14,Malaysia,Keningau,3
2023-03-21,Malaysia,Kuala Pilah,1
2023-03-21,Malaysia,Marang,3
2023-02-28,Malaysia,Shah Alam,36
2023-02-28,Malaysia,Seremban,48
2023-02-28,Malaysia,Sibu,1
2023-02-28,Malaysia,Tampin,1
2023-06-04,Malaysia,Seberang Perai Tengah,5
2023-07-11,Malaysia,Kuching,23
2023-07-11,Malaysia,Kuala Muda,7
2023-07-11,Malaysia,Kluang,11
2023-03-20,Malaysia,Penampang,3
2023-06-18,Malaysia,Jempol,1
2023-07-10,Malaysia,Kota Setar,3
2023-07-25,Malaysia,Malacca City,195
2023-04-25,Malaysia,Labuan,1
2023-10-17,Malaysia,Bintulu,1
2023-10-17,Malaysia,Kulaijaya,19
2023-10-17,Malaysia,Sabak Bernam,1
2023-10-03,Malaysia,Shah Alam,15
2023-03-18,Malaysia,Pekan,1
2023-08-29,Malaysia,Cameron Highlands,6
2023-03-03,Malaysia,Shah Alam,28
2023-07-08,Malaysia,Kluang,6
2023-07-08,Malaysia,Miri,6
2023-03-03,Malaysia,Keningau,1
2023-04-10,Malaysia,Pekan,1
2023-04-10,Malaysia,Klang,10
2023-04-24,Malaysia,Labuan,1
2023-10-04,Malaysia,Putrajaya,2
2023-03-17,Malaysia,Kampar,3
2023-03-17,Malaysia,Jempol,1
2023-03-17,Malaysia,Manjung,4
2023-05-30,Malaysia,Tampin,3
2023-05-30,Malaysia,Kuantan,6
2023-07-07,Malaysia,Cameron Highlands,5
2023-07-07,Malaysia,Ledang,1
2023-08-14,Malaysia,Barat Daya,1
2023-03-02,Malaysia,Kuala Pilah,2
2023-03-02,Malaysia,Barat Daya,18
2023-03-02,Malaysia,Kuala Terengganu,1
2023-10-19,Malaysia,Perlis,2
2023-11-11,Malaysia,Klang,52
2023-11-11,Malaysia,Johor Bahru,250
2023-10-29,Malaysia,Manjung,1
2023-04-27,Malaysia,Shah Alam,14
2023-04-27,Malaysia,Besut,1
2023-08-17,Malaysia,Malacca City,135
2023-10-01,Malaysia,Kota Setar,11
2023-09-24,Malaysia,Miri,1
2023-09-24,Malaysia,Langkawi,84
2023-10-16,Malaysia,Kubang Pasu,2
2023-10-16,Malaysia,Kuala Lumpur,551
2023-10-16,Malaysia,Kuala Selangor,1
2023-03-05,Malaysia,Perak Tengah,1
2023-04-12,Malaysia,Kota Kinabalu,8
2023-04-12,Malaysia,Mersing,2
2023-04-12,Malaysia,Sabak Bernam,1
2023-10-02,Malaysia,Seberang Perai Utara,1
2023-08-02,Malaysia,Pendang,1
2023-04-26,Malaysia,Hulu Langat,10
2023-09-23,Malaysia,Malacca City,150
2023-08-16,Malaysia,Lawas,1
2023-10-27,Malaysia,Seberang Perai Utara,1
2023-04-11,Malaysia,Kampar,13
2023-04-11,Malaysia,Seberang Perai Utara,1
2023-04-11,Malaysia,Kota Tinggi,5
2023-10-13,Malaysia,Batu Pahat,3
2023-10-13,Malaysia,Shah Alam,12
2023-02-07,Malaysia,Kuala Selangor,1
2023-02-07,Malaysia,Kuala Pilah,4
2023-02-07,Malaysia,Batu Pahat,3
2023-07-04,Malaysia,Klang,11
2023-03-28,Malaysia,Seberang Perai Selatan,4
2023-03-28,Malaysia,Kota Kinabalu,12
2023-03-28,Malaysia,Kluang,4
2023-07-18,Malaysia,Malacca City,174
2023-11-20,Malaysia,Kuala Lumpur,586
2023-02-06,Malaysia,Kulaijaya,4
2023-03-13,Malaysia,Labuan,1
2023-03-13,Malaysia,Ranau,1
2023-10-28,Malaysia,Shah Alam,15
2023-10-28,Malaysia,Kuala Muda,3
2023-10-28,Malaysia,Kuala Pilah,1
2023-08-24,Malaysia,Kuching,21
2023-07-17,Malaysia,Kuala Terengganu,5
2023-03-12,Malaysia,Kota Tinggi,6
2023-11-21,Malaysia,Temerloh,5
2023-11-21,Malaysia,Putrajaya,1
2023-11-21,Malaysia,Kota Tinggi,45
2023-11-21,Malaysia,Kuala Lumpur,587
2023-03-16,Malaysia,Batu Pahat,3
2023-02-09,Malaysia,Jempol,4
2023-02-09,Malaysia,Temerloh,1
2023-07-06,Malaysia,Johor Bahru,402
2023-03-15,Malaysia,Johor Bahru,218
2023-03-15,Malaysia,Seberang Perai Selatan,2
2023-03-15,Malaysia,Ranau,5
2023-08-12,Malaysia,Seremban,27
2023-08-12,Malaysia,Tuaran,1
2023-03-29,Malaysia,Perlis,1
2023-03-01,Malaysia,Cameron Highlands,4
2023-07-19,Malaysia,Mersing,3
2023-07-19,Malaysia,Kota Kinabalu,3
2023-07-05,Malaysia,Kota Bharu,6
2023-03-14,Malaysia,Kuantan,10
2023-11-04,Malaysia,Kota Bharu,7
2023-09-02,Malaysia,Penang Island,152
2023-09-02,Malaysia,Kinta,32
2023-09-16,Malaysia,Shah Alam,7
2023-08-09,Malaysia,Hulu Langat,12
2023-05-26,Malaysia,Kota Bharu,1
2023-05-25,Malaysia,Kota Tinggi,36
2023-09-01,Malaysia,Seremban,49
2023-01-20,Malaysia,Kota Bharu,1
2023-09-15,Malaysia,Kuala Pilah,2
2023-09-15,Malaysia,Kuantan,13
2023-09-15,Malaysia,Kemaman,1
2023-09-15,Malaysia,Kota Kinabalu,1
2023-04-18,Malaysia,Langkawi,61
2023-09-29,Malaysia,Johor Bahru,264
2023-09-29,Malaysia,Batu Pahat,10
2023-05-10,Malaysia,Tawau,1
2023-08-08,Malaysia,Perlis,2
2023-11-02,Malaysia,Kinta,43
2023-11-02,Malaysia,Hulu Langat,7
2023-11-16,Malaysia,Jempol,3
2023-09-29,Malaysia,Kampar,9
2023-06-20,Malaysia,Batang Padang,5
2023-01-22,Malaysia,Penang Island,93
2023-11-18,Malaysia,Genting Highlands,44
2023-11-18,Malaysia,Kulaijaya,15
2023-11-18,Malaysia,Seberang Perai Utara,5
2023-09-17,Malaysia,Rompin,1
2023-05-14,Malaysia,Langkawi,70
2023-05-27,Malaysia,Kulim,2
2023-09-03,Malaysia,Penang Island,140
2023-11-14,Malaysia,Kota Tinggi,19
2023-11-14,Malaysia,Penang Island,302
2023-09-17,Malaysia,Kluang,2
2023-04-15,Malaysia,Malacca City,132
2023-04-15,Malaysia,Seberang Perai Utara,1
2023-10-07,Malaysia,Penang Island,213
2023-11-01,Malaysia,Kota Tinggi,27
2023-11-01,Malaysia,Kuala Pilah,1
2023-11-01,Malaysia,Penang Island,300
2023-05-12,Malaysia,Kuala Selangor,1
2023-04-14,Malaysia,Kota Kinabalu,17
2023-04-14,Malaysia,Kota Tinggi,5
2023-08-05,Malaysia,Kota Bharu,6
2023-01-31,Malaysia,Ranau,1
2023-09-11,Malaysia,Langkawi,78
2023-05-20,Malaysia,Shah Alam,25
2023-04-28,Malaysia,Kota Setar,10
2023-03-08,Malaysia,Seberang Perai Utara,1
2023-11-15,Malaysia,Kampar,5
2023-08-04,Malaysia,Kuching,20
2023-08-04,Malaysia,Malacca City,159
2023-08-04,Malaysia,Kuala Langat,1
2023-08-04,Malaysia,Kota Bharu,3
2023-04-13,Malaysia,Kulaijaya,11
2023-09-25,Malaysia,Miri,1
2023-06-30,Malaysia,Malacca City,154
2023-09-14,Malaysia,Kota Bharu,2
2023-09-28,Malaysia,Kampar,4
2023-09-28,Malaysia,Temerloh,2
2023-09-28,Malaysia,Perak Tengah,1
2023-11-13,Malaysia,Kuantan,8
2023-11-13,Malaysia,Kota Setar,16
2023-08-07,Malaysia,Batu Pahat,3
2023-04-17,Malaysia,Klang,5
2023-04-17,Malaysia,Kuantan,5
2023-05-24,Malaysia,Kota Setar,3
2023-05-24,Malaysia,Kuantan,4
2023-04-16,Malaysia,Klang,11
2023-04-16,Malaysia,Kota Tinggi,3
2023-04-16,Malaysia,Pasir Putih,1
2023-05-23,Malaysia,Johor Bahru,371
2023-05-23,Malaysia,Ledang,1
2023-04-03,Malaysia,Langkawi,52
2023-04-03,Malaysia,Kuala Terengganu,1
2023-06-30,Malaysia,Seremban,25
2023-03-09,Malaysia,Tawau,3
2023-11-12,Malaysia,Kota Tinggi,39
2023-11-12,Malaysia,Batu Pahat,14
2023-02-22,Malaysia,Kuala Terengganu,2
2023-02-22,Malaysia,Jempol,4
2023-08-06,Malaysia,Semporna,1
2023-08-06,Malaysia,Manjung,2
2023-04-02,Malaysia,Kuala Muda,3
2023-06-27,Malaysia,Kulaijaya,8
2023-06-26,Malaysia,Kuala Lumpur,436
2023-06-26,Malaysia,Kuching,29
2023-05-05,Malaysia,Langkawi,55
2023-05-05,Malaysia,Kinta,45
2023-01-18,Malaysia,Muar,7
2023-02-21,Malaysia,Kuala Muda,17
2023-06-01,Malaysia,Semporna,2
2023-06-11,Malaysia,Kota Kinabalu,11
2023-06-11,Malaysia,Kubang Pasu,2
2023-06-11,Malaysia,Keningau,6
2023-06-11,Malaysia,Kuantan,5
2023-06-11,Malaysia,Dungun,3
2023-01-29,Malaysia,Batu Pahat,9
2023-02-10,Malaysia,Perlis,3
2023-03-31,Malaysia,Kinta,30
2023-03-31,Malaysia,Kota Kinabalu,14
2023-03-31,Malaysia,Marang,1
2023-06-29,Malaysia,Kinta,22
2023-05-19,Malaysia,Kota Bharu,2
2023-05-08,Malaysia,Kuala Pilah,2
2023-01-15,Malaysia,Bentong,10
2023-01-02,Malaysia,Kota Setar,12
2023-01-02,Malaysia,Kubang Pasu,1
2023-06-14,Malaysia,Semporna,1
2023-06-15,Malaysia,Bentong,62
2023-06-15,Malaysia,Langkawi,45
2023-04-09,Malaysia,Pontian,2
2023-04-09,Malaysia,Keningau,2
2023-06-23,Malaysia,Johor Bahru,284
2023-06-28,Malaysia,Malacca City,150
2023-06-28,Malaysia,Manjung,2
2023-07-20,Malaysia,Kuching,24
2023-05-07,Malaysia,Hulu Langat,7
2023-02-23,Malaysia,Penang Island,235
2023-02-23,Malaysia,Maran,2
2023-01-03,Malaysia,Manjung,1
2023-04-08,Malaysia,Kota Setar,5
2023-04-08,Malaysia,Pasir Putih,1
2023-11-09,Malaysia,Kinta,65
2023-11-09,Malaysia,Johor Bahru,227
2023-05-15,Malaysia,Kuala Terengganu,4
2023-05-16,Malaysia,Kota Tinggi,15
2023-01-16,Malaysia,Langkawi,46
2023-01-16,Malaysia,Port Dickson,12
2023-05-15,Malaysia,Miri,1
2023-01-25,Malaysia,Bentong,19
2023-02-24,Malaysia,Segamat,3
2023-07-21,Malaysia,Seberang Perai Tengah,14
2023-05-01,Malaysia,Seberang Perai Selatan,3
2023-09-05,Malaysia,Barat Daya,4
2023-01-13,Malaysia,Muar,9
2023-05-18,Malaysia,Kota Bharu,1
2023-06-22,Malaysia,Tampin,2
2023-11-07,Malaysia,Batang Padang,4
2023-05-04,Malaysia,Lawas,1
2023-11-06,Malaysia,Barat Daya,8
2023-11-06,Malaysia,Batang Padang,2
2023-06-10,Malaysia,Penang Island,186
2023-06-10,Malaysia,Kuching,47
2023-06-24,Malaysia,Cameron Highlands,2
2023-06-10,Malaysia,Kanowit,1
2023-01-12,Malaysia,Seberang Perai Selatan,4
2023-01-12,Malaysia,Kota Kinabalu,5
2023-06-25,Malaysia,Kota Tinggi,7
2023-06-25,Malaysia,Shah Alam,9
2023-05-17,Malaysia,Hulu Langat,6
2023-05-17,Malaysia,Kampar,4
2023-05-17,Malaysia,Alor Gajah,1
2023-09-08,Malaysia,Seberang Perai Tengah,3
2023-09-07,Malaysia,Kuala Lumpur,483
2023-11-08,Malaysia,Ledang,1
2023-11-08,Malaysia,Temerloh,2
2023-02-17,Malaysia,Tampin,1
2023-08-21,Malaysia,Kampar,6
2023-08-21,Malaysia,Dungun,1
2023-07-14,Malaysia,Pontian,1
2023-07-14,Malaysia,Batang Padang,9
2023-04-30,Malaysia,Kulaijaya,10
2023-10-23,Malaysia,Kuala Selangor,1
2023-06-07,Malaysia,Kampar,8
2023-06-07,Malaysia,Klang,8
2023-02-02,Malaysia,Kuala Terengganu,4
2023-08-20,Malaysia,Kuching,15
2023-02-16,Malaysia,Penampang,2
2023-10-24,Malaysia,Kinta,31
2023-10-24,Malaysia,Lawas,1
2023-10-24,Malaysia,Barat Daya,4
2023-02-01,Malaysia,Serian,2
2023-03-22,Malaysia,Kuala Muda,4
2023-06-06,Malaysia,Batu Pahat,12
2023-07-27,Malaysia,Kuala Lumpur,553
2023-10-10,Malaysia,Kulaijaya,19
2023-02-05,Malaysia,Shah Alam,13
2023-08-23,Malaysia,Seremban,35
2023-03-26,Malaysia,Kota Kinabalu,10
2023-02-04,Malaysia,Hulu Langat,10
2023-02-04,Malaysia,Bintulu,6
2023-02-04,Malaysia,Kuala Terengganu,3
2023-02-04,Malaysia,Tuaran,1
2023-10-21,Malaysia,Seberang Perai Tengah,13
2023-06-09,Malaysia,Kota Tinggi,13
2023-06-09,Malaysia,Pontian,1
2023-07-01,Malaysia,Manjung,2
2023-07-01,Malaysia,Segamat,1
2023-10-22,Malaysia,Tawau,1
2023-03-10,Malaysia,Bera,1
2023-06-08,Malaysia,Kuantan,12
2023-03-24,Malaysia,Kota Marudu,2
2023-02-03,Malaysia,Ledang,3
2023-01-06,Malaysia,Kuala Muda,16
2023-02-27,Malaysia,Maran,2
2023-02-27,Malaysia,Rompin,1
2023-07-24,Malaysia,Tampin,2
2023-02-12,Malaysia,Semporna,1
2023-02-12,Malaysia,Tanah Merah,1
2023-01-05,Malaysia,Seberang Perai Tengah,4
2023-02-26,Malaysia,Muar,13
2023-08-30,Malaysia,Kuala Selangor,5
2023-01-19,Malaysia,Hulu Langat,9
2023-06-02,Malaysia,Tampin,3
2023-06-02,Malaysia,Kota Tinggi,8
2023-06-02,Malaysia,Pontian,2
2023-05-09,Malaysia,Kuala Lumpur,361
2023-02-11,Malaysia,Hulu Langat,12
2023-02-11,Malaysia,Ledang,1
2023-10-20,Malaysia,Seberang Perai Utara,2
2023-07-12,Malaysia,Kuala Lumpur,539
2023-06-05,Malaysia,Kuching,21
2023-06-05,Malaysia,Johor Bahru,240
2023-06-05,Malaysia,Batu Pahat,12
2023-06-05,Malaysia,Tambunan,1
2023-01-04,Malaysia,Port Dickson,5
2023-01-08,Malaysia,Muar,8
2023-06-19,Malaysia,Kampar,4
2023-06-19,Malaysia,Batang Padang,1
2023-07-26,Malaysia,Kuala Terengganu,11
2023-02-14,Malaysia,Kota Kinabalu,59
2023-10-31,Malaysia,Port Dickson,45
2023-03-21,Malaysia,Hulu Langat,8
2023-03-21,Malaysia,Kuala Muda,5
2023-02-28,Malaysia,Keningau,2
2023-02-28,Malaysia,Manjung,4
2023-06-04,Malaysia,Penang Island,121
2023-06-04,Malaysia,Kuala Lumpur,386
2023-07-11,Malaysia,Sibu,1
2023-03-20,Malaysia,Penang Island,133
2023-03-20,Malaysia,Klang,1
2023-06-18,Malaysia,Batang Padang,1
2023-07-10,Malaysia,Mersing,4
2023-07-25,Malaysia,Klang,11
2023-02-13,Malaysia,Kemaman,3
2023-02-13,Malaysia,Kota Bharu,11
2023-04-25,Malaysia,Tawau,4
2023-04-25,Malaysia,Pontian,1
2023-04-25,Malaysia,Lawas,2
2023-10-17,Malaysia,Penang Island,212
2023-08-01,Malaysia,Kuching,32
2023-08-01,Malaysia,Kuala Krai,1
2023-10-03,Malaysia,Seberang Perai Selatan,11
2023-10-03,Malaysia,Perak Tengah,1
2023-03-18,Malaysia,Jasin,1
2023-03-18,Malaysia,Sibu,1
2023-08-15,Malaysia,Tampin,1
2023-08-15,Malaysia,Putrajaya,5
2023-08-29,Malaysia,Bentong,22
2023-05-31,Malaysia,Bintulu,11
2023-05-31,Malaysia,Sandakan,1
2023-05-31,Malaysia,Bentong,42
2023-03-03,Malaysia,Penang Island,325
2023-03-03,Malaysia,Kuantan,39
2023-07-08,Malaysia,Rompin,2
2023-11-10,Malaysia,Temerloh,1
2023-10-04,Malaysia,Manjung,2
2023-10-04,Malaysia,Kulaijaya,16
2023-03-17,Malaysia,Barat Daya,8
2023-03-17,Malaysia,Alor Gajah,1
2023-10-18,Malaysia,Kampar,3
2023-10-18,Malaysia,Kuala Lumpur,499
2023-05-30,Malaysia,Port Dickson,42
2023-05-30,Malaysia,Temerloh,10
2023-05-30,Malaysia,Sibu,9
2023-05-30,Malaysia,Lawas,4
2023-07-07,Malaysia,Johor Bahru,411
2023-07-07,Malaysia,Kinta,63
2023-07-07,Malaysia,Samarahan,1
2023-08-14,Malaysia,Kluang,5
2023-08-28,Malaysia,Kota Kinabalu,3
2023-03-02,Malaysia,Kuala Muda,11
2023-10-19,Malaysia,Kuala Lumpur,559
2023-10-19,Malaysia,Penang Island,196
2023-04-23,Malaysia,Tawau,1
2023-11-11,Malaysia,Kubang Pasu,1
2023-11-11,Malaysia,Kuala Lumpur,652
2023-10-29,Malaysia,Kuching,14
2023-10-29,Malaysia,Putrajaya,2
2023-10-29,Malaysia,Kota Bharu,19
2023-04-27,Malaysia,Batu Pahat,2
2023-10-15,Malaysia,Kuala Muda,4
2023-08-17,Malaysia,Seberang Perai Tengah,7
2023-10-01,Malaysia,Kinta,50
2023-10-01,Malaysia,Rompin,1
2023-11-22,Malaysia,Kuantan,1
2023-09-24,Malaysia,Kota Setar,15
2023-10-16,Malaysia,Shah Alam,25
2023-03-05,Malaysia,Penang Island,224
2023-03-05,Malaysia,Temerloh,1
2023-04-12,Malaysia,Seberang Perai Utara,2
2023-04-12,Malaysia,Raub,1
2023-04-12,Malaysia,Ranau,3
2023-03-19,Malaysia,Ledang,1
2023-08-02,Malaysia,Cameron Highlands,3
2023-07-09,Malaysia,Klang,5
2023-07-09,Malaysia,Kuala Muda,5
2023-10-27,Malaysia,Kota Kinabalu,2
2023-10-27,Malaysia,Genting Highlands,53
2023-04-11,Malaysia,Penang Island,208
2023-04-11,Malaysia,Johor Bahru,238
2023-04-11,Malaysia,Pontian,1
2023-04-11,Malaysia,Pasir Putih,1
2023-08-11,Malaysia,Seberang Perai Tengah,2
2023-03-28,Malaysia,Kulaijaya,12
2023-03-28,Malaysia,Langkawi,51
2023-03-28,Malaysia,Kota Setar,9
2023-04-20,Malaysia,Pontian,2
2023-07-18,Malaysia,Kota Bharu,1
2023-11-20,Malaysia,Kinta,49
2023-11-20,Malaysia,Klang,22
2023-11-20,Malaysia,Kota Setar,15
2023-03-27,Malaysia,Malacca City,99
2023-03-27,Malaysia,Penampang,2
2023-03-27,Malaysia,Bentong,39
2023-02-06,Malaysia,Seberang Perai Tengah,3
2023-07-03,Malaysia,Kuching,39
2023-07-03,Malaysia,Kota Setar,5
2023-07-03,Malaysia,Kuantan,9
2023-10-28,Malaysia,Tuaran,1
2023-10-14,Malaysia,Seberang Perai Selatan,8
2023-08-24,Malaysia,Batu Pahat,7
2023-07-17,Malaysia,Penang Island,223
2023-07-17,Malaysia,Kota Bharu,2
2023-07-17,Malaysia,Bachok,2
2023-11-21,Malaysia,Manjung,3
2023-11-21,Malaysia,Seremban,29
2023-03-16,Malaysia,Seremban,36
2023-03-16,Malaysia,Bera,2
2023-10-25,Malaysia,Putrajaya,3
2023-09-20,Malaysia,Kuala Muda,1
2023-09-30,Malaysia,Sabak Bernam,2
2023-09-30,Malaysia,Perak Tengah,4
2023-10-11,Malaysia,Kuantan,15
2023-02-09,Malaysia,Bentong,22
2023-02-09,Malaysia,Kubang Pasu,6
2023-02-09,Malaysia,Kota Belud,1
2023-08-27,Malaysia,Kota Setar,2
2023-08-27,Malaysia,Hulu Langat,3
2023-08-13,Malaysia,Kuching,15
2023-08-13,Malaysia,Batang Padang,1
2023-10-26,Malaysia,Kuantan,16
2023-10-26,Malaysia,Alor Gajah,1
2023-10-26,Malaysia,Kota Tinggi,25
2023-10-26,Malaysia,Seberang Perai Utara,3
2023-08-12,Malaysia,Kluang,3
2023-02-08,Malaysia,Johor Bahru,342
2023-02-08,Malaysia,Tawau,8
2023-04-21,Malaysia,Shah Alam,2
2023-10-12,Malaysia,Kuantan,8
2023-07-05,Malaysia,Tampin,2
2023-03-14,Malaysia,Klang,4
2023-04-05,Malaysia,Kulim,1
2023-11-04,Malaysia,Kuala Muda,6
2023-11-04,Malaysia,Port Dickson,43
2023-11-04,Malaysia,Malacca City,153
2023-09-02,Malaysia,Port Dickson,38
2023-09-02,Malaysia,Sabak Bernam,2
2023-09-02,Malaysia,Kota Bharu,1
2023-01-21,Malaysia,Seberang Perai Utara,1
2023-04-19,Malaysia,Kulaijaya,16
2023-08-09,Malaysia,Shah Alam,2
2023-05-26,Malaysia,Muar,8
2023-05-26,Malaysia,Kubang Pasu,4
2023-05-11,Malaysia,Hulu Langat,3
2023-05-11,Malaysia,Jempol,2
2023-05-11,Malaysia,Alor Gajah,1
2023-05-25,Malaysia,Shah Alam,23
2023-05-25,Malaysia,Sandakan,7
2023-04-04,Malaysia,Keningau,1
2023-09-15,Malaysia,Seberang Perai Selatan,10
2023-04-18,Malaysia,Kota Kinabalu,9
2023-11-16,Malaysia,Kulim,1
2023-09-29,Malaysia,Rompin,4
2023-11-05,Malaysia,Kinta,39
2023-11-05,Malaysia,Kuala Muda,14
2023-05-10,Malaysia,Jempol,2
2023-05-10,Malaysia,Ranau,1
2023-04-07,Malaysia,Sabak Bernam,1
2023-04-07,Malaysia,Mersing,2
2023-04-07,Malaysia,Putrajaya,1
2023-08-08,Malaysia,Hulu Langat,6
2023-11-02,Malaysia,Langkawi,88
2023-11-02,Malaysia,Putrajaya,2
2023-11-16,Malaysia,Sabak Bernam,5
2023-09-29,Malaysia,Perak Tengah,1
2023-01-23,Malaysia,Barat Daya,1
2023-01-23,Malaysia,Labuan,2
2023-11-17,Malaysia,Segamat,1
2023-11-17,Malaysia,Langkawi,82
2023-11-17,Malaysia,Hulu Langat,3
2023-11-17,Malaysia,Seberang Perai Selatan,17
2023-09-17,Malaysia,Kota Setar,5
2023-09-17,Malaysia,Kampar,4
2023-05-28,Malaysia,Muar,12
2023-05-28,Malaysia,Manjung,3
2023-05-14,Malaysia,Kuala Muda,1
2023-09-19,Malaysia,Perlis,1
2023-05-27,Malaysia,Penang Island,193
2023-05-27,Malaysia,Mersing,1
2023-05-27,Malaysia,Kuantan,3
2023-05-12,Malaysia,Penang Island,206
2023-05-12,Malaysia,Rompin,1
2023-05-12,Malaysia,Ranau,2
2023-05-12,Malaysia,Bentong,26
2023-11-14,Malaysia,Port Dickson,32
2023-04-15,Malaysia,Kuching,29
2023-04-15,Malaysia,Kuala Selangor,2
2023-04-15,Malaysia,Perak Tengah,1
2023-04-15,Malaysia,Batang Padang,1
2023-04-15,Malaysia,Kemaman,1
2023-04-06,Malaysia,Cameron Highlands,3
2023-04-06,Malaysia,Bintulu,1
2023-10-07,Malaysia,Kuala Terengganu,10
2023-03-08,Malaysia,Bentong,47
2023-03-08,Malaysia,Seremban,33
2023-05-21,Malaysia,Hulu Langat,5
2023-05-21,Malaysia,Pontian,3
2023-01-31,Malaysia,Malacca City,142
2023-01-31,Malaysia,Penampang,1
2023-01-31,Malaysia,Hulu Selangor,1
2023-11-01,Malaysia,Kota Setar,13
2023-08-19,Malaysia,Penang Island,124
2023-01-31,Malaysia,Besut,1
2023-09-11,Malaysia,Kinta,57
2023-05-20,Malaysia,Kuching,39
2023-05-20,Malaysia,Keningau,3
2023-04-28,Malaysia,Kuala Muda,8
2023-04-28,Malaysia,Manjung,1
2023-11-15,Malaysia,Seberang Perai Selatan,9
2023-03-07,Malaysia,Muar,4
2023-08-18,Malaysia,Semporna,1
2023-08-18,Malaysia,Kuala Terengganu,11
2023-08-18,Malaysia,Alor Gajah,2
2023-04-13,Malaysia,Port Dickson,9
2023-04-13,Malaysia,Muar,1
2023-09-25,Malaysia,Jempol,6
2023-09-25,Malaysia,Kota Setar,10
2023-09-25,Malaysia,Kuala Muda,4
2023-09-25,Malaysia,Port Dickson,34
2023-10-09,Malaysia,Muar,7
2023-10-09,Malaysia,Kulaijaya,17
2023-09-28,Malaysia,Kota Setar,10
2023-10-06,Malaysia,Perlis,4
2023-10-06,Malaysia,Muar,6
2023-10-06,Malaysia,Bentong,1
2023-10-06,Malaysia,Kuala Terengganu,4
2023-10-06,Malaysia,Kluang,9
2023-05-24,Malaysia,Kuching,33
2023-05-24,Malaysia,Kota Kinabalu,15
2023-05-24,Malaysia,Batu Pahat,20
2023-06-30,Malaysia,Batu Pahat,4
2023-10-05,Malaysia,Kudat,1
2023-10-05,Malaysia,Ledang,1
2023-10-05,Malaysia,Kota Setar,7
2023-06-13,Malaysia,Raub,7
2023-05-22,Malaysia,Pekan,1
2023-11-12,Malaysia,Muar,6
2023-02-22,Malaysia,Seremban,35
2023-05-22,Malaysia,Kampar,6
2023-05-22,Malaysia,Kota Tinggi,15
2023-06-27,Malaysia,Raub,1
2023-01-18,Malaysia,Seberang Perai Selatan,1
2023-02-21,Malaysia,Kota Bharu,7
2023-02-21,Malaysia,Ranau,2
2023-06-01,Malaysia,Klang,4
2023-06-11,Malaysia,Kuala Muda,10
2023-02-10,Malaysia,Kota Kinabalu,53
2023-02-10,Malaysia,Ledang,3
2023-01-29,Malaysia,Kota Bharu,2
2023-07-22,Malaysia,Cameron Highlands,1
2023-02-10,Malaysia,Kota Setar,6
2023-03-31,Malaysia,Penang Island,158
2023-06-29,Malaysia,Ledang,1
2023-06-29,Malaysia,Kuala Terengganu,4
2023-05-19,Malaysia,Kulim,2
2023-05-08,Malaysia,Tampin,3
2023-01-15,Malaysia,Kinta,28
2023-01-15,Malaysia,Kuantan,7
2023-01-15,Malaysia,Klang,8
2023-01-14,Malaysia,Kuala Pilah,1
2023-01-17,Malaysia,Mersing,2
2023-01-02,Malaysia,Seberang Perai Utara,2
2023-06-14,Malaysia,Kota Kinabalu,12
2023-06-14,Malaysia,Kubang Pasu,2
2023-06-15,Malaysia,Muar,12
2023-07-20,Malaysia,Miri,1
2023-05-07,Malaysia,Shah Alam,11
2023-03-30,Malaysia,Kuantan,21
2023-03-30,Malaysia,Lawas,1
2023-02-23,Malaysia,Rompin,3
2023-05-15,Malaysia,Kota Setar,2
2023-05-16,Malaysia,Malacca City,151
2023-01-16,Malaysia,Kampar,6
2023-01-16,Malaysia,Kuala Muda,1
2023-01-16,Malaysia,Ledang,6
2023-01-16,Malaysia,Kota Bharu,5
2023-09-05,Malaysia,Johor Bahru,234
2023-01-25,Malaysia,Temerloh,2
2023-09-06,Malaysia,Batu Pahat,8
2023-09-06,Malaysia,Hulu Langat,2
2023-02-24,Malaysia,Perlis,3
2023-07-21,Malaysia,Langkawi,43
2023-05-01,Malaysia,Seberang Perai Tengah,14
2023-05-18,Malaysia,Kuala Lumpur,391
2023-06-22,Malaysia,Barat Daya,4
2023-06-22,Malaysia,Batang Padang,1
2023-06-21,Malaysia,Kuantan,7
2023-06-21,Malaysia,Pekan,1
2023-11-06,Malaysia,Rompin,1
2023-05-03,Malaysia,Cameron Highlands,4
2023-01-27,Malaysia,Kuantan,11
2023-01-27,Malaysia,Kluang,2
2023-06-10,Malaysia,Kota Kinabalu,8
2023-01-12,Malaysia,Shah Alam,11
2023-01-12,Malaysia,Kuala Lumpur,244
2023-05-17,Malaysia,Port Dickson,23
2023-07-30,Malaysia,Kota Setar,3
2023-11-08,Malaysia,Klang,22
2023-02-17,Malaysia,Tawau,1
2023-08-21,Malaysia,Ranau,1
2023-08-21,Malaysia,Tampin,1
2023-07-14,Malaysia,Kuala Lumpur,488
2023-07-14,Malaysia,Shah Alam,29
2023-07-14,Malaysia,Klang,6
2023-10-23,Malaysia,Tampin,1
2023-10-23,Malaysia,Johor Bahru,175
2023-06-07,Malaysia,Rompin,2
2023-06-07,Malaysia,Tuaran,2
2023-07-28,Malaysia,Kota Tinggi,12
2023-07-28,Malaysia,Temerloh,2
2023-02-02,Malaysia,Seremban,41
2023-02-02,Malaysia,Kuala Muda,11
2023-03-23,Malaysia,Kinta,25
2023-03-23,Malaysia,Kuala Muda,1
2023-08-20,Malaysia,Kuala Muda,1
2023-02-16,Malaysia,Kulaijaya,14
2023-02-16,Malaysia,Sandakan,1
2023-07-13,Malaysia,Muar,5
2023-07-13,Malaysia,Tawau,2
2023-07-27,Malaysia,Barat Daya,5
2023-02-15,Malaysia,Kuala Lumpur,401
2023-02-15,Malaysia,Larut and Matang,4
2023-08-23,Malaysia,Kota Kinabalu,4
2023-07-02,Malaysia,Kota Setar,3
2023-03-26,Malaysia,Semporna,1
2023-03-11,Malaysia,Cameron Highlands,6
2023-07-16,Malaysia,Labuan,1
2023-07-16,Malaysia,Manjung,2
2023-02-04,Malaysia,Langkawi,53
2023-02-04,Malaysia,Kuching,20
2023-06-09,Malaysia,Cameron Highlands,7
2023-08-22,Malaysia,Seberang Perai Selatan,9
2023-08-22,Malaysia,Seremban,27
2023-07-15,Malaysia,Kota Setar,1
2023-07-15,Malaysia,Kuala Langat,1
2023-07-29,Malaysia,Batu Pahat,4
2023-07-29,Malaysia,Sabak Bernam,1
2023-03-10,Malaysia,Johor Bahru,310
2023-03-10,Malaysia,Rompin,1
2023-03-24,Malaysia,Tampin,2
2023-03-24,Malaysia,Pekan,1
2023-02-03,Malaysia,Kuala Lumpur,252
2023-02-03,Malaysia,Seberang Perai Selatan,5
2023-02-03,Malaysia,Machang,1
2023-01-06,Malaysia,Bentong,15
2023-07-24,Malaysia,Kota Tinggi,12
2023-06-03,Malaysia,Betong,1
2023-06-03,Malaysia,Perlis,2
2023-02-26,Malaysia,Segamat,7
2023-08-30,Malaysia,Klang,20
2023-07-23,Malaysia,Seberang Perai Selatan,3
2023-06-02,Malaysia,Batu Pahat,11
2023-06-02,Malaysia,Jempol,2
2023-06-16,Malaysia,Tuaran,2
2023-02-25,Malaysia,Kuala Lumpur,295
2023-02-25,Malaysia,Dungun,1
2023-05-09,Malaysia,Kanowit,1
2023-02-11,Malaysia,Larut and Matang,2
2023-10-20,Malaysia,Kuantan,19
2023-10-20,Malaysia,Temerloh,1
2023-10-20,Malaysia,Malacca City,145
2023-01-04,Malaysia,Kuala Muda,5
2023-07-12,Malaysia,Kota Kinabalu,8
2023-02-14,Malaysia,Kuantan,37
2023-10-31,Malaysia,Hulu Langat,2
2023-02-28,Malaysia,Batu Pahat,6
2023-02-28,Malaysia,Kota Tinggi,13
2023-02-28,Malaysia,Jempol,5
2023-06-04,Malaysia,Batu Pahat,6
2023-06-04,Malaysia,Keningau,1
2023-01-07,Malaysia,Seremban,19
2023-01-07,Malaysia,Cameron Highlands,3
2023-07-11,Malaysia,Johor Bahru,324
2023-07-11,Malaysia,Bintulu,2
2023-03-20,Malaysia,Seremban,22
2023-03-20,Malaysia,Port Dickson,5
2023-07-25,Malaysia,Perak Tengah,1
2023-02-13,Malaysia,Kubang Pasu,4
2023-02-13,Malaysia,Sibu,2
2023-08-31,Malaysia,Seremban,18
2023-08-31,Malaysia,Langkawi,42
2023-08-31,Malaysia,Kampar,2
2023-10-17,Malaysia,Klang,29
2023-08-01,Malaysia,Hulu Langat,13
2023-08-01,Malaysia,Kuala Selangor,1
2023-03-04,Malaysia,Kuala Langat,1
2023-03-18,Malaysia,Kinta,18
2023-03-18,Malaysia,Shah Alam,12
2023-03-18,Malaysia,Kota Bharu,3
2023-08-15,Malaysia,Port Dickson,43
2023-08-15,Malaysia,Johor Bahru,215
2023-08-15,Malaysia,Rompin,4
2023-08-29,Malaysia,Kuching,34
2023-08-29,Malaysia,Kinta,64
2023-08-29,Malaysia,Batang Padang,2
2023-03-03,Malaysia,Kulim,2
2023-03-03,Malaysia,Johor Bahru,317
2023-03-03,Malaysia,Port Dickson,46
2023-05-31,Malaysia,Bera,1
2023-07-08,Malaysia,Kinta,40
2023-07-08,Malaysia,Seremban,28
2023-07-08,Malaysia,Kota Kinabalu,2
2023-04-24,Malaysia,Johor Bahru,324
2023-04-24,Malaysia,Kota Setar,5
2023-04-24,Malaysia,Pekan,1
2023-04-24,Malaysia,Langkawi,76
2023-09-21,Malaysia,Manjung,2
2023-09-21,Malaysia,Hulu Langat,6
2023-10-04,Malaysia,Kinta,62
2023-05-30,Malaysia,Batang Padang,5
2023-05-30,Malaysia,Alor Gajah,1
2023-08-28,Malaysia,Malacca City,210
2023-08-28,Malaysia,Shah Alam,4
2023-03-02,Malaysia,Perak Tengah,2
2023-10-19,Malaysia,Klang,34
2023-10-15,Malaysia,Jempol,1
2023-08-03,Malaysia,Miri,1
2023-08-03,Malaysia,Bentong,34
2023-08-17,Malaysia,Bentong,25
2023-11-22,Malaysia,Kinta,3
2023-11-22,Malaysia,Shah Alam,4
2023-11-22,Malaysia,Kota Tinggi,6
2023-09-24,Malaysia,Muar,5
2023-09-24,Malaysia,Perlis,1
2023-09-24,Malaysia,Kota Tinggi,11
2023-09-24,Malaysia,Kubang Pasu,1
2023-03-05,Malaysia,Kuala Lumpur,564
2023-03-05,Malaysia,Pasir Putih,1
2023-04-12,Malaysia,Penampang,2
2023-10-02,Malaysia,Muar,19
2023-10-02,Malaysia,Sandakan,1
2023-08-02,Malaysia,Seberang Perai Tengah,5
2023-04-26,Malaysia,Malacca City,202
2023-09-23,Malaysia,Tampin,1
2023-08-16,Malaysia,Johor Bahru,209
2023-07-09,Malaysia,Kuala Terengganu,10
2023-07-09,Malaysia,Seberang Perai Utara,1
2023-04-11,Malaysia,Bera,1
2023-10-13,Malaysia,Genting Highlands,41
2023-10-13,Malaysia,Kuala Muda,1
2023-08-11,Malaysia,Seberang Perai Selatan,6
2023-07-04,Malaysia,Batu Pahat,6
2023-07-04,Malaysia,Segamat,1
2023-08-25,Malaysia,Barat Daya,16
2023-04-20,Malaysia,Tampin,1
2023-04-20,Malaysia,Shah Alam,12
2023-03-28,Malaysia,Ledang,2
2023-07-18,Malaysia,Pendang,1
2023-03-27,Malaysia,Pasir Putih,1
2023-08-10,Malaysia,Malacca City,147
2023-03-13,Malaysia,Kota Tinggi,6
2023-07-03,Malaysia,Seremban,11
2023-10-28,Malaysia,Kuala Selangor,1
2023-10-14,Malaysia,Bentong,4
2023-10-14,Malaysia,Perak Tengah,1
2023-08-24,Malaysia,Kulim,1
2023-07-17,Malaysia,Barat Daya,5
2023-11-21,Malaysia,Barat Daya,5
2023-11-21,Malaysia,Seberang Perai Selatan,14
2023-03-16,Malaysia,Barat Daya,9
2023-03-16,Malaysia,Besut,1
2023-10-25,Malaysia,Kuantan,28
2023-10-11,Malaysia,Kuala Pilah,2
2023-02-09,Malaysia,Penampang,5
2023-02-09,Malaysia,Kemaman,1
2023-07-06,Malaysia,Kuala Selangor,3
2023-08-13,Malaysia,Klang,3
2023-08-13,Malaysia,Kuala Terengganu,7
2023-10-26,Malaysia,Kuala Terengganu,10
2023-07-06,Malaysia,Muar,8
2023-07-06,Malaysia,Keningau,4
2023-03-15,Malaysia,Kulaijaya,14
2023-08-12,Malaysia,Kota Bharu,3
2023-04-22,Malaysia,Kinta,27
2023-03-29,Malaysia,Kuching,30
2023-03-29,Malaysia,Seremban,23
2023-02-08,Malaysia,Ledang,1
2023-02-08,Malaysia,Segamat,5
2023-08-26,Malaysia,Putrajaya,3
2023-04-21,Malaysia,Kinta,45
2023-04-21,Malaysia,Kampar,6
2023-07-19,Malaysia,Kuching,14
2023-07-05,Malaysia,Kuala Lumpur,510
2023-03-14,Malaysia,Kota Tinggi,10
2023-03-14,Malaysia,Kuala Lumpur,337
2023-04-05,Malaysia,Kubang Pasu,1
2023-09-02,Malaysia,Seremban,17
2023-11-19,Malaysia,Kuching,16
2023-04-19,Malaysia,Seberang Perai Selatan,6
2023-04-19,Malaysia,Shah Alam,4
2023-09-16,Malaysia,Kuala Terengganu,3
2023-08-09,Malaysia,Johor Bahru,171
2023-05-26,Malaysia,Kuala Pilah,3
2023-05-11,Malaysia,Kulaijaya,17
2023-05-11,Malaysia,Kota Setar,5
2023-05-25,Malaysia,Hulu Langat,9
2023-05-25,Malaysia,Tampin,2
2023-05-25,Malaysia,Larut and Matang,2
2023-09-01,Malaysia,Kuala Lumpur,450
2023-09-01,Malaysia,Temerloh,1
2023-09-01,Malaysia,Kota Setar,3
2023-01-20,Malaysia,Jempol,2
2023-01-20,Malaysia,Penampang,5
2023-01-20,Malaysia,Kota Tinggi,22
2023-04-18,Malaysia,Kota Tinggi,4
2023-11-16,Malaysia,Tampin,6
2023-11-05,Malaysia,Batu Pahat,5
2023-11-05,Malaysia,Kulaijaya,20
2023-11-05,Malaysia,Port Dickson,39
2023-11-05,Malaysia,Seberang Perai Tengah,8
2023-05-10,Malaysia,Muar,5
2023-08-08,Malaysia,Klang,14
2023-09-04,Malaysia,Kota Setar,1
2023-11-03,Malaysia,Seremban,28
2023-09-18,Malaysia,Bentong,36
2023-09-18,Malaysia,Kuala Lumpur,442
2023-09-18,Malaysia,Seberang Perai Utara,1
2023-11-17,Malaysia,Seremban,18
2023-11-17,Malaysia,Penampang,1
2023-05-28,Malaysia,Penampang,3
2023-05-28,Malaysia,Temerloh,5
2023-05-14,Malaysia,Kuching,14
2023-05-14,Malaysia,Port Dickson,13
2023-09-19,Malaysia,Barat Daya,5
2023-09-19,Malaysia,Batu Pahat,6
2023-01-22,Malaysia,Kluang,1
2023-09-03,Malaysia,Malacca City,119
2023-09-03,Malaysia,Hulu Langat,1
2023-05-12,Malaysia,Kota Kinabalu,6
2023-04-15,Malaysia,Seberang Perai Selatan,1
2023-04-06,Malaysia,Kuala Lumpur,384
2023-10-07,Malaysia,Tampin,4
2023-10-07,Malaysia,Malacca City,167
2023-04-29,Malaysia,Batu Pahat,5
2023-04-29,Malaysia,Kuala Terengganu,13
2023-05-21,Malaysia,Tampin,1
2023-01-31,Malaysia,Barat Daya,3
2023-11-01,Malaysia,Seremban,22
2023-08-19,Malaysia,Port Dickson,26
2023-10-08,Malaysia,Mersing,1
2023-10-08,Malaysia,Kota Kinabalu,1
2023-04-14,Malaysia,Jempol,3
2023-04-14,Malaysia,Ledang,1
2023-08-05,Malaysia,Kuala Muda,6
2023-01-31,Malaysia,Langkawi,78
2023-01-31,Malaysia,Jempol,1
2023-09-11,Malaysia,Kulaijaya,9
2023-09-11,Malaysia,Kampar,11
2023-04-29,Malaysia,Keningau,2
2023-04-28,Malaysia,Shah Alam,16
2023-04-28,Malaysia,Rompin,2
2023-11-15,Malaysia,Langkawi,65
2023-03-07,Malaysia,Kluang,11
2023-08-18,Malaysia,Manjung,1
2023-08-18,Malaysia,Kluang,6
2023-04-13,Malaysia,Kinta,30
2023-04-13,Malaysia,Segamat,8
2023-04-13,Malaysia,Mersing,3
2023-10-09,Malaysia,Jempol,5
2023-10-09,Malaysia,Tampin,2
2023-09-14,Malaysia,Kuala Lumpur,441
2023-09-28,Malaysia,Kulaijaya,21
2023-05-24,Malaysia,Kota Tinggi,12
2023-01-30,Malaysia,Jempol,2
2023-06-30,Malaysia,Mersing,9
2023-06-30,Malaysia,Kuala Krai,1
2023-09-27,Malaysia,Kuching,21
2023-06-13,Malaysia,Keningau,3
2023-11-12,Malaysia,Manjung,6
2023-08-06,Malaysia,Kuching,19
2023-08-06,Malaysia,Seremban,25
2023-09-13,Malaysia,Kluang,3
2023-04-01,Malaysia,Tawau,6
2023-04-02,Malaysia,Semporna,2
2023-04-02,Malaysia,Kuantan,15
2023-06-27,Malaysia,Shah Alam,10
2023-06-27,Malaysia,Barat Daya,1
2023-06-26,Malaysia,Jempol,2
2023-01-18,Malaysia,Langkawi,22
2023-06-01,Malaysia,Ranau,3
2023-02-10,Malaysia,Pekan,1
2023-02-10,Malaysia,Sandakan,2
2023-02-10,Malaysia,Pontian,4
2023-10-30,Malaysia,Kuala Pilah,2
2023-01-29,Malaysia,Barat Daya,5
2023-05-05,Malaysia,Pasir Putih,2
2023-05-05,Malaysia,Batang Padang,1
2023-03-31,Malaysia,Kuala Pilah,1
2023-03-31,Malaysia,Muar,2
2023-01-14,Malaysia,Segamat,3
2023-01-17,Malaysia,Kluang,3
2023-01-02,Malaysia,Kuching,22
2023-06-12,Malaysia,Muar,17
2023-06-14,Malaysia,Miri,2
2023-06-15,Malaysia,Kuantan,5
2023-04-09,Malaysia,Seberang Perai Tengah,13
2023-06-26,Malaysia,Seberang Perai Utara,1
2023-01-11,Malaysia,Kemaman,1
2023-06-28,Malaysia,Penang Island,143
2023-06-28,Malaysia,Kuching,38
2023-06-28,Malaysia,Miri,3
2023-07-20,Malaysia,Bentong,27
2023-02-23,Malaysia,Kuala Terengganu,3
2023-02-23,Malaysia,Besut,1
2023-01-03,Malaysia,Cameron Highlands,3
2023-04-08,Malaysia,Kubang Pasu,1
2023-04-08,Malaysia,Kota Tinggi,2
2023-11-09,Malaysia,Klang,19
2023-01-24,Malaysia,Tuaran,3
2023-05-15,Malaysia,Sandakan,3
2023-09-09,Malaysia,Kota Tinggi,12
2023-01-02,Malaysia,Seberang Perai Selatan,1
2023-01-10,Malaysia,Bentong,18
2023-01-10,Malaysia,Cameron Highlands,1
2023-05-16,Malaysia,Kuala Terengganu,5
2023-05-29,Malaysia,Seberang Perai Selatan,2
2023-05-29,Malaysia,Pasir Putih,1
2023-09-05,Malaysia,Kuala Langat,1
2023-01-25,Malaysia,Klang,6
2023-09-06,Malaysia,Malacca City,127
2023-02-24,Malaysia,Larut and Matang,6
2023-07-21,Malaysia,Rompin,1
2023-01-11,Malaysia,Kinta,47
2023-01-11,Malaysia,Keningau,1
2023-05-01,Malaysia,Malacca City,135
2023-01-13,Malaysia,Penang Island,150
2023-01-13,Malaysia,Pekan,1
2023-01-13,Malaysia,Batu Pahat,4
2023-01-13,Malaysia,Putatan,1
2023-01-28,Malaysia,Kampar,4
2023-01-28,Malaysia,Batang Padang,1
2023-09-08,Malaysia,Labuan,1
2023-05-18,Malaysia,Besut,1
2023-05-18,Malaysia,Bentong,28
2023-05-18,Malaysia,Sabak Bernam,1
2023-06-22,Malaysia,Kuala Lumpur,500
2023-06-22,Malaysia,Jempol,4
2023-11-07,Malaysia,Pendang,1
2023-11-07,Malaysia,Sabak Bernam,1
2023-02-20,Malaysia,Port Dickson,30
2023-11-06,Malaysia,Ledang,2
2023-11-06,Malaysia,Tampin,1
2023-11-06,Malaysia,Kuala Terengganu,4
2023-11-06,Malaysia,Seberang Perai Tengah,21
2023-11-06,Malaysia,Seberang Perai Selatan,7
2023-01-27,Malaysia,Kota Setar,2
2023-01-27,Malaysia,Serian,1
2023-01-27,Malaysia,Sandakan,1
2023-06-10,Malaysia,Kampar,6
2023-01-12,Malaysia,Kluang,2
2023-01-26,Malaysia,Barat Daya,7
2023-01-26,Malaysia,Klang,5
2023-06-25,Malaysia,Kinta,27
2023-05-17,Malaysia,Kota Marudu,1
2023-05-17,Malaysia,Pasir Putih,2
2023-09-08,Malaysia,Kulaijaya,21
2023-09-08,Malaysia,Ledang,1
2023-07-31,Malaysia,Malacca City,149
2023-07-30,Malaysia,Hulu Langat,7
2023-05-03,Malaysia,Batu Pahat,2
2023-01-26,Malaysia,Rompin,3
2023-02-17,Malaysia,Kulaijaya,7
2023-02-17,Malaysia,Kuantan,30
2023-08-21,Malaysia,Kinta,50
2023-08-21,Malaysia,Klang,1
2023-07-14,Malaysia,Kuala Muda,3
2023-10-23,Malaysia,Tawau,1
2023-10-23,Malaysia,Kampar,10
2023-10-23,Malaysia,Kuala Muda,4
2023-10-23,Malaysia,Kuala Lumpur,528
2023-07-28,Malaysia,Tampin,1
2023-07-28,Malaysia,Kampar,8
2023-02-02,Malaysia,Penang Island,147
2023-02-02,Malaysia,Seberang Perai Tengah,9
2023-03-23,Malaysia,Tampin,1
2023-08-20,Malaysia,Kota Tinggi,18
2023-02-16,Malaysia,Bentong,29
2023-10-24,Malaysia,Alor Gajah,2
2023-07-13,Malaysia,Kuala Selangor,1
2023-02-01,Malaysia,Kuala Terengganu,2
2023-06-06,Malaysia,Tampin,2
2023-10-10,Malaysia,Kota Tinggi,20
2023-10-10,Malaysia,Alor Gajah,2
2023-02-05,Malaysia,Penampang,4
2023-08-23,Malaysia,Temerloh,2
2023-07-02,Malaysia,Kota Tinggi,11
2023-03-26,Malaysia,Rompin,2
2023-02-04,Malaysia,Shah Alam,13
2023-02-04,Malaysia,Kota Tinggi,12
2023-10-21,Malaysia,Penang Island,162
2023-08-22,Malaysia,Lawas,3
2023-07-15,Malaysia,Shah Alam,31
2023-02-18,Malaysia,Seberang Perai Selatan,2
2023-02-18,Malaysia,Jempol,6
2023-02-18,Malaysia,Kuala Selangor,1
2023-10-22,Malaysia,Kota Setar,2
2023-10-22,Malaysia,Kota Tinggi,7
2023-07-29,Malaysia,Hulu Langat,11
2023-07-29,Malaysia,Kota Kinabalu,4
2023-03-10,Malaysia,Kinta,33
2023-03-10,Malaysia,Sibu,2
2023-06-08,Malaysia,Dungun,1
2023-03-24,Malaysia,Johor Bahru,206
2023-03-24,Malaysia,Kuala Langat,3
2023-02-03,Malaysia,Malacca City,175
2023-01-06,Malaysia,Cameron Highlands,2
2023-06-03,Malaysia,Johor Bahru,252
2023-06-03,Malaysia,Batu Pahat,12
2023-02-12,Malaysia,Keningau,6
2023-06-17,Malaysia,Kinta,27
2023-02-26,Malaysia,Temerloh,1
2023-08-30,Malaysia,Kuching,22
2023-08-30,Malaysia,Batang Padang,4
2023-07-23,Malaysia,Johor Bahru,289
2023-01-19,Malaysia,Cameron Highlands,6
2023-06-02,Malaysia,Kampar,12
2023-06-02,Malaysia,Kuala Selangor,3
2023-06-02,Malaysia,Keningau,2
2023-06-16,Malaysia,Seberang Perai Selatan,4
2023-05-09,Malaysia,Perlis,4
2023-05-09,Malaysia,Sandakan,1
2023-05-09,Malaysia,Ranau,2
2023-02-11,Malaysia,Tawau,2
2023-10-20,Malaysia,Kuala Selangor,1
2023-02-25,Malaysia,Shah Alam,17
2023-01-04,Malaysia,Langkawi,39
2023-01-04,Malaysia,Kuala Pilah,1
2023-01-04,Malaysia,Putrajaya,3
2023-06-19,Malaysia,Lawas,2
2023-10-31,Malaysia,Bentong,3
2023-10-31,Malaysia,Penang Island,297
2023-02-28,Malaysia,Kluang,8
2023-02-28,Malaysia,Rompin,1
2023-06-04,Malaysia,Jempol,1
2023-06-04,Malaysia,Manjung,3
2023-07-11,Malaysia,Penang Island,243
2023-07-11,Malaysia,Seberang Perai Selatan,7
2023-07-11,Malaysia,Batang Padang,9
2023-03-20,Malaysia,Johor Bahru,172
2023-03-20,Malaysia,Kuala Lumpur,215
2023-03-20,Malaysia,Segamat,1
2023-07-10,Malaysia,Jempol,1
2023-07-25,Malaysia,Barat Daya,6
2023-02-13,Malaysia,Seremban,42
2023-02-13,Malaysia,Kuala Muda,12
2023-02-13,Malaysia,Marang,1
2023-08-31,Malaysia,Barat Daya,16
2023-08-31,Malaysia,Tampin,1
2023-04-25,Malaysia,Rompin,3
2023-10-17,Malaysia,Putrajaya,2
2023-10-03,Malaysia,Batang Padang,2
2023-10-03,Malaysia,Putrajaya,1
2023-03-18,Malaysia,Cameron Highlands,2
2023-08-15,Malaysia,Seremban,27
2023-08-29,Malaysia,Kota Bharu,1
2023-05-31,Malaysia,Kampar,3
2023-05-31,Malaysia,Kuala Muda,2
2023-03-03,Malaysia,Kuala Langat,1
2023-04-10,Malaysia,Barat Daya,6
2023-04-24,Malaysia,Kuala Terengganu,12
2023-04-24,Malaysia,Kota Tinggi,2
2023-10-04,Malaysia,Tawau,2
2023-10-04,Malaysia,Penang Island,221
2023-10-18,Malaysia,Barat Daya,6
2023-10-18,Malaysia,Kota Bharu,1
2023-05-30,Malaysia,Keningau,6
2023-05-30,Malaysia,Tawau,9
2023-05-30,Malaysia,Segamat,2
2023-07-07,Malaysia,Batang Padang,3
2023-08-28,Malaysia,Jempol,2
2023-10-19,Malaysia,Muar,11
2023-10-19,Malaysia,Kuantan,18
2023-10-19,Malaysia,Kuala Terengganu,2
2023-04-23,Malaysia,Kota Tinggi,2
2023-11-11,Malaysia,Ledang,1
2023-11-11,Malaysia,Kuala Pilah,1
2023-11-11,Malaysia,Perak Tengah,2
2023-04-27,Malaysia,Kinta,61
2023-04-27,Malaysia,Sibu,1
2023-03-06,Malaysia,Sandakan,1
2023-10-15,Malaysia,Shah Alam,18
2023-08-03,Malaysia,Muar,3
2023-08-03,Malaysia,Kuantan,6
2023-10-01,Malaysia,Klang,18
2023-09-24,Malaysia,Jempol,1
2023-10-16,Malaysia,Seberang Perai Tengah,8
2023-04-12,Malaysia,Batu Pahat,4
2023-04-12,Malaysia,Pekan,1
2023-10-02,Malaysia,Bentong,29
2023-08-02,Malaysia,Kinta,42
2023-09-23,Malaysia,Bentong,44
2023-08-16,Malaysia,Langkawi,45
2023-07-09,Malaysia,Miri,2
2023-10-27,Malaysia,Kuantan,18
2023-10-27,Malaysia,Barat Daya,14
2023-04-11,Malaysia,Cameron Highlands,1
2023-02-07,Malaysia,Kuala Lumpur,281
2023-08-11,Malaysia,Langkawi,52
2023-08-11,Malaysia,Kuala Lumpur,480
2023-08-11,Malaysia,Kota Kinabalu,2
2023-07-04,Malaysia,Kuala Pilah,2
2023-07-04,Malaysia,Barat Daya,7
2023-07-04,Malaysia,Kota Kinabalu,10
2023-07-04,Malaysia,Jasin,1
2023-07-04,Malaysia,Batang Padang,3
2023-08-25,Malaysia,Muar,8
2023-04-20,Malaysia,Klang,10
2023-03-28,Malaysia,Mersing,1
2023-03-28,Malaysia,Rompin,3
2023-07-18,Malaysia,Johor Bahru,269
2023-07-18,Malaysia,Jempol,1
2023-07-18,Malaysia,Alor Gajah,1
2023-11-20,Malaysia,Hulu Langat,7
2023-03-27,Malaysia,Lahad Datu,4
2023-02-06,Malaysia,Hulu Langat,11
2023-02-06,Malaysia,Bentong,21
2023-02-06,Malaysia,Batu Pahat,6
2023-02-06,Malaysia,Seberang Perai Utara,5
2023-08-10,Malaysia,Perlis,2
2023-08-10,Malaysia,Johor Bahru,157
2023-07-03,Malaysia,Miri,1
2023-07-03,Malaysia,Batu Pahat,3
2023-10-14,Malaysia,Muar,2
2023-10-14,Malaysia,Johor Bahru,171
2023-08-24,Malaysia,Langkawi,66
2023-08-24,Malaysia,Barat Daya,4
2023-07-17,Malaysia,Rompin,3
2023-03-12,Malaysia,Shah Alam,10
2023-03-12,Malaysia,Kluang,8
2023-03-12,Malaysia,Lahad Datu,3
2023-11-21,Malaysia,Port Dickson,24
2023-03-16,Malaysia,Kuching,43
2023-03-16,Malaysia,Kemaman,1
2023-03-16,Malaysia,Kuala Terengganu,2
2023-10-25,Malaysia,Kuala Lumpur,673
2023-09-20,Malaysia,Kinta,50
2023-09-30,Malaysia,Seberang Perai Selatan,7
2023-09-30,Malaysia,Larut and Matang,1
2023-08-27,Malaysia,Langkawi,72
2023-10-26,Malaysia,Kubang Pasu,1
2023-07-06,Malaysia,Dungun,1
2023-07-06,Malaysia,Langkawi,65
2023-08-12,Malaysia,Kota Tinggi,16
2023-08-12,Malaysia,Kulaijaya,17
2023-08-26,Malaysia,Seberang Perai Tengah,5
2023-04-21,Malaysia,Alor Gajah,1
2023-10-12,Malaysia,Kluang,5
2023-07-05,Malaysia,Mersing,5
2023-07-05,Malaysia,Pontian,1
2023-07-05,Malaysia,Langkawi,70
2023-07-05,Malaysia,Kuala Krai,1
2023-04-05,Malaysia,Langkawi,60
2023-11-04,Malaysia,Kudat,1
2023-11-04,Malaysia,Temerloh,1
2023-11-04,Malaysia,Kubang Pasu,1
2023-11-19,Malaysia,Manjung,2
2023-09-16,Malaysia,Kuala Lumpur,391
2023-05-11,Malaysia,Johor Bahru,346
2023-05-11,Malaysia,Barat Daya,8
2023-05-25,Malaysia,Miri,23
2023-09-01,Malaysia,Johor Bahru,217
2023-09-01,Malaysia,Kota Bharu,3
2023-05-25,Malaysia,Kuala Pilah,1
2023-05-25,Malaysia,Kota Bharu,2
2023-04-04,Malaysia,Langkawi,67
2023-04-04,Malaysia,Barat Daya,10
2023-04-04,Malaysia,Kampar,3
2023-04-04,Malaysia,Kemaman,1
2023-04-04,Malaysia,Tuaran,1
2023-09-15,Malaysia,Kota Tinggi,14
2023-09-29,Malaysia,Klang,26
2023-11-05,Malaysia,Johor Bahru,269
2023-05-10,Malaysia,Bentong,26
2023-08-08,Malaysia,Perak Tengah,1
2023-05-28,Malaysia,Kuala Lumpur,469
2023-09-04,Malaysia,Langkawi,72
2023-11-03,Malaysia,Perlis,1
2023-11-03,Malaysia,Bintulu,1
2023-11-03,Malaysia,Kota Kinabalu,3
2023-09-18,Malaysia,Penang Island,166
2023-11-17,Malaysia,Barat Daya,7
2023-11-18,Malaysia,Kuala Lumpur,544
2023-05-28,Malaysia,Batu Pahat,16
2023-05-28,Malaysia,Kuantan,4
2023-05-28,Malaysia,Sibu,1
2023-05-14,Malaysia,Klang,11
2023-05-27,Malaysia,Kota Bharu,1
2023-09-03,Malaysia,Perlis,3
2023-11-14,Malaysia,Kluang,5
2023-04-06,Malaysia,Manjung,1
2023-10-07,Malaysia,Manjung,1
2023-04-29,Malaysia,Putrajaya,1
2023-03-08,Malaysia,Ledang,3
2023-03-08,Malaysia,Kluang,5
2023-09-26,Malaysia,Johor Bahru,233
2023-05-21,Malaysia,Batu Pahat,7
2023-05-21,Malaysia,Kota Bharu,4
2023-01-31,Malaysia,Kuala Pilah,1
2023-11-01,Malaysia,Seberang Perai Tengah,32
2023-05-12,Malaysia,Batang Padang,2
2023-08-05,Malaysia,Langkawi,44
2023-09-26,Malaysia,Hulu Langat,8
2023-08-05,Malaysia,Klang,4
2023-04-29,Malaysia,Batang Padang,1
2023-04-29,Malaysia,Kubang Pasu,1
2023-05-20,Malaysia,Kota Tinggi,7
2023-04-28,Malaysia,Seremban,31
2023-04-28,Malaysia,Kulaijaya,20
2023-04-28,Malaysia,Alor Gajah,1
2023-03-07,Malaysia,Barat Daya,5
2023-08-04,Malaysia,Bentong,29
2023-08-18,Malaysia,Penang Island,139
2023-08-18,Malaysia,Klang,5
2023-04-13,Malaysia,Kulim,1
2023-09-25,Malaysia,Perlis,2
2023-11-13,Malaysia,Kinta,63
2023-10-06,Malaysia,Port Dickson,26
2023-08-07,Malaysia,Seberang Perai Tengah,6
2023-08-07,Malaysia,Kota Kinabalu,2
2023-01-30,Malaysia,Bintulu,4
2023-01-30,Malaysia,Seberang Perai Utara,5
2023-04-03,Malaysia,Klang,6
2023-04-03,Malaysia,Pekan,1
2023-04-03,Malaysia,Keningau,3
2023-06-13,Malaysia,Kota Bharu,2
2023-04-01,Malaysia,Johor Bahru,172
2023-04-01,Malaysia,Batu Pahat,5
2023-03-09,Malaysia,Kota Tinggi,8
2023-03-09,Malaysia,Miri,2
2023-03-09,Malaysia,Larut and Matang,1
2023-02-22,Malaysia,Shah Alam,23
2023-02-22,Malaysia,Kota Setar,6
2023-08-06,Malaysia,Seberang Perai Tengah,4
2023-05-06,Malaysia,Penang Island,168
2023-09-13,Malaysia,Johor Bahru,406
2023-09-13,Malaysia,Langkawi,67
2023-05-22,Malaysia,Miri,16
2023-05-22,Malaysia,Segamat,6
2023-01-18,Malaysia,Kuantan,11
2023-02-21,Malaysia,Mersing,1
2023-06-01,Malaysia,Kota Setar,6
2023-06-01,Malaysia,Bera,1
2023-06-11,Malaysia,Kuala Langat,1
2023-02-10,Malaysia,Kuala Lumpur,306
2023-02-10,Malaysia,Hulu Selangor,1
2023-10-30,Malaysia,Larut and Matang,1
2023-01-29,Malaysia,Putrajaya,1
2023-05-19,Malaysia,Kuching,36
2023-02-10,Malaysia,Putrajaya,1
2023-06-29,Malaysia,Barat Daya,6
2023-05-19,Malaysia,Manjung,6
2023-05-08,Malaysia,Kuching,17
2023-05-08,Malaysia,Barat Daya,4
2023-01-17,Malaysia,Tawau,4
2023-01-02,Malaysia,Kinta,28
2023-06-12,Malaysia,Kuala Lumpur,419
2023-06-12,Malaysia,Besut,3
2023-06-14,Malaysia,Seremban,15
2023-06-15,Malaysia,Klang,22
2023-06-15,Malaysia,Keningau,2
2023-04-09,Malaysia,Lawas,3
2023-06-28,Malaysia,Kampar,8
2023-06-28,Malaysia,Pekan,2
2023-06-28,Malaysia,Tawau,1
2023-06-28,Malaysia,Alor Gajah,2
2023-05-02,Malaysia,Johor Bahru,227
2023-05-02,Malaysia,Cameron Highlands,1
2023-07-20,Malaysia,Kuala Lumpur,497
2023-03-30,Malaysia,Johor Bahru,235
2023-03-30,Malaysia,Kulaijaya,9
2023-03-30,Malaysia,Kampar,9
2023-03-30,Malaysia,Batang Padang,3
2023-02-23,Malaysia,Pontian,1
2023-05-15,Malaysia,Kota Tinggi,12
2023-05-15,Malaysia,Batu Pahat,4
2023-09-09,Malaysia,Seberang Perai Selatan,5
2023-05-16,Malaysia,Pontian,2
2023-01-16,Malaysia,Barat Daya,3
2023-05-29,Malaysia,Bentong,60
2023-01-25,Malaysia,Barat Daya,2
2023-09-06,Malaysia,Kuantan,23
2023-09-06,Malaysia,Manjung,3
2023-09-06,Malaysia,Kuala Terengganu,5
2023-02-24,Malaysia,Manjung,8
2023-01-28,Malaysia,Kota Bharu,2
2023-05-18,Malaysia,Keningau,5
2023-11-07,Malaysia,Genting Highlands,47
2023-05-04,Malaysia,Seremban,13
2023-11-06,Malaysia,Muar,23
2023-11-06,Malaysia,Bentong,1
2023-11-06,Malaysia,Langkawi,102
2023-05-03,Malaysia,Kinta,43
2023-06-24,Malaysia,Port Dickson,19
2023-01-27,Malaysia,Bintulu,2
2023-01-12,Malaysia,Port Dickson,10
2023-01-12,Malaysia,Klang,10
2023-01-12,Malaysia,Seberang Perai Utara,3
2023-01-12,Malaysia,Perlis,1
2023-01-26,Malaysia,Kampar,7
2023-05-17,Malaysia,Cameron Highlands,3
2023-05-17,Malaysia,Lawas,1
2023-09-07,Malaysia,Putrajaya,1
2023-07-30,Malaysia,Port Dickson,26
2023-05-03,Malaysia,Kluang,4
2023-11-08,Malaysia,Kuching,31
2023-11-08,Malaysia,Alor Gajah,1
2023-02-17,Malaysia,Jempol,7
2023-02-17,Malaysia,Kuala Langat,1
2023-08-21,Malaysia,Kluang,14
2023-07-14,Malaysia,Manjung,4
2023-07-14,Malaysia,Tawau,1
2023-04-30,Malaysia,Kluang,1
2023-10-23,Malaysia,Rompin,2
2023-10-23,Malaysia,Kulaijaya,21
2023-06-07,Malaysia,Kanowit,1
2023-07-28,Malaysia,Kuala Lumpur,551
2023-07-28,Malaysia,Pontian,1
2023-02-02,Malaysia,Mersing,1
2023-03-23,Malaysia,Penampang,2
2023-03-23,Malaysia,Kota Setar,2
2023-03-23,Malaysia,Sandakan,1
2023-08-20,Malaysia,Seberang Perai Tengah,7
2023-10-24,Malaysia,Segamat,1
2023-07-13,Malaysia,Kuala Krai,1
2023-01-09,Malaysia,Jempol,3
2023-02-01,Malaysia,Kulaijaya,7
2023-06-06,Malaysia,Kluang,5
2023-02-15,Malaysia,Shah Alam,29
2023-02-15,Malaysia,Segamat,3
2023-02-05,Malaysia,Besut,3
2023-08-23,Malaysia,Batang Padang,1
2023-03-26,Malaysia,Seberang Perai Selatan,1
2023-03-11,Malaysia,Sandakan,1
2023-03-11,Malaysia,Muar,5
2023-07-16,Malaysia,Kota Kinabalu,10
2023-07-16,Malaysia,Mersing,3
2023-07-16,Malaysia,Kuala Krai,1
2023-02-04,Malaysia,Serian,3
2023-10-21,Malaysia,Port Dickson,11
2023-03-25,Malaysia,Kinta,15
2023-03-25,Malaysia,Kota Setar,7
2023-06-09,Malaysia,Kuching,31
2023-08-22,Malaysia,Johor Bahru,239
2023-08-22,Malaysia,Rompin,5
2023-07-15,Malaysia,Pontian,1
2023-02-18,Malaysia,Seremban,46
2023-02-18,Malaysia,Tuaran,1
2023-07-15,Malaysia,Keningau,2
2023-10-22,Malaysia,Kulaijaya,11
2023-07-29,Malaysia,Kinta,21
2023-03-10,Malaysia,Penang Island,285
2023-06-08,Malaysia,Miri,3
2023-06-08,Malaysia,Keningau,1
2023-06-08,Malaysia,Kuala Terengganu,7
2023-06-08,Malaysia,Besut,2
2023-03-24,Malaysia,Shah Alam,19
2023-02-03,Malaysia,Klang,15
2023-02-03,Malaysia,Muar,7
2023-02-27,Malaysia,Kulim,4
2023-02-27,Malaysia,Kampar,8
2023-02-27,Malaysia,Kuala Selangor,1
2023-02-27,Malaysia,Kota Bharu,5
2023-07-24,Malaysia,Putrajaya,1
2023-06-03,Malaysia,Seberang Perai Selatan,3
2023-06-03,Malaysia,Pontian,1
2023-02-12,Malaysia,Johor Bahru,307
2023-02-12,Malaysia,Bentong,35
2023-02-12,Malaysia,Barat Daya,4
2023-01-05,Malaysia,Putrajaya,1
2023-02-26,Malaysia,Klang,4
2023-07-23,Malaysia,Raub,1
2023-01-19,Malaysia,Kuala Pilah,1
2023-01-19,Malaysia,Bentong,12
2023-01-19,Malaysia,Lawas,2
2023-06-02,Malaysia,Dungun,3
2023-06-16,Malaysia,Kota Setar,1
2023-06-16,Malaysia,Pontian,1
2023-05-09,Malaysia,Kampar,7
2023-05-09,Malaysia,Kulim,1
2023-02-25,Malaysia,Kota Bharu,4
2023-02-25,Malaysia,Keningau,1
2023-07-12,Malaysia,Kulaijaya,16
2023-01-04,Malaysia,Muar,4
2023-01-04,Malaysia,Seremban,16
2023-01-08,Malaysia,Kota Setar,3
2023-07-26,Malaysia,Kuala Langat,1
2023-07-26,Malaysia,Seremban,17
2023-07-26,Malaysia,Kampar,3
2023-06-19,Malaysia,Kuala Selangor,1
2023-02-14,Malaysia,Johor Bahru,277
2023-10-31,Malaysia,Kuala Selangor,4
2023-03-21,Malaysia,Kota Kinabalu,11
2023-02-28,Malaysia,Hulu Langat,16
2023-02-28,Malaysia,Bentong,34
2023-02-28,Malaysia,Kuantan,42
2023-07-11,Malaysia,Cameron Highlands,3
2023-03-20,Malaysia,Kota Kinabalu,12
2023-07-10,Malaysia,Kubang Pasu,4
2023-07-25,Malaysia,Kuching,31
2023-07-25,Malaysia,Seberang Perai Utara,2
2023-02-13,Malaysia,Kuching,25
2023-02-13,Malaysia,Kota Kinabalu,66
2023-08-31,Malaysia,Seberang Perai Tengah,3
2023-04-25,Malaysia,Batang Padang,1
2023-08-01,Malaysia,Seremban,42
2023-08-15,Malaysia,Bentong,23
2023-08-29,Malaysia,Port Dickson,59
2023-05-31,Malaysia,Batu Pahat,10
2023-03-03,Malaysia,Barat Daya,23
2023-03-03,Malaysia,Klang,13
2023-04-10,Malaysia,Malacca City,149
2023-04-24,Malaysia,Batu Pahat,2
2023-04-24,Malaysia,Kota Bharu,2
2023-11-10,Malaysia,Barat Daya,20
2023-09-21,Malaysia,Klang,15
2023-09-21,Malaysia,Temerloh,1
2023-10-04,Malaysia,Langkawi,78
2023-03-17,Malaysia,Kulaijaya,9
2023-03-17,Malaysia,Pontian,1
2023-10-18,Malaysia,Kulaijaya,14
2023-10-18,Malaysia,Cameron Highlands,1
2023-10-18,Malaysia,Seberang Perai Utara,2
2023-08-14,Malaysia,Kuala Terengganu,8
2023-08-28,Malaysia,Kuala Lumpur,523
2023-03-02,Malaysia,Kuala Lumpur,618
2023-11-11,Malaysia,Bentong,1
2023-04-27,Malaysia,Malacca City,246
2023-03-06,Malaysia,Shah Alam,13
2023-03-06,Malaysia,Klang,5
2023-10-15,Malaysia,Kulim,1
2023-10-15,Malaysia,Kota Tinggi,11
2023-08-17,Malaysia,Kuching,15
2023-08-17,Malaysia,Tampin,1
2023-09-24,Malaysia,Bentong,43
2023-10-16,Malaysia,Johor Bahru,202
2023-03-05,Malaysia,Kuala Terengganu,4
2023-04-12,Malaysia,Hulu Langat,9
2023-04-12,Malaysia,Kota Tinggi,8
2023-03-19,Malaysia,Seberang Perai Selatan,2
2023-03-19,Malaysia,Seberang Perai Tengah,14
2023-03-19,Malaysia,Kota Tinggi,6
2023-03-19,Malaysia,Tawau,7
2023-08-02,Malaysia,Lawas,1
2023-04-26,Malaysia,Port Dickson,14
2023-04-26,Malaysia,Langkawi,64
2023-09-23,Malaysia,Putrajaya,3
2023-09-23,Malaysia,Kota Kinabalu,2
2023-08-16,Malaysia,Kuala Terengganu,12
2023-08-02,Malaysia,Semporna,1
2023-07-09,Malaysia,Kuala Lumpur,461
2023-07-09,Malaysia,Sabak Bernam,1
2023-07-09,Malaysia,Kuala Langat,3
2023-10-27,Malaysia,Shah Alam,29
2023-04-11,Malaysia,Penampang,3
2023-04-11,Malaysia,Kluang,7
2023-04-11,Malaysia,Hilir Perak,1
2023-04-11,Malaysia,Kuala Muda,7
2023-04-11,Malaysia,Sandakan,1
2023-02-07,Malaysia,Kuala Terengganu,7
2023-08-11,Malaysia,Kluang,5
2023-07-04,Malaysia,Malacca City,182
2023-07-04,Malaysia,Semporna,1
2023-04-20,Malaysia,Kluang,6
2023-11-20,Malaysia,Kota Bharu,6
2023-02-06,Malaysia,Shah Alam,8
2023-02-06,Malaysia,Serian,3
2023-08-10,Malaysia,Bentong,30
2023-03-13,Malaysia,Penampang,3
2023-07-03,Malaysia,Temerloh,1
2023-07-03,Malaysia,Jempol,1
2023-10-14,Malaysia,Manjung,2
2023-03-12,Malaysia,Miri,3
2023-03-12,Malaysia,Ranau,6
2023-11-21,Malaysia,Kota Bharu,8
2023-03-16,Malaysia,Bentong,28
2023-09-20,Malaysia,Shah Alam,15
2023-09-30,Malaysia,Johor Bahru,236
2023-09-30,Malaysia,Port Dickson,16
2023-10-11,Malaysia,Temerloh,1
2023-10-11,Malaysia,Batu Pahat,1
2023-02-09,Malaysia,Shah Alam,17
2023-02-09,Malaysia,Muar,18
2023-02-09,Malaysia,Keningau,19
2023-08-27,Malaysia,Manjung,3
2023-07-06,Malaysia,Cameron Highlands,6
2023-03-01,Malaysia,Malacca City,197
2023-03-15,Malaysia,Manjung,1
2023-04-22,Malaysia,Kuching,21
2023-02-08,Malaysia,Muar,10
2023-08-26,Malaysia,Kuching,22
2023-07-19,Malaysia,Seberang Perai Selatan,3
2023-07-19,Malaysia,Cameron Highlands,4
2023-07-19,Malaysia,Kinta,36
2023-07-19,Malaysia,Muar,3
2023-07-05,Malaysia,Lawas,1
2023-07-05,Malaysia,Johor Bahru,344
2023-03-14,Malaysia,Malacca City,75
2023-03-14,Malaysia,Kuala Pilah,1
2023-04-05,Malaysia,Bintulu,1
2023-04-05,Malaysia,Ranau,3
2023-04-05,Malaysia,Shah Alam,8
2023-11-04,Malaysia,Langkawi,94
2023-11-04,Malaysia,Kota Tinggi,29
2023-09-02,Malaysia,Jempol,1
2023-09-02,Malaysia,Shah Alam,6
2023-01-21,Malaysia,Kota Kinabalu,9
2023-04-19,Malaysia,Kuantan,6
2023-09-16,Malaysia,Kulaijaya,10
2023-09-16,Malaysia,Kota Kinabalu,1
2023-05-11,Malaysia,Kota Tinggi,17
2023-09-01,Malaysia,Segamat,1
2023-04-04,Malaysia,Seberang Perai Tengah,5
2023-04-18,Malaysia,Penang Island,175
2023-04-18,Malaysia,Kuala Muda,5
2023-04-18,Malaysia,Mersing,1
2023-11-05,Malaysia,Seberang Perai Selatan,11
2023-11-05,Malaysia,Kampar,4
2023-08-08,Malaysia,Kuala Lumpur,493
2023-11-02,Malaysia,Seberang Perai Selatan,9
2023-11-02,Malaysia,Bentong,1
2023-05-28,Malaysia,Kota Kinabalu,8
2023-09-04,Malaysia,Bentong,43
2023-11-03,Malaysia,Manjung,10
2023-11-03,Malaysia,Segamat,1
2023-11-03,Malaysia,Batu Pahat,14
2023-01-23,Malaysia,Pekan,1
2023-06-20,Malaysia,Kota Kinabalu,3
2023-09-17,Malaysia,Penang Island,131
2023-05-13,Malaysia,Klang,13
2023-09-19,Malaysia,Kulaijaya,13
2023-09-19,Malaysia,Kubang Pasu,1
2023-01-22,Malaysia,Mersing,1
2023-05-27,Malaysia,Hulu Langat,4
2023-09-03,Malaysia,Batang Padang,1
2023-09-03,Malaysia,Lawas,1
2023-05-12,Malaysia,Larut and Matang,1
2023-04-15,Malaysia,Besut,1
2023-04-15,Malaysia,Miri,8
2023-10-07,Malaysia,Cameron Highlands,7
2023-04-29,Malaysia,Kota Setar,10
2023-03-08,Malaysia,Kota Setar,3
2023-03-08,Malaysia,Port Dickson,74
2023-03-08,Malaysia,Sabak Bernam,1
2023-11-01,Malaysia,Shah Alam,20
2023-11-01,Malaysia,Kuantan,13
2023-08-19,Malaysia,Bentong,20
2023-08-05,Malaysia,Malacca City,139
2023-10-08,Malaysia,Malacca City,161
2023-04-14,Malaysia,Tawau,4
2023-04-14,Malaysia,Pontian,2
2023-08-05,Malaysia,Perak Tengah,2
2023-03-07,Malaysia,Seberang Perai Selatan,4
2023-03-07,Malaysia,Kota Setar,3
2023-08-04,Malaysia,Seremban,30
2023-09-25,Malaysia,Langkawi,118
2023-10-09,Malaysia,Shah Alam,11
2023-09-28,Malaysia,Bentong,61
2023-11-13,Malaysia,Kuala Terengganu,6
2023-08-07,Malaysia,Kampar,5
2023-04-17,Malaysia,Kuala Pilah,1
2023-04-17,Malaysia,Bentong,35
2023-04-17,Malaysia,Muar,1
2023-05-24,Malaysia,Port Dickson,22
2023-09-27,Malaysia,Muar,15
2023-10-05,Malaysia,Temerloh,3
2023-06-13,Malaysia,Bentong,56
2023-06-13,Malaysia,Miri,1
2023-03-09,Malaysia,Seberang Perai Selatan,5
2023-03-09,Malaysia,Klang,16
2023-05-22,Malaysia,Kota Setar,2
2023-05-22,Malaysia,Batang Padang,5
2023-11-12,Malaysia,Langkawi,104
2023-11-12,Malaysia,Kinta,49
2023-04-16,Malaysia,Tambunan,1
2023-05-06,Malaysia,Seremban,17
2023-05-06,Malaysia,Kampar,2
2023-09-13,Malaysia,Kuala Langat,1
2023-04-01,Malaysia,Kuala Terengganu,1
2023-04-02,Malaysia,Jempol,2
2023-06-27,Malaysia,Seberang Perai Selatan,3
2023-06-27,Malaysia,Kota Bharu,4
2023-05-05,Malaysia,Seberang Perai Tengah,11
2023-01-18,Malaysia,Hulu Langat,4
2023-01-18,Malaysia,Kuala Terengganu,1
2023-02-21,Malaysia,Manjung,3
2023-06-11,Malaysia,Seremban,21
2023-02-10,Malaysia,Langkawi,49
2023-02-10,Malaysia,Lahad Datu,7
2023-10-30,Malaysia,Cameron Highlands,2
2023-01-29,Malaysia,Miri,1
2023-05-05,Malaysia,Kota Tinggi,3
2023-07-22,Malaysia,Kota Tinggi,13
2023-07-22,Malaysia,Mersing,8
2023-03-31,Malaysia,Kampar,5
2023-03-31,Malaysia,Ledang,2
2023-05-08,Malaysia,Bera,1
2023-01-15,Malaysia,Seremban,29
2023-01-15,Malaysia,Seberang Perai Tengah,3
2023-01-14,Malaysia,Kinta,27
2023-01-14,Malaysia,Miri,3
2023-01-14,Malaysia,Batang Padang,1
2023-01-17,Malaysia,Kuala Pilah,1
2023-01-17,Malaysia,Muar,9
2023-01-17,Malaysia,Kinta,39
2023-01-17,Malaysia,Seremban,46
2023-01-17,Malaysia,Penampang,2
2023-01-02,Malaysia,Seberang Perai Tengah,2
2023-06-12,Malaysia,Padang Terap,1
2023-06-15,Malaysia,Seberang Perai Tengah,15
2023-04-09,Malaysia,Kulim,2
2023-06-26,Malaysia,Hulu Langat,2
2023-05-02,Malaysia,Kinta,32
2023-05-02,Malaysia,Kampar,5
2023-05-02,Malaysia,Barat Daya,4
2023-07-20,Malaysia,Johor Bahru,318
2023-07-20,Malaysia,Hulu Langat,8
2023-05-07,Malaysia,Tawau,9
2023-02-23,Malaysia,Kota Kinabalu,9
2023-01-03,Malaysia,Langkawi,30
2023-04-08,Malaysia,Shah Alam,4
2023-11-09,Malaysia,Kerian,1
2023-11-09,Malaysia,Bentong,1
2023-11-09,Malaysia,Kota Kinabalu,6
2023-11-09,Malaysia,Kuala Terengganu,3
2023-11-09,Malaysia,Cameron Highlands,1
2023-01-24,Malaysia,Kulaijaya,11
2023-01-24,Malaysia,Kubang Pasu,1
2023-05-15,Malaysia,Klang,8
2023-05-15,Malaysia,Ledang,2
2023-05-16,Malaysia,Johor Bahru,378
2023-05-16,Malaysia,Port Dickson,20
2023-05-16,Malaysia,Batang Padang,2
2023-01-25,Malaysia,Seberang Perai Tengah,2
2023-07-21,Malaysia,Kuala Selangor,5
2023-05-01,Malaysia,Muar,3
2023-01-13,Malaysia,Keningau,1
2023-01-13,Malaysia,Putrajaya,2
2023-01-28,Malaysia,Kuantan,15
2023-01-28,Malaysia,Jempol,4
2023-01-28,Malaysia,Bintulu,1
2023-01-28,Malaysia,Cameron Highlands,1
2023-05-18,Malaysia,Seberang Perai Selatan,4
2023-05-18,Malaysia,Kuala Pilah,3
2023-06-22,Malaysia,Johor Bahru,328
2023-06-22,Malaysia,Klang,26
2023-06-22,Malaysia,Manjung,1
2023-06-21,Malaysia,Temerloh,1
2023-11-06,Malaysia,Shah Alam,18
2023-11-06,Malaysia,Kota Setar,15
2023-11-06,Malaysia,Kubang Pasu,1
2023-05-03,Malaysia,Shah Alam,12
2023-06-24,Malaysia,Langkawi,41
2023-06-24,Malaysia,Kuala Muda,5
2023-01-27,Malaysia,Seberang Perai Utara,4
2023-06-25,Malaysia,Kluang,8
2023-05-17,Malaysia,Kuala Pilah,1
2023-05-17,Malaysia,Penampang,5
2023-09-08,Malaysia,Barat Daya,4
2023-07-31,Malaysia,Hulu Langat,7
2023-09-07,Malaysia,Temerloh,1
2023-09-07,Malaysia,Port Dickson,45
2023-07-30,Malaysia,Seberang Perai Selatan,6
2023-05-03,Malaysia,Pendang,1
2023-01-26,Malaysia,Bintulu,1
2023-01-26,Malaysia,Tawau,2
2023-02-17,Malaysia,Kuala Lumpur,398
2023-02-17,Malaysia,Segamat,2
2023-02-17,Malaysia,Lahad Datu,4
2023-08-21,Malaysia,Seberang Perai Tengah,15
2023-08-21,Malaysia,Malacca City,173
2023-08-21,Malaysia,Kota Tinggi,19
2023-07-14,Malaysia,Kubang Pasu,2
2023-07-14,Malaysia,Perak Tengah,1
2023-04-30,Malaysia,Johor Bahru,248
2023-06-07,Malaysia,Kinta,51
2023-06-07,Malaysia,Kota Marudu,1
2023-07-28,Malaysia,Malacca City,158
2023-02-02,Malaysia,Kuala Lumpur,258
2023-02-02,Malaysia,Putrajaya,1
2023-02-02,Malaysia,Perlis,4
2023-02-02,Malaysia,Rompin,2
2023-08-20,Malaysia,Kuantan,5
2023-08-20,Malaysia,Hulu Langat,2
2023-07-13,Malaysia,Bera,1
2023-02-01,Malaysia,Kuala Muda,10
2023-03-22,Malaysia,Kuching,28
2023-03-22,Malaysia,Kuantan,13
2023-03-22,Malaysia,Keningau,4
2023-06-06,Malaysia,Malacca City,124
2023-07-27,Malaysia,Labuan,1
2023-07-27,Malaysia,Kota Kinabalu,1
2023-02-15,Malaysia,Mersing,1
2023-02-15,Malaysia,Perak Tengah,1
2023-10-10,Malaysia,Sabak Bernam,1
2023-03-26,Malaysia,Kuala Pilah,6
2023-02-04,Malaysia,Bentong,24
2023-02-04,Malaysia,Lahad Datu,2
2023-02-04,Malaysia,Perak Tengah,1
2023-02-04,Malaysia,Kota Bharu,4
2023-10-21,Malaysia,Kuala Lumpur,452
2023-10-21,Malaysia,Barat Daya,3
2023-06-09,Malaysia,Seberang Perai Selatan,5
2023-06-09,Malaysia,Alor Gajah,2
2023-07-15,Malaysia,Bentong,27
2023-07-15,Malaysia,Seberang Perai Tengah,6
2023-07-15,Malaysia,Kuala Terengganu,11
2023-10-22,Malaysia,Alor Gajah,1
2023-07-29,Malaysia,Langkawi,42
2023-03-10,Malaysia,Perlis,3
2023-06-08,Malaysia,Langkawi,57
2023-06-08,Malaysia,Ranau,2
2023-03-24,Malaysia,Seberang Perai Tengah,22
2023-02-03,Malaysia,Kuala Selangor,2
2023-02-27,Malaysia,Jempol,2
2023-07-24,Malaysia,Kluang,10
2023-06-03,Malaysia,Kanowit,1
2023-06-03,Malaysia,Dungun,3
2023-02-12,Malaysia,Muar,13
2023-02-12,Malaysia,Kubang Pasu,3
2023-02-12,Malaysia,Temerloh,1
2023-06-17,Malaysia,Penang Island,160
2023-06-17,Malaysia,Kuching,26
2023-01-05,Malaysia,Kulaijaya,11
2023-01-05,Malaysia,Batu Pahat,9
2023-02-26,Malaysia,Shah Alam,12
2023-02-26,Malaysia,Manjung,3
2023-08-30,Malaysia,Perak Tengah,1
2023-01-19,Malaysia,Sabak Bernam,1
2023-01-19,Malaysia,Kluang,2
2023-06-02,Malaysia,Seberang Perai Selatan,4
2023-06-16,Malaysia,Shah Alam,19
2023-06-16,Malaysia,Tambunan,1
2023-05-09,Malaysia,Muar,9
2023-02-11,Malaysia,Pekan,1
2023-10-20,Malaysia,Bentong,5
2023-06-05,Malaysia,Tawau,2
2023-06-05,Malaysia,Kluang,10
2023-01-04,Malaysia,Kulaijaya,9
2023-01-04,Malaysia,Mersing,2
2023-01-04,Malaysia,Perak Tengah,1
2023-07-12,Malaysia,Kuala Muda,4
2023-07-12,Malaysia,Kemaman,1
2023-07-12,Malaysia,Raub,1
2023-07-12,Malaysia,Temerloh,1
2023-07-26,Malaysia,Malacca City,150
2023-07-26,Malaysia,Jempol,1
2023-06-19,Malaysia,Labuan,1
2023-06-19,Malaysia,Tuaran,2
2023-02-14,Malaysia,Seberang Perai Utara,13
2023-02-14,Malaysia,Besut,6
2023-02-28,Malaysia,Kuala Pilah,2
2023-02-28,Malaysia,Kulim,2
2023-06-04,Malaysia,Kampar,4
2023-06-04,Malaysia,Kota Tinggi,20
2023-06-04,Malaysia,Rompin,4
2023-01-07,Malaysia,Penang Island,93
2023-07-11,Malaysia,Kinta,34
2023-06-18,Malaysia,Bera,1
2023-07-10,Malaysia,Kota Bharu,2
2023-07-25,Malaysia,Batu Pahat,4
2023-02-13,Malaysia,Seberang Perai Tengah,13
2023-02-13,Malaysia,Barat Daya,8
2023-02-13,Malaysia,Manjung,4
2023-08-31,Malaysia,Seberang Perai Utara,1
2023-08-31,Malaysia,Alor Gajah,2
2023-10-17,Malaysia,Kuantan,16
2023-08-01,Malaysia,Malacca City,175
2023-09-22,Malaysia,Kota Bharu,2
2023-03-18,Malaysia,Seberang Perai Selatan,3
2023-03-18,Malaysia,Kota Setar,8
2023-08-29,Malaysia,Kota Kinabalu,2
2023-05-31,Malaysia,Langkawi,50
2023-03-03,Malaysia,Batu Pahat,6
2023-05-31,Malaysia,Kota Setar,9
2023-07-08,Malaysia,Kuala Langat,1
2023-04-10,Malaysia,Seberang Perai Selatan,4
2023-04-10,Malaysia,Kota Kinabalu,5
2023-04-10,Malaysia,Kluang,6
2023-04-10,Malaysia,Jeli,1
2023-04-10,Malaysia,Jasin,1
2023-04-24,Malaysia,Jempol,1
2023-10-18,Malaysia,Manjung,5
2023-05-30,Malaysia,Kota Kinabalu,26
2023-07-07,Malaysia,Barat Daya,5
2023-08-28,Malaysia,Port Dickson,101
2023-03-02,Malaysia,Manjung,4
2023-03-02,Malaysia,Pontian,1
2023-03-02,Malaysia,Ledang,1
2023-09-10,Malaysia,Kuching,24
2023-04-23,Malaysia,Seberang Perai Tengah,3
2023-10-29,Malaysia,Kuantan,14
2023-04-27,Malaysia,Klang,6
2023-04-27,Malaysia,Pekan,2
2023-03-06,Malaysia,Penang Island,251
2023-10-15,Malaysia,Langkawi,69
2023-10-15,Malaysia,Kota Setar,3
2023-08-03,Malaysia,Tawau,1
2023-08-17,Malaysia,Johor Bahru,244
2023-08-17,Malaysia,Barat Daya,12
2023-08-17,Malaysia,Pasir Putih,2
2023-11-22,Malaysia,Johor Bahru,27
2023-10-16,Malaysia,Kulaijaya,9
2023-04-12,Malaysia,Penang Island,194
2023-04-12,Malaysia,Shah Alam,10
2023-03-19,Malaysia,Klang,2
2023-03-19,Malaysia,Marang,3
2023-08-02,Malaysia,Kuantan,5
2023-09-23,Malaysia,Kinta,31
2023-08-16,Malaysia,Kuching,19
2023-08-02,Malaysia,Kuala Terengganu,1
2023-10-27,Malaysia,Kinta,26
2023-04-11,Malaysia,Kota Kinabalu,15
2023-08-11,Malaysia,Bentong,20
2023-08-25,Malaysia,Kuala Muda,5
2023-04-20,Malaysia,Kuala Pilah,2
2023-04-20,Malaysia,Bentong,37
2023-03-28,Malaysia,Hulu Langat,15
2023-11-20,Malaysia,Kota Tinggi,43
2023-03-27,Malaysia,Jempol,2
2023-08-10,Malaysia,Penang Island,199
2023-08-10,Malaysia,Kuala Lumpur,499
2023-08-10,Malaysia,Seremban,30
2023-03-13,Malaysia,Kuala Lumpur,311
2023-03-13,Malaysia,Shah Alam,17
2023-03-13,Malaysia,Kuala Terengganu,6
2023-03-13,Malaysia,Batu Pahat,5
2023-07-03,Malaysia,Muar,3
2023-07-03,Malaysia,Kluang,11
2023-10-14,Malaysia,Kota Kinabalu,1
2023-10-14,Malaysia,Seberang Perai Tengah,6
2023-07-17,Malaysia,Muar,3
2023-11-21,Malaysia,Genting Highlands,43
2023-03-16,Malaysia,Kuantan,8
2023-03-16,Malaysia,Kota Setar,5
2023-10-25,Malaysia,Muar,21
2023-10-25,Malaysia,Barat Daya,9
2023-10-25,Malaysia,Seberang Perai Tengah,10
2023-09-20,Malaysia,Jempol,4
2023-09-20,Malaysia,Manjung,3
2023-09-20,Malaysia,Kota Setar,12
2023-09-20,Malaysia,Johor Bahru,222
2023-09-30,Malaysia,Ledang,2
2023-10-11,Malaysia,Rompin,1
2023-02-09,Malaysia,Kuala Lumpur,364
2023-02-09,Malaysia,Ledang,2
2023-08-27,Malaysia,Kuantan,35
2023-08-27,Malaysia,Kota Tinggi,43
2023-07-06,Malaysia,Klang,11
2023-07-06,Malaysia,Kuala Lumpur,557
2023-07-06,Malaysia,Perak Tengah,1
2023-08-13,Malaysia,Perak Tengah,1
2023-03-01,Malaysia,Jeli,1
2023-10-26,Malaysia,Manjung,2
2023-07-06,Malaysia,Kulaijaya,35
2023-03-15,Malaysia,Kuantan,12
2023-04-22,Malaysia,Kampar,5
2023-03-01,Malaysia,Hulu Langat,12
2023-02-08,Malaysia,Penang Island,216
2023-02-08,Malaysia,Manjung,3
2023-02-08,Malaysia,Perak Tengah,3
2023-04-21,Malaysia,Seberang Perai Selatan,4
2023-04-21,Malaysia,Kuala Pilah,2
2023-04-21,Malaysia,Miri,2
2023-10-12,Malaysia,Kinta,57
2023-10-12,Malaysia,Genting Highlands,30
2023-07-19,Malaysia,Seremban,22
2023-07-19,Malaysia,Bentong,30
2023-07-05,Malaysia,Bentong,46
2023-03-14,Malaysia,Batang Padang,1
2023-04-05,Malaysia,Segamat,5
2023-11-04,Malaysia,Alor Gajah,3
2023-09-02,Malaysia,Seberang Perai Utara,2
2023-11-19,Malaysia,Seremban,10
2023-01-21,Malaysia,Kuala Lumpur,196
2023-04-19,Malaysia,Sabak Bernam,3
2023-09-16,Malaysia,Klang,14
2023-05-26,Malaysia,Kulim,1
2023-05-26,Malaysia,Serian,1
2023-05-26,Malaysia,Kuala Muda,11
2023-05-26,Malaysia,Kuantan,18
2023-05-11,Malaysia,Port Dickson,17
2023-09-01,Malaysia,Barat Daya,17
2023-01-20,Malaysia,Ledang,2
2023-01-20,Malaysia,Barat Daya,3
2023-01-20,Malaysia,Kuala Terengganu,3
2023-04-18,Malaysia,Lawas,1
2023-08-08,Malaysia,Kuching,27
2023-11-02,Malaysia,Penang Island,319
2023-11-02,Malaysia,Seberang Perai Tengah,42
2023-05-28,Malaysia,Kuching,19
2023-09-04,Malaysia,Hulu Langat,2
2023-01-23,Malaysia,Kuala Lumpur,191
2023-01-23,Malaysia,Hulu Langat,4
2023-01-23,Malaysia,Mersing,2
2023-06-20,Malaysia,Rompin,1
2023-01-22,Malaysia,Kota Kinabalu,17
2023-01-22,Malaysia,Penampang,1
2023-11-18,Malaysia,Port Dickson,37
2023-09-17,Malaysia,Mersing,1
2023-05-28,Malaysia,Kuala Selangor,1
2023-05-13,Malaysia,Lawas,1
2023-05-14,Malaysia,Malacca City,103
2023-09-19,Malaysia,Jempol,3
2023-01-22,Malaysia,Rompin,2
2023-09-03,Malaysia,Batu Pahat,2
2023-11-14,Malaysia,Putrajaya,2
2023-11-14,Malaysia,Malacca City,170
2023-09-17,Malaysia,Seberang Perai Utara,1
2023-04-15,Malaysia,Bentong,30
2023-04-15,Malaysia,Kota Bharu,1
2023-04-06,Malaysia,Kulim,1
2023-04-29,Malaysia,Malacca City,162
2023-03-08,Malaysia,Seberang Perai Tengah,14
2023-03-08,Malaysia,Tampin,2
2023-03-08,Malaysia,Kuala Muda,4
2023-11-01,Malaysia,Kampar,6
2023-11-01,Malaysia,Klang,19
2023-08-19,Malaysia,Kota Tinggi,19
2023-08-19,Malaysia,Cameron Highlands,1
2023-10-08,Malaysia,Rompin,1
2023-10-08,Malaysia,Manjung,1
2023-09-26,Malaysia,Batu Pahat,6
2023-04-14,Malaysia,Kuala Pilah,1
2023-04-14,Malaysia,Kota Belud,2
2023-05-20,Malaysia,Sandakan,3
2023-05-20,Malaysia,Segamat,3
2023-04-28,Malaysia,Seberang Perai Selatan,8
2023-04-28,Malaysia,Klang,6
2023-09-12,Malaysia,Kuala Terengganu,10
2023-11-15,Malaysia,Shah Alam,33
2023-03-07,Malaysia,Kuala Muda,6
2023-03-07,Malaysia,Kuala Terengganu,5
2023-08-04,Malaysia,Langkawi,59
2023-08-04,Malaysia,Kota Kinabalu,2
2023-08-18,Malaysia,Seberang Perai Tengah,8
2023-09-25,Malaysia,Seremban,29
2023-09-25,Malaysia,Penang Island,215
2023-10-09,Malaysia,Kinta,49
2023-09-28,Malaysia,Alor Gajah,3
2023-09-28,Malaysia,Kuala Terengganu,3
2023-09-28,Malaysia,Seberang Perai Utara,1
2023-11-13,Malaysia,Muar,5
2023-11-13,Malaysia,Klang,14
2023-11-13,Malaysia,Penang Island,253
2023-11-13,Malaysia,Seberang Perai Tengah,11
2023-04-17,Malaysia,Seberang Perai Tengah,11
2023-10-06,Malaysia,Seberang Perai Utara,1
2023-05-23,Malaysia,Kubang Pasu,1
2023-06-30,Malaysia,Pontian,1
2023-09-27,Malaysia,Hulu Langat,6
2023-09-27,Malaysia,Kota Tinggi,29
2023-10-05,Malaysia,Kuantan,28
2023-04-01,Malaysia,Kuching,37
2023-11-12,Malaysia,Penang Island,239
2023-11-12,Malaysia,Sabak Bernam,1
2023-11-12,Malaysia,Bintulu,1
2023-11-12,Malaysia,Batang Padang,2
2023-01-01,Malaysia,Serian,1
2023-02-22,Malaysia,Serian,1
2023-09-13,Malaysia,Kuching,19
2023-09-13,Malaysia,Seremban,31
2023-04-01,Malaysia,Kota Setar,11
2023-04-02,Malaysia,Seberang Perai Utara,2
2023-04-02,Malaysia,Ledang,2
2023-06-26,Malaysia,Seberang Perai Selatan,4
2023-01-18,Malaysia,Kuala Pilah,2
2023-01-18,Malaysia,Kota Bharu,2
2023-06-01,Malaysia,Kuching,28
2023-06-11,Malaysia,Port Dickson,12
2023-02-10,Malaysia,Port Dickson,16
2023-02-10,Malaysia,Kinta,37
2023-02-10,Malaysia,Jempol,1
2023-02-10,Malaysia,Batang Padang,1
2023-10-30,Malaysia,Tampin,4
2023-03-31,Malaysia,Segamat,8
2023-06-29,Malaysia,Kuching,23
2023-06-29,Malaysia,Kota Bharu,4
2023-06-29,Malaysia,Mersing,1
2023-05-19,Malaysia,Kinta,38
2023-05-19,Malaysia,Besut,1
2023-05-19,Malaysia,Pontian,1
2023-05-08,Malaysia,Langkawi,75
2023-05-08,Malaysia,Tawau,3
2023-06-12,Malaysia,Kuala Terengganu,3
2023-06-14,Malaysia,Kota Tinggi,8
2023-06-15,Malaysia,Hulu Langat,9
2023-04-09,Malaysia,Kota Bharu,4
2023-01-11,Malaysia,Barat Daya,2
2023-06-28,Malaysia,Port Dickson,46
2023-05-02,Malaysia,Kuala Terengganu,11
2023-07-20,Malaysia,Segamat,1
2023-07-20,Malaysia,Kuala Selangor,5
2023-02-23,Malaysia,Kubang Pasu,1
2023-06-23,Malaysia,Miri,1
2023-04-08,Malaysia,Cameron Highlands,2
2023-01-24,Malaysia,Perak Tengah,1
2023-05-15,Malaysia,Kulim,2
2023-09-09,Malaysia,Langkawi,97
2023-05-16,Malaysia,Kulaijaya,25
2023-05-29,Malaysia,Langkawi,70
2023-05-29,Malaysia,Cameron Highlands,7
2023-01-25,Malaysia,Perlis,1
2023-02-24,Malaysia,Kulim,4
2023-01-11,Malaysia,Kota Setar,2
2023-01-11,Malaysia,Shah Alam,7
2023-01-11,Malaysia,Kota Bharu,1
2023-05-01,Malaysia,Kuching,24
2023-01-13,Malaysia,Kluang,4
2023-01-13,Malaysia,Batang Padang,1
2023-01-28,Malaysia,Batu Pahat,11
2023-09-08,Malaysia,Kuala Lumpur,481
2023-05-18,Malaysia,Batu Pahat,9
2023-06-22,Malaysia,Penang Island,193
2023-06-22,Malaysia,Pekan,1
2023-11-07,Malaysia,Tampin,1
2023-11-07,Malaysia,Langkawi,96
2023-11-07,Malaysia,Kota Kinabalu,15
2023-06-21,Malaysia,Cameron Highlands,3
2023-11-06,Malaysia,Klang,19
2023-06-10,Malaysia,Langkawi,56
2023-06-10,Malaysia,Kinta,26
2023-06-24,Malaysia,Kuala Lumpur,407
2023-01-27,Malaysia,Klang,5
2023-06-10,Malaysia,Keningau,1
2023-06-10,Malaysia,Kuala Muda,1
2023-01-26,Malaysia,Malacca City,128
2023-01-26,Malaysia,Kinta,48
2023-01-26,Malaysia,Johor Bahru,215
2023-01-26,Malaysia,Sibu,4
2023-06-25,Malaysia,Segamat,2
2023-05-17,Malaysia,Tanah Merah,1
2023-09-08,Malaysia,Perlis,2
2023-09-08,Malaysia,Putrajaya,1
2023-07-31,Malaysia,Kinta,53
2023-07-31,Malaysia,Kota Kinabalu,2
2023-02-17,Malaysia,Kuching,21
2023-02-17,Malaysia,Kampar,13
2023-10-23,Malaysia,Putrajaya,2
2023-10-23,Malaysia,Sabak Bernam,3
2023-07-28,Malaysia,Barat Daya,8
2023-03-23,Malaysia,Port Dickson,8
2023-08-20,Malaysia,Malacca City,137
2023-02-16,Malaysia,Port Dickson,36
2023-02-16,Malaysia,Klang,16
2023-02-16,Malaysia,Kulim,3
2023-02-16,Malaysia,Keningau,2
2023-10-24,Malaysia,Kuala Muda,5
2023-10-24,Malaysia,Cameron Highlands,1
2023-07-13,Malaysia,Bintulu,1
2023-02-01,Malaysia,Kampar,5
2023-02-01,Malaysia,Kota Setar,2
2023-03-22,Malaysia,Ranau,1
2023-10-10,Malaysia,Lawas,1
2023-10-10,Malaysia,Seberang Perai Selatan,7
2023-02-05,Malaysia,Penang Island,98
2023-02-05,Malaysia,Johor Bahru,180
2023-02-05,Malaysia,Kulaijaya,11
2023-02-05,Malaysia,Segamat,3
2023-02-05,Malaysia,Kuala Muda,8
2023-02-19,Malaysia,Seberang Perai Tengah,16
2023-02-19,Malaysia,Kuala Terengganu,2
2023-07-16,Malaysia,Port Dickson,31
2023-02-04,Malaysia,Malacca City,150
2023-10-21,Malaysia,Kulaijaya,16
2023-10-21,Malaysia,Klang,27
2023-03-25,Malaysia,Besut,1
2023-06-09,Malaysia,Kuala Lumpur,456
2023-06-09,Malaysia,Shah Alam,11
2023-06-09,Malaysia,Barat Daya,5
2023-07-15,Malaysia,Sandakan,1
2023-07-15,Malaysia,Miri,2
2023-02-18,Malaysia,Kuching,22
2023-02-18,Malaysia,Kuantan,13
2023-02-18,Malaysia,Besut,2
2023-07-01,Malaysia,Penang Island,132
2023-07-29,Malaysia,Seremban,27
2023-07-29,Malaysia,Shah Alam,14
2023-06-08,Malaysia,Kluang,3
2023-06-08,Malaysia,Temerloh,3
2023-03-24,Malaysia,Kampar,3
2023-01-06,Malaysia,Kota Setar,12
2023-01-06,Malaysia,Putatan,1
2023-02-27,Malaysia,Batu Pahat,6
2023-02-27,Malaysia,Manjung,10
2023-02-27,Malaysia,Mersing,2
2023-02-12,Malaysia,Kuala Lumpur,315
2023-02-12,Malaysia,Seremban,35
2023-02-12,Malaysia,Dungun,2
2023-06-17,Malaysia,Klang,8
2023-01-05,Malaysia,Shah Alam,4
2023-08-30,Malaysia,Bentong,39
2023-08-30,Malaysia,Kota Kinabalu,4
2023-07-23,Malaysia,Kota Setar,1
2023-01-19,Malaysia,Muar,5
2023-01-19,Malaysia,Kota Tinggi,19
2023-06-02,Malaysia,Shah Alam,6
2023-06-16,Malaysia,Raub,3
2023-02-25,Malaysia,Kuching,40
2023-02-25,Malaysia,Kuala Terengganu,3
2023-07-12,Malaysia,Penang Island,215
2023-07-12,Malaysia,Johor Bahru,296
2023-06-05,Malaysia,Kulaijaya,13
2023-01-08,Malaysia,Kota Bharu,2
2023-07-26,Malaysia,Shah Alam,13
2023-10-31,Malaysia,Temerloh,2
2023-03-21,Malaysia,Kuala Lumpur,193
2023-03-21,Malaysia,Cameron Highlands,1
2023-02-28,Malaysia,Langkawi,88
2023-06-04,Malaysia,Kuala Muda,7
2023-06-04,Malaysia,Temerloh,2
2023-01-07,Malaysia,Kinta,33
2023-01-07,Malaysia,Kulaijaya,12
2023-07-11,Malaysia,Kubang Pasu,1
2023-03-20,Malaysia,Kinta,16
2023-03-20,Malaysia,Semporna,1
2023-07-10,Malaysia,Seremban,15
2023-07-10,Malaysia,Miri,3
2023-07-10,Malaysia,Besut,1
2023-07-25,Malaysia,Kluang,4
2023-02-13,Malaysia,Langkawi,92
2023-04-25,Malaysia,Tampin,2
2023-08-01,Malaysia,Ranau,1
2023-10-03,Malaysia,Jempol,10
2023-10-03,Malaysia,Sibu,1
2023-03-04,Malaysia,Jempol,3
2023-03-04,Malaysia,Kubang Pasu,3
2023-10-03,Malaysia,Bintulu,1
2023-03-18,Malaysia,Keningau,1
2023-03-18,Malaysia,Kuantan,13
2023-08-15,Malaysia,Kuching,17
2023-07-08,Malaysia,Klang,14
2023-04-10,Malaysia,Ranau,2
2023-04-10,Malaysia,Lahad Datu,3
2023-04-24,Malaysia,Kuching,18
2023-10-04,Malaysia,N/A,9
2023-03-17,Malaysia,Kuala Terengganu,2
2023-05-30,Malaysia,Shah Alam,23
2023-05-30,Malaysia,Tambunan,1
2023-07-07,Malaysia,Seberang Perai Selatan,1
2023-07-07,Malaysia,Kuala Langat,3
2023-07-07,Malaysia,Kampar,7
2023-07-07,Malaysia,Kuala Terengganu,7
2023-08-14,Malaysia,Kuching,29
2023-08-14,Malaysia,Klang,2
2023-08-28,Malaysia,Kulim,1
2023-08-28,Malaysia,Seremban,30
2023-03-02,Malaysia,Kuantan,50
2023-09-10,Malaysia,Sandakan,1
2023-11-11,Malaysia,Kota Bharu,4
2023-11-11,Malaysia,Port Dickson,75
2023-10-29,Malaysia,Barat Daya,2
2023-03-06,Malaysia,Tuaran,2
2023-10-15,Malaysia,Pasir Putih,1
2023-10-15,Malaysia,Kuala Selangor,3
2023-08-03,Malaysia,Batang Padang,8
2023-10-01,Malaysia,Kuala Selangor,1
2023-10-16,Malaysia,Miri,1
2023-10-16,Malaysia,Jempol,3
2023-04-12,Malaysia,Keningau,4
2023-03-19,Malaysia,Semporna,1
2023-10-02,Malaysia,Malacca City,194
2023-08-02,Malaysia,Kulaijaya,14
2023-08-02,Malaysia,Kluang,6
2023-08-02,Malaysia,Kampar,4
2023-07-09,Malaysia,Kota Kinabalu,2
2023-04-11,Malaysia,Hulu Langat,3
2023-04-11,Malaysia,Miri,6
2023-10-13,Malaysia,Seberang Perai Utara,3
2023-10-13,Malaysia,Kuala Selangor,1
2023-02-07,Malaysia,Kuala Muda,14
2023-02-07,Malaysia,Kota Setar,6
2023-08-11,Malaysia,Kuala Langat,1
2023-08-25,Malaysia,Langkawi,49
2023-04-20,Malaysia,Kota Kinabalu,9
2023-04-20,Malaysia,Seberang Perai Selatan,6
2023-04-20,Malaysia,Kuantan,17
2023-03-28,Malaysia,Port Dickson,10
2023-04-20,Malaysia,Dungun,1
2023-11-20,Malaysia,Kluang,4
2023-03-27,Malaysia,Kanowit,1
2023-02-06,Malaysia,Penampang,8
2023-08-10,Malaysia,Batu Pahat,4
2023-03-13,Malaysia,Kanowit,1
2023-03-13,Malaysia,Kota Bharu,7
2023-03-13,Malaysia,Temerloh,1
2023-10-28,Malaysia,Genting Highlands,30
2023-03-12,Malaysia,Malacca City,96
2023-03-12,Malaysia,Kuala Pilah,1
2023-03-12,Malaysia,Kinta,36
2023-11-21,Malaysia,Langkawi,80
2023-09-20,Malaysia,Rompin,1
2023-09-30,Malaysia,Batang Padang,1
2023-08-13,Malaysia,Johor Bahru,206
2023-10-26,Malaysia,Genting Highlands,46
2023-10-26,Malaysia,Johor Bahru,208
2023-03-15,Malaysia,Seremban,32
2023-04-22,Malaysia,Seberang Perai Selatan,4
2023-03-29,Malaysia,Port Dickson,8
2023-02-08,Malaysia,Kuantan,32
2023-08-26,Malaysia,Bentong,41
2023-04-21,Malaysia,Kanowit,1
2023-09-02,Malaysia,Muar,10
2023-11-19,Malaysia,Johor Bahru,173
2023-04-19,Malaysia,Seremban,25
2023-04-19,Malaysia,Kota Bharu,1
2023-08-09,Malaysia,Seberang Perai Selatan,6
2023-05-26,Malaysia,Bentong,37
2023-09-01,Malaysia,Bentong,36
2023-04-04,Malaysia,Port Dickson,4
2023-04-04,Malaysia,Kota Bharu,2
2023-09-15,Malaysia,Perlis,1
2023-04-18,Malaysia,Kulaijaya,14
2023-04-18,Malaysia,Pekan,1
2023-11-16,Malaysia,Kuala Lumpur,598
2023-11-16,Malaysia,Kluang,6
2023-09-29,Malaysia,Kota Tinggi,25
2023-11-05,Malaysia,Shah Alam,16
2023-11-05,Malaysia,Bintulu,1
2023-04-07,Malaysia,Shah Alam,10
2023-04-07,Malaysia,Port Dickson,4
2023-09-04,Malaysia,Penang Island,149
2023-09-04,Malaysia,Tampin,2
2023-11-03,Malaysia,Alor Gajah,1
2023-11-17,Malaysia,Seberang Perai Tengah,27
2023-05-28,Malaysia,Seberang Perai Utara,1
2023-01-22,Malaysia,Miri,2
2023-05-27,Malaysia,Ledang,4
2023-09-17,Malaysia,Ranau,1
2023-04-06,Malaysia,Lahad Datu,1
2023-04-06,Malaysia,Tawau,5
2023-03-08,Malaysia,Kuala Lumpur,574
2023-09-26,Malaysia,Bentong,55
2023-11-01,Malaysia,Cameron Highlands,3
2023-08-19,Malaysia,Hulu Langat,2
2023-08-19,Malaysia,Kota Kinabalu,2
2023-05-12,Malaysia,Seberang Perai Utara,1
2023-08-05,Malaysia,Kuala Lumpur,317
2023-10-08,Malaysia,Seberang Perai Tengah,7
2023-04-14,Malaysia,Port Dickson,9
2023-08-05,Malaysia,Kuala Langat,3
2023-09-11,Malaysia,Barat Daya,4
2023-05-20,Malaysia,Kulaijaya,29
2023-11-15,Malaysia,Kota Bharu,11
2023-03-07,Malaysia,Kampar,9
2023-03-07,Malaysia,Klang,7
2023-08-18,Malaysia,Malacca City,118
2023-08-18,Malaysia,Rompin,2
2023-04-13,Malaysia,Barat Daya,7
2023-09-25,Malaysia,Kota Tinggi,12
2023-11-13,Malaysia,Perlis,3
2023-11-13,Malaysia,Tampin,1
2023-11-13,Malaysia,Port Dickson,42
2023-11-13,Malaysia,Kuala Selangor,1
2023-08-07,Malaysia,Klang,3
2023-04-16,Malaysia,Manjung,1
2023-04-16,Malaysia,Sandakan,1
2023-05-23,Malaysia,Kuala Lumpur,389
2023-05-23,Malaysia,Sandakan,6
2023-01-30,Malaysia,Sri Aman,1
2023-04-03,Malaysia,Ledang,1
2023-04-03,Malaysia,Kampar,6
2023-06-30,Malaysia,Batang Padang,2
2023-09-27,Malaysia,Seremban,26
2023-09-27,Malaysia,Seberang Perai Tengah,12
2023-10-05,Malaysia,Hulu Langat,1
2023-06-13,Malaysia,Kuching,35
2023-06-13,Malaysia,Seberang Perai Selatan,5
2023-06-13,Malaysia,Kota Tinggi,4
2023-04-01,Malaysia,Port Dickson,9
2023-03-09,Malaysia,Perak Tengah,1
2023-03-09,Malaysia,Kuching,30
2023-03-09,Malaysia,Manjung,4
2023-11-12,Malaysia,Johor Bahru,256
2023-01-01,Malaysia,Langkawi,35
2023-01-01,Malaysia,Kampar,1
2023-02-22,Malaysia,Klang,7
2023-08-06,Malaysia,Cameron Highlands,6
2023-04-01,Malaysia,Kubang Pasu,1
2023-05-22,Malaysia,Ranau,8
2023-04-02,Malaysia,Besut,1
2023-04-02,Malaysia,Perlis,1
2023-01-18,Malaysia,Tawau,3
2023-01-18,Malaysia,Cameron Highlands,1
2023-01-18,Malaysia,Seberang Perai Utara,1
2023-06-11,Malaysia,Johor Bahru,272
2023-06-11,Malaysia,Tambunan,1
2023-02-10,Malaysia,Bintulu,2
2023-10-30,Malaysia,Kota Setar,14
2023-05-05,Malaysia,Besut,1
2023-05-19,Malaysia,Langkawi,72
2023-03-31,Malaysia,Klang,6
2023-06-29,Malaysia,Ranau,5
2023-01-14,Malaysia,Seremban,43
2023-06-12,Malaysia,Temerloh,1
2023-06-14,Malaysia,Seberang Perai Tengah,17
2023-06-14,Malaysia,Kuantan,13
2023-06-14,Malaysia,Pasir Putih,1
2023-06-15,Malaysia,Temerloh,6
2023-02-21,Malaysia,Perlis,6
2023-06-26,Malaysia,Raub,6
2023-06-26,Malaysia,Rompin,4
2023-01-11,Malaysia,Penang Island,128
2023-07-20,Malaysia,Mersing,4
2023-02-23,Malaysia,Malacca City,151
2023-01-03,Malaysia,Johor Bahru,142
2023-01-03,Malaysia,Kampar,4
2023-01-03,Malaysia,Seberang Perai Tengah,3
2023-11-09,Malaysia,Rompin,1
2023-01-24,Malaysia,Kota Kinabalu,11
2023-01-24,Malaysia,Pasir Putih,1
2023-05-15,Malaysia,Rompin,2
2023-09-09,Malaysia,Seremban,31
2023-01-10,Malaysia,Kuala Muda,3
2023-05-16,Malaysia,Seremban,33
2023-01-16,Malaysia,Shah Alam,13
2023-05-29,Malaysia,Kinta,69
2023-05-29,Malaysia,Kampar,9
2023-05-15,Malaysia,Lawas,1
2023-01-25,Malaysia,Kota Kinabalu,13
2023-01-25,Malaysia,Kota Tinggi,10
2023-02-24,Malaysia,Batu Pahat,11
2023-02-24,Malaysia,Pontian,3
2023-07-21,Malaysia,Hulu Langat,9
2023-07-21,Malaysia,Kuala Terengganu,4
2023-05-01,Malaysia,Alor Gajah,1
2023-09-05,Malaysia,Klang,5
2023-01-13,Malaysia,Kubang Pasu,2
2023-01-28,Malaysia,Miri,2
2023-05-18,Malaysia,Kota Kinabalu,20
2023-11-07,Malaysia,Perlis,2
2023-11-07,Malaysia,Johor Bahru,323
2023-11-07,Malaysia,Cameron Highlands,2
2023-02-20,Malaysia,Kuala Langat,1
2023-02-20,Malaysia,Cameron Highlands,1
2023-06-21,Malaysia,Kulaijaya,16
2023-06-21,Malaysia,Kuala Terengganu,6
2023-06-10,Malaysia,Shah Alam,7
2023-01-27,Malaysia,Kuala Lumpur,246
2023-01-12,Malaysia,Kuching,14
2023-01-12,Malaysia,Tawau,2
2023-05-17,Malaysia,Kulim,6
2023-09-08,Malaysia,Seremban,43
2023-07-31,Malaysia,Kuala Lumpur,521
2023-07-31,Malaysia,Shah Alam,14
2023-07-31,Malaysia,Miri,1
2023-09-07,Malaysia,Cameron Highlands,4
2023-11-08,Malaysia,Putrajaya,3
2023-01-26,Malaysia,Perlis,1
2023-01-26,Malaysia,Segamat,4
2023-02-17,Malaysia,Serian,1
2023-08-21,Malaysia,Batu Pahat,10
2023-07-14,Malaysia,Kulaijaya,25
2023-07-14,Malaysia,Hulu Langat,12
2023-07-14,Malaysia,Lawas,1
2023-04-30,Malaysia,Kuala Muda,4
2023-10-23,Malaysia,Kuantan,32
2023-10-23,Malaysia,Seremban,13
2023-07-28,Malaysia,Kinta,53
2023-02-02,Malaysia,Kota Kinabalu,18
2023-03-23,Malaysia,Kuala Lumpur,263
2023-03-23,Malaysia,Seberang Perai Selatan,3
2023-03-23,Malaysia,Keningau,2
2023-03-23,Malaysia,Pontian,2
2023-08-20,Malaysia,Kuala Selangor,2
2023-02-16,Malaysia,Hilir Perak,2
2023-10-24,Malaysia,Seberang Perai Selatan,4
2023-07-13,Malaysia,Kulaijaya,21
2023-07-13,Malaysia,Kinta,52
2023-01-09,Malaysia,Johor Bahru,137
2023-01-09,Malaysia,Batu Pahat,3
2023-01-09,Malaysia,Seberang Perai Utara,5
2023-03-22,Malaysia,Kulim,1
2023-03-22,Malaysia,Kuala Langat,3
2023-03-22,Malaysia,Marang,1
2023-06-06,Malaysia,Shah Alam,10
2023-06-06,Malaysia,Barat Daya,16
2023-07-27,Malaysia,Perak Tengah,2
2023-10-10,Malaysia,Kudat,1
2023-10-10,Malaysia,Manjung,4
2023-10-10,Malaysia,Shah Alam,23
2023-08-23,Malaysia,Kuala Terengganu,8
2023-07-02,Malaysia,Tawau,1
2023-07-02,Malaysia,Tampin,1
2023-03-26,Malaysia,Malacca City,103
2023-03-26,Malaysia,Klang,4
2023-03-26,Malaysia,Segamat,8
2023-02-19,Malaysia,Johor Bahru,263
2023-02-19,Malaysia,Port Dickson,32
2023-07-16,Malaysia,Perlis,1
2023-02-04,Malaysia,Kuala Selangor,1
2023-02-04,Malaysia,Seberang Perai Utara,1
2023-10-21,Malaysia,Hulu Langat,2
2023-03-25,Malaysia,Kulaijaya,11
2023-06-09,Malaysia,Perak Tengah,2
2023-07-15,Malaysia,Kulaijaya,34
2023-07-15,Malaysia,Kota Kinabalu,10
2023-07-15,Malaysia,Kota Tinggi,7
2023-07-01,Malaysia,Tampin,1
2023-03-10,Malaysia,Bachok,2
2023-06-08,Malaysia,Seremban,33
2023-03-24,Malaysia,Seberang Perai Selatan,2
2023-03-24,Malaysia,Batu Pahat,1
2023-02-03,Malaysia,Johor Bahru,256
2023-02-03,Malaysia,Kuantan,13
2023-01-06,Malaysia,Kulaijaya,7
2023-02-27,Malaysia,Larut and Matang,2
2023-07-24,Malaysia,Pekan,1
2023-07-24,Malaysia,Kuantan,3
2023-06-03,Malaysia,Kampar,10
2023-06-03,Malaysia,Kota Setar,2
2023-02-12,Malaysia,Rompin,4
2023-02-12,Malaysia,Besut,1
2023-06-17,Malaysia,Raub,4
2023-06-17,Malaysia,Larut and Matang,1
2023-01-05,Malaysia,Kuantan,15
2023-02-26,Malaysia,Kluang,5
2023-02-26,Malaysia,Cameron Highlands,3
2023-07-23,Malaysia,Klang,5
2023-07-23,Malaysia,Batu Pahat,7
2023-01-19,Malaysia,Kota Setar,4
2023-06-16,Malaysia,Seberang Perai Utara,2
2023-06-16,Malaysia,Segamat,1
2023-06-16,Malaysia,Pekan,1
2023-06-16,Malaysia,Rompin,1
2023-02-25,Malaysia,Malacca City,136
2023-02-11,Malaysia,Malacca City,132
2023-02-11,Malaysia,Manjung,4
2023-02-11,Malaysia,Bintulu,3
2023-02-11,Malaysia,Labuan,9
2023-02-25,Malaysia,Segamat,3
2023-07-12,Malaysia,Seberang Perai Selatan,1
2023-07-12,Malaysia,Perlis,1
2023-01-08,Malaysia,Penang Island,87
2023-01-08,Malaysia,Kulaijaya,20
2023-01-08,Malaysia,Seberang Perai Tengah,4
2023-01-08,Malaysia,Pasir Putih,1
2023-01-08,Malaysia,Rompin,1
2023-07-26,Malaysia,Kluang,15
2023-10-31,Malaysia,Kuala Lumpur,713
2023-03-21,Malaysia,Kampar,7
2023-03-21,Malaysia,Barat Daya,3
2023-06-04,Malaysia,Kluang,6
2023-01-07,Malaysia,Port Dickson,3
2023-07-11,Malaysia,Shah Alam,23
2023-07-11,Malaysia,Kota Tinggi,6
2023-03-20,Malaysia,Kluang,3
2023-03-20,Malaysia,Perlis,4
2023-03-20,Malaysia,Manjung,3
2023-06-18,Malaysia,Kuantan,2
2023-06-18,Malaysia,Cameron Highlands,3
2023-06-18,Malaysia,Manjung,4
2023-07-10,Malaysia,Hulu Langat,5
2023-07-10,Malaysia,Kuantan,5
2023-07-25,Malaysia,Tampin,1
2023-02-13,Malaysia,Muar,14
2023-02-13,Malaysia,Cameron Highlands,3
2023-10-17,Malaysia,Kuching,19
2023-08-01,Malaysia,Kuala Langat,4
2023-08-01,Malaysia,Kluang,6
2023-09-22,Malaysia,Pasir Putih,1
2023-09-22,Malaysia,Port Dickson,21
2023-10-03,Malaysia,Ranau,1
2023-03-18,Malaysia,Bentong,20
2023-03-18,Malaysia,Larut and Matang,1
2023-03-18,Malaysia,Barat Daya,6
2023-08-29,Malaysia,Johor Bahru,241
2023-08-29,Malaysia,Seberang Perai Utara,1
2023-05-31,Malaysia,Malacca City,177
2023-03-03,Malaysia,Perlis,3
2023-07-08,Malaysia,Muar,4
2023-07-08,Malaysia,Ranau,3
2023-03-03,Malaysia,Mersing,1
2023-04-10,Malaysia,Seremban,33
2023-04-24,Malaysia,Shah Alam,11
2023-09-21,Malaysia,Shah Alam,13
2023-09-21,Malaysia,Barat Daya,8
2023-09-21,Malaysia,Malacca City,163
2023-10-18,Malaysia,Kluang,5
2023-10-18,Malaysia,Bentong,5
2023-05-30,Malaysia,Barat Daya,14
2023-05-30,Malaysia,Langkawi,52
2023-07-07,Malaysia,Kuching,35
2023-07-07,Malaysia,Kluang,7
2023-08-14,Malaysia,Kota Tinggi,7
2023-08-14,Malaysia,Shah Alam,2
2023-08-28,Malaysia,Kuala Selangor,7
2023-03-02,Malaysia,Malacca City,175
2023-10-19,Malaysia,Kota Tinggi,16
2023-04-23,Malaysia,Malacca City,82
2023-11-11,Malaysia,Batu Pahat,9
2023-10-29,Malaysia,Perlis,1
2023-10-29,Malaysia,Kubang Pasu,1
2023-04-27,Malaysia,Kluang,3
2023-03-06,Malaysia,Kuala Pilah,1
2023-10-15,Malaysia,Kuantan,15
2023-08-03,Malaysia,Johor Bahru,339
2023-08-03,Malaysia,Kota Tinggi,19
2023-08-17,Malaysia,Shah Alam,8
2023-10-01,Malaysia,Kuala Lumpur,448
2023-03-05,Malaysia,Seremban,25
2023-04-12,Malaysia,Kuala Muda,10
2023-03-19,Malaysia,Kota Kinabalu,8
2023-03-19,Malaysia,Kulaijaya,6
2023-10-02,Malaysia,Rompin,2
2023-10-02,Malaysia,Johor Bahru,284
2023-08-02,Malaysia,Keningau,1
2023-04-26,Malaysia,Kuantan,20
2023-10-27,Malaysia,Johor Bahru,210
2023-04-11,Malaysia,Shah Alam,8
2023-04-11,Malaysia,Langkawi,80
2023-10-13,Malaysia,Bentong,3
2023-10-13,Malaysia,Hulu Langat,4
2023-02-07,Malaysia,Langkawi,92
2023-02-07,Malaysia,Cameron Highlands,7
2023-08-25,Malaysia,Penang Island,169
2023-03-28,Malaysia,Klang,9
2023-03-28,Malaysia,Kampar,4
2023-11-20,Malaysia,Seberang Perai Tengah,26
2023-03-27,Malaysia,Kulaijaya,13
2023-03-27,Malaysia,Pontian,3
2023-02-06,Malaysia,Seberang Perai Selatan,4
2023-10-28,Malaysia,Manjung,1
2023-10-28,Malaysia,Port Dickson,17
2023-10-14,Malaysia,Jempol,1
2023-10-14,Malaysia,Port Dickson,13
2023-07-17,Malaysia,Pendang,2
2023-03-12,Malaysia,Seberang Perai Tengah,18
2023-03-12,Malaysia,Perlis,3
2023-03-12,Malaysia,Kanowit,1
2023-03-16,Malaysia,Kluang,5
2023-10-25,Malaysia,Perlis,1
2023-10-25,Malaysia,Kluang,9
2023-10-25,Malaysia,Kota Kinabalu,1
2023-10-25,Malaysia,Malacca City,218
2023-09-30,Malaysia,Hulu Langat,7
2023-09-30,Malaysia,Kuala Selangor,2
2023-10-11,Malaysia,Kinta,55
2023-02-09,Malaysia,Kulim,8
2023-08-27,Malaysia,Kota Bharu,7
2023-07-06,Malaysia,Penang Island,203
2023-08-13,Malaysia,Rompin,3
2023-03-01,Malaysia,Kuala Lumpur,720
2023-03-01,Malaysia,Perak Tengah,2
2023-03-01,Malaysia,Kuala Terengganu,5
2023-10-26,Malaysia,Kuching,19
2023-08-12,Malaysia,Manjung,1
2023-08-12,Malaysia,Muar,4
2023-08-12,Malaysia,Kuala Selangor,1
2023-04-22,Malaysia,Kota Kinabalu,6
2023-03-29,Malaysia,Kuala Muda,4
2023-02-08,Malaysia,Kuala Terengganu,10
2023-08-26,Malaysia,Kuala Langat,1
2023-08-26,Malaysia,Batu Pahat,3
2023-08-26,Malaysia,Kuala Terengganu,4
2023-10-12,Malaysia,Temerloh,1
2023-03-14,Malaysia,Pekan,1
2023-03-14,Malaysia,Seremban,32
2023-09-02,Malaysia,Kuching,12
2023-01-21,Malaysia,Johor Bahru,154
2023-01-21,Malaysia,Batu Pahat,2
2023-04-19,Malaysia,Penang Island,190
2023-09-16,Malaysia,Langkawi,100
2023-08-09,Malaysia,Jempol,8
2023-08-09,Malaysia,Kluang,1
2023-05-26,Malaysia,Semporna,2
2023-05-26,Malaysia,Temerloh,3
2023-05-11,Malaysia,Malacca City,129
2023-05-11,Malaysia,Seberang Perai Tengah,7
2023-05-11,Malaysia,Tampin,1
2023-05-11,Malaysia,Dungun,1
2023-05-25,Malaysia,Kuching,33
2023-09-01,Malaysia,Langkawi,51
2023-04-18,Malaysia,Kinta,36
2023-04-18,Malaysia,Sabak Bernam,1
2023-09-29,Malaysia,Kinta,44
2023-09-29,Malaysia,Kuala Muda,7
2023-04-07,Malaysia,Hulu Langat,15
2023-04-07,Malaysia,Klang,10
2023-04-07,Malaysia,Ledang,3
2023-04-07,Malaysia,Kubang Pasu,1
2023-08-08,Malaysia,Kota Kinabalu,4
2023-11-02,Malaysia,Malacca City,184
2023-11-02,Malaysia,Barat Daya,12
2023-11-02,Malaysia,Kota Tinggi,29
2023-05-28,Malaysia,Tawau,10
2023-11-03,Malaysia,Muar,15
2023-11-03,Malaysia,Penang Island,408
2023-09-18,Malaysia,Kuantan,33
2023-01-23,Malaysia,Malacca City,101
2023-01-23,Malaysia,Muar,11
2023-01-23,Malaysia,Pontian,3
2023-11-17,Malaysia,Ledang,1
2023-01-22,Malaysia,Kuala Terengganu,4
2023-11-18,Malaysia,Kinta,50
2023-11-18,Malaysia,Malacca City,146
2023-09-17,Malaysia,Langkawi,92
2023-09-17,Malaysia,Jempol,2
2023-05-28,Malaysia,Kulim,4
2023-05-13,Malaysia,Kuala Lumpur,256
2023-05-13,Malaysia,Langkawi,50
2023-05-27,Malaysia,Kota Setar,2
2023-05-12,Malaysia,Muar,4
2023-11-14,Malaysia,Seberang Perai Utara,9
2023-04-15,Malaysia,Batu Pahat,2
2023-04-15,Malaysia,Pontian,3
2023-04-15,Malaysia,Perlis,1
2023-04-29,Malaysia,Barat Daya,8
2023-03-08,Malaysia,Kota Tinggi,12
2023-03-08,Malaysia,Segamat,1
2023-03-08,Malaysia,Kota Kinabalu,12
2023-09-26,Malaysia,Penang Island,228
2023-01-31,Malaysia,Kuantan,17
2023-11-01,Malaysia,Johor Bahru,258
2023-08-19,Malaysia,Tampin,1
2023-08-05,Malaysia,Johor Bahru,186
2023-10-08,Malaysia,Tawau,1
2023-10-08,Malaysia,Tampin,1
2023-10-08,Malaysia,Shah Alam,15
2023-10-08,Malaysia,Kuala Lumpur,477
2023-09-26,Malaysia,Barat Daya,2
2023-04-14,Malaysia,Miri,10
2023-08-05,Malaysia,Jempol,11
2023-05-20,Malaysia,Hulu Langat,10
2023-05-20,Malaysia,Batang Padang,5
2023-04-28,Malaysia,Lawas,2
2023-09-12,Malaysia,Barat Daya,5
2023-11-15,Malaysia,Hulu Langat,8
2023-03-07,Malaysia,Rompin,1
2023-08-18,Malaysia,Kota Tinggi,15
2023-06-30,Malaysia,Kuching,34
2023-09-28,Malaysia,Hulu Langat,16
2023-11-13,Malaysia,Kota Kinabalu,2
2023-08-07,Malaysia,Perak Tengah,3
2023-04-17,Malaysia,Hulu Langat,7
2023-04-16,Malaysia,Kuala Muda,4
2023-05-23,Malaysia,Seberang Perai Tengah,14
2023-05-23,Malaysia,Batu Pahat,13
2023-01-30,Malaysia,Miri,1
2023-06-30,Malaysia,Rompin,2
2023-09-27,Malaysia,Alor Gajah,3
2023-10-05,Malaysia,Kinta,57
2023-10-05,Malaysia,Seberang Perai Selatan,7
2023-03-09,Malaysia,Kampar,5
2023-03-09,Malaysia,Kuala Selangor,1
2023-11-12,Malaysia,Kuala Pilah,2
2023-11-12,Malaysia,Seberang Perai Tengah,10
2023-01-01,Malaysia,Johor Bahru,109
2023-01-01,Malaysia,Rompin,2
2023-02-22,Malaysia,Kampar,4
2023-08-06,Malaysia,Seberang Perai Selatan,4
2023-05-06,Malaysia,Alor Gajah,1
2023-09-13,Malaysia,Kuantan,24
2023-04-01,Malaysia,Keningau,9
2023-04-01,Malaysia,Miri,4
2023-05-22,Malaysia,Semporna,4
2023-05-22,Malaysia,Manjung,8
2023-04-02,Malaysia,Malacca City,90
2023-04-02,Malaysia,Bentong,49
2023-04-02,Malaysia,Kubang Pasu,1
2023-06-27,Malaysia,Tampin,1
2023-05-05,Malaysia,Seremban,21
2023-01-18,Malaysia,Batu Pahat,1
2023-06-11,Malaysia,Kinta,36
2023-06-11,Malaysia,Barat Daya,1
2023-07-22,Malaysia,Muar,2
2023-07-22,Malaysia,Port Dickson,38
2023-02-10,Malaysia,Lawas,2
2023-03-31,Malaysia,Tampin,1
2023-03-31,Malaysia,Kluang,6
2023-03-31,Malaysia,Bintulu,1
2023-05-19,Malaysia,Hulu Langat,12
2023-01-15,Malaysia,Ranau,1
2023-01-15,Malaysia,Putrajaya,1
2023-01-14,Malaysia,Kota Kinabalu,21
2023-01-14,Malaysia,Cameron Highlands,1
2023-01-02,Malaysia,Klang,2
2023-01-02,Malaysia,Keningau,1
2023-06-12,Malaysia,Bera,2
2023-06-15,Malaysia,Kota Tinggi,18
2023-06-15,Malaysia,Kuala Terengganu,13
2023-02-21,Malaysia,Seberang Perai Selatan,1
2023-04-09,Malaysia,Hulu Langat,8
2023-04-09,Malaysia,Bentong,22
2023-04-09,Malaysia,Kubang Pasu,7
2023-06-23,Malaysia,Malacca City,167
2023-06-23,Malaysia,Batang Padang,2
2023-06-28,Malaysia,Kota Bharu,1
2023-07-20,Malaysia,Kota Bharu,3
2023-05-07,Malaysia,Seberang Perai Tengah,10
2023-03-30,Malaysia,Kemaman,1
2023-02-23,Malaysia,Hulu Langat,24
2023-02-23,Malaysia,Kota Setar,13
2023-04-08,Malaysia,Malacca City,81
2023-04-08,Malaysia,Langkawi,39
2023-11-09,Malaysia,Langkawi,110
2023-01-24,Malaysia,Kuching,16
2023-01-24,Malaysia,Kuala Pilah,4
2023-09-09,Malaysia,Kinta,39
2023-05-16,Malaysia,Penang Island,251
2023-05-16,Malaysia,Seberang Perai Selatan,1
2023-05-16,Malaysia,Bentong,35
2023-01-16,Malaysia,Kuala Selangor,2
2023-05-29,Malaysia,Muar,15
2023-05-29,Malaysia,Sandakan,2
2023-01-25,Malaysia,Port Dickson,12
2023-09-06,Malaysia,Kuching,28
2023-07-21,Malaysia,Mersing,13
2023-01-11,Malaysia,Ledang,1
2023-01-11,Malaysia,Kota Tinggi,13
2023-01-11,Malaysia,Seberang Perai Tengah,2
2023-01-13,Malaysia,Kuching,24
2023-01-28,Malaysia,Labuan,2
2023-09-08,Malaysia,Kuantan,18
2023-05-18,Malaysia,Tawau,10
2023-05-18,Malaysia,Klang,18
2023-05-18,Malaysia,Temerloh,9
2023-11-07,Malaysia,Kinta,47
2023-05-04,Malaysia,Kanowit,1
2023-06-21,Malaysia,Jempol,1
2023-05-03,Malaysia,Kuantan,18
2023-06-24,Malaysia,Miri,6
2023-01-12,Malaysia,Malacca City,160
2023-01-12,Malaysia,Langkawi,49
2023-01-12,Malaysia,Jempol,1
2023-01-26,Malaysia,Port Dickson,18
2023-01-26,Malaysia,Sabak Bernam,2
2023-06-25,Malaysia,Kampar,5
2023-07-31,Malaysia,Langkawi,83
2023-09-07,Malaysia,Johor Bahru,345
2023-09-07,Malaysia,Besut,1
2023-11-08,Malaysia,Kuala Muda,10
2023-01-26,Malaysia,Besut,2
2023-02-17,Malaysia,Ledang,1
2023-02-17,Malaysia,Tanah Merah,1
2023-08-21,Malaysia,Johor Bahru,232
2023-08-21,Malaysia,Kota Setar,1
2023-07-14,Malaysia,Kuala Selangor,6
2023-04-30,Malaysia,Langkawi,53
2023-10-23,Malaysia,Jempol,2
2023-10-23,Malaysia,Perak Tengah,1
2023-06-07,Malaysia,Shah Alam,17
2023-08-20,Malaysia,Barat Daya,7
2023-10-24,Malaysia,Putatan,1
2023-07-13,Malaysia,Kota Setar,6
2023-02-01,Malaysia,Labuan,1
2023-03-22,Malaysia,Malacca City,110
2023-02-15,Malaysia,Kota Kinabalu,61
2023-02-15,Malaysia,Besut,1
2023-10-10,Malaysia,Kuala Terengganu,4
2023-02-05,Malaysia,Kubang Pasu,4
2023-02-05,Malaysia,Kuantan,8
2023-07-02,Malaysia,Barat Daya,4
2023-07-02,Malaysia,Klang,6
2023-03-26,Malaysia,Jerantut,1
2023-03-11,Malaysia,Lahad Datu,1
2023-07-16,Malaysia,Kinta,45
2023-02-04,Malaysia,Klang,13
2023-10-21,Malaysia,Shah Alam,13
2023-06-09,Malaysia,Muar,9
2023-06-09,Malaysia,Seberang Perai Tengah,8
2023-06-09,Malaysia,Manjung,1
2023-08-22,Malaysia,Kota Tinggi,20
2023-07-15,Malaysia,Segamat,2
2023-02-18,Malaysia,Penampang,3
2023-07-01,Malaysia,Miri,2
2023-10-22,Malaysia,Kluang,6
2023-07-29,Malaysia,Kulim,2
2023-03-10,Malaysia,Langkawi,64
2023-06-08,Malaysia,Bentong,34
2023-06-08,Malaysia,Raub,6
2023-01-06,Malaysia,Kota Kinabalu,14
2023-06-03,Malaysia,Pendang,1
2023-02-12,Malaysia,Kluang,4
2023-06-17,Malaysia,Johor Bahru,243
2023-08-30,Malaysia,Port Dickson,52
2023-08-30,Malaysia,Temerloh,2
2023-08-30,Malaysia,Rompin,1
2023-07-23,Malaysia,Kinta,27
2023-07-23,Malaysia,Mersing,7
2023-07-23,Malaysia,Pasir Putih,1
2023-06-02,Malaysia,Kota Setar,6
2023-06-02,Malaysia,Kota Bharu,4
2023-02-11,Malaysia,Sandakan,2
2023-02-11,Malaysia,Seberang Perai Utara,1
2023-10-20,Malaysia,Seremban,16
2023-02-25,Malaysia,Kinta,58
2023-02-25,Malaysia,Cameron Highlands,3
2023-02-25,Malaysia,Manjung,1
2023-07-12,Malaysia,Kota Setar,10
2023-06-05,Malaysia,Hulu Langat,5
2023-01-08,Malaysia,Mersing,2
2023-01-08,Malaysia,Kota Kinabalu,3
2023-07-26,Malaysia,Seberang Perai Tengah,10
2023-06-19,Malaysia,Penang Island,173
2023-10-31,Malaysia,Muar,34
2023-10-31,Malaysia,Rompin,2
2023-10-31,Malaysia,Kuching,11
2023-10-31,Malaysia,Putrajaya,1
2023-03-21,Malaysia,Kluang,4
2023-03-21,Malaysia,Tawau,1
2023-02-14,Malaysia,Kulim,1
2023-02-28,Malaysia,Miri,1
2023-06-04,Malaysia,Miri,2
2023-06-04,Malaysia,Kubang Pasu,3
2023-01-07,Malaysia,Shah Alam,7
2023-07-11,Malaysia,Port Dickson,21
2023-03-20,Malaysia,Kuala Terengganu,2
2023-06-18,Malaysia,Sandakan,2
2023-07-10,Malaysia,Kuala Muda,4
2023-07-25,Malaysia,Bentong,30
2023-04-25,Malaysia,Kota Kinabalu,6
2023-10-17,Malaysia,Perlis,1
2023-10-17,Malaysia,Langkawi,82
2023-10-03,Malaysia,Seremban,36
2023-08-15,Malaysia,Penang Island,172
2023-08-15,Malaysia,Cameron Highlands,4
2023-08-29,Malaysia,Kluang,8
2023-05-31,Malaysia,Kinta,41
2023-03-03,Malaysia,Tambunan,1
2023-04-10,Malaysia,Penampang,1
2023-04-10,Malaysia,Ledang,4
2023-04-10,Malaysia,Kuantan,15
2023-04-10,Malaysia,Tanah Merah,1
2023-04-24,Malaysia,Kuala Pilah,4
2023-10-04,Malaysia,Seberang Perai Utara,3
2023-10-18,Malaysia,Ranau,2
2023-10-18,Malaysia,Batu Pahat,3
2023-07-07,Malaysia,Kuantan,10
2023-03-02,Malaysia,Seberang Perai Tengah,18
2023-03-02,Malaysia,Muar,6
2023-03-02,Malaysia,Jempol,4
2023-03-02,Malaysia,Keningau,1
2023-09-10,Malaysia,Seremban,37
2023-10-19,Malaysia,Ranau,2
2023-10-19,Malaysia,Bentong,3
2023-10-19,Malaysia,Kuala Muda,1
2023-11-11,Malaysia,Kinta,39
2023-11-11,Malaysia,Batang Padang,2
2023-10-29,Malaysia,Kampar,5
2023-10-29,Malaysia,Kuala Lumpur,501
2023-10-29,Malaysia,Seberang Perai Utara,4
2023-04-27,Malaysia,Langkawi,58
2023-04-27,Malaysia,Kampar,6
2023-03-06,Malaysia,Seberang Perai Utara,1
2023-03-06,Malaysia,Tampin,1
2023-10-15,Malaysia,Kulaijaya,11
2023-10-01,Malaysia,Kota Bharu,3
2023-09-24,Malaysia,Kuala Pilah,2
2023-10-16,Malaysia,Sandakan,1
2023-10-16,Malaysia,Batu Pahat,3
2023-03-05,Malaysia,Kota Tinggi,7
2023-03-05,Malaysia,Manjung,3
2023-04-12,Malaysia,Seberang Perai Selatan,4
2023-10-02,Malaysia,Batang Padang,1
2023-08-02,Malaysia,Bentong,34
2023-08-16,Malaysia,Kampar,4
2023-08-16,Malaysia,Kota Tinggi,19
2023-08-16,Malaysia,Penang Island,186
2023-10-27,Malaysia,Kuala Muda,4
2023-04-11,Malaysia,Seberang Perai Selatan,1
2023-04-11,Malaysia,Muar,2
2023-10-13,Malaysia,Segamat,2
2023-02-07,Malaysia,Sandakan,5
2023-02-07,Malaysia,Sibu,1
2023-07-04,Malaysia,Kuantan,7
2023-08-25,Malaysia,Kampar,7
2023-08-25,Malaysia,Kulaijaya,25
2023-08-25,Malaysia,Larut and Matang,3
2023-03-28,Malaysia,Segamat,4
2023-04-20,Malaysia,Labuan,1
2023-02-06,Malaysia,Marang,1
2023-08-10,Malaysia,Seberang Perai Selatan,3
2023-03-13,Malaysia,Ledang,2
2023-07-03,Malaysia,Ranau,2
2023-10-28,Malaysia,Klang,10
2023-10-14,Malaysia,Hulu Langat,3
2023-08-24,Malaysia,Bentong,39
2023-08-24,Malaysia,Ranau,2
2023-07-17,Malaysia,Shah Alam,31
2023-11-21,Malaysia,Shah Alam,39
2023-03-16,Malaysia,Penang Island,170
2023-03-16,Malaysia,Seberang Perai Utara,3
2023-10-25,Malaysia,Kuala Terengganu,10
2023-02-09,Malaysia,Tawau,11
2023-02-09,Malaysia,Labuan,3
2023-07-06,Malaysia,Pekan,1
2023-10-26,Malaysia,Bentong,4
2023-03-15,Malaysia,Kuala Muda,3
2023-04-22,Malaysia,Johor Bahru,224
2023-04-22,Malaysia,Perlis,1
2023-03-29,Malaysia,Seberang Perai Tengah,11
2023-03-01,Malaysia,Kluang,6
2023-03-01,Malaysia,Tawau,3
2023-04-21,Malaysia,Kuantan,5
2023-04-21,Malaysia,Klang,4
2023-10-12,Malaysia,Ranau,1
2023-10-12,Malaysia,Rompin,2
2023-10-12,Malaysia,Barat Daya,2
2023-07-19,Malaysia,Barat Daya,4
2023-07-19,Malaysia,Jempol,3
2023-07-19,Malaysia,Kluang,4
2023-07-05,Malaysia,Barat Daya,6
2023-03-14,Malaysia,Alor Gajah,3
2023-04-05,Malaysia,Kuala Terengganu,2
2023-04-05,Malaysia,Pekan,1
2023-04-05,Malaysia,Raub,1
2023-09-02,Malaysia,Kuala Terengganu,3
2023-01-21,Malaysia,Seremban,39
2023-04-19,Malaysia,Kanowit,1
2023-05-26,Malaysia,Batu Pahat,22
2023-05-26,Malaysia,Miri,9
2023-05-25,Malaysia,Seremban,36
2023-05-25,Malaysia,Kinta,66
2023-05-25,Malaysia,Kuala Muda,20
2023-09-01,Malaysia,Kuantan,9
2023-04-04,Malaysia,Klang,2
2023-01-20,Malaysia,Johor Bahru,188
2023-09-15,Malaysia,Barat Daya,10
2023-11-05,Malaysia,Klang,19
2023-04-07,Malaysia,Kuala Lumpur,351
2023-08-08,Malaysia,Kuala Selangor,2
2023-08-08,Malaysia,Lawas,2
2023-09-29,Malaysia,Kuala Langat,1
2023-05-28,Malaysia,Batang Padang,2
2023-01-23,Malaysia,Langkawi,44
2023-01-23,Malaysia,Ledang,1
2023-01-23,Malaysia,Klang,7
2023-06-20,Malaysia,Seberang Perai Selatan,5
2023-01-22,Malaysia,Shah Alam,16
2023-11-18,Malaysia,Temerloh,1
2023-11-18,Malaysia,Seberang Perai Selatan,10
2023-09-17,Malaysia,Johor Bahru,218
2023-09-17,Malaysia,Perak Tengah,1
2023-05-28,Malaysia,Kluang,12
2023-05-13,Malaysia,Shah Alam,9
2023-05-14,Malaysia,Sandakan,1
2023-01-22,Malaysia,Muar,5
2023-01-22,Malaysia,Keningau,1
2023-09-03,Malaysia,Kinta,32
2023-05-12,Malaysia,Seremban,33
2023-05-12,Malaysia,Langkawi,71
2023-11-14,Malaysia,Seberang Perai Selatan,12
2023-04-15,Malaysia,Manjung,2
2023-10-07,Malaysia,Kota Kinabalu,3
2023-05-21,Malaysia,Seremban,24
2023-05-21,Malaysia,Kluang,7
2023-05-21,Malaysia,Bintulu,5
2023-05-21,Malaysia,Tawau,7
2023-08-05,Malaysia,Seremban,34
2023-04-14,Malaysia,Johor Bahru,238
2023-04-14,Malaysia,Manjung,1
2023-09-11,Malaysia,Kluang,9
2023-05-20,Malaysia,Malacca City,118
2023-05-20,Malaysia,Cameron Highlands,1
2023-05-20,Malaysia,Batu Pahat,7
2023-04-28,Malaysia,Kuching,19
2023-04-28,Malaysia,Hulu Langat,7
2023-09-12,Malaysia,Dungun,1
2023-11-15,Malaysia,Temerloh,1
2023-08-04,Malaysia,Muar,3
2023-04-13,Malaysia,Kuala Lumpur,390
2023-04-13,Malaysia,Lawas,1
2023-09-28,Malaysia,Penang Island,214
2023-11-13,Malaysia,Johor Bahru,147
2023-08-07,Malaysia,Hulu Langat,13
2023-08-07,Malaysia,Bintulu,1
2023-04-17,Malaysia,Limbang,1
2023-04-16,Malaysia,Ledang,2
2023-05-23,Malaysia,Seberang Perai Utara,1
2023-04-03,Malaysia,Muar,4
2023-04-03,Malaysia,Hulu Langat,9
2023-04-03,Malaysia,Perlis,1
2023-06-13,Malaysia,Manjung,3
2023-06-13,Malaysia,Kulim,1
2023-06-13,Malaysia,Kinta,36
2023-06-13,Malaysia,Batu Pahat,12
2023-06-13,Malaysia,Jempol,1
2023-01-01,Malaysia,Penampang,1
2023-01-01,Malaysia,Jeli,1
2023-02-22,Malaysia,Batu Pahat,8
2023-02-22,Malaysia,Seberang Perai Utara,2
2023-02-22,Malaysia,Lawas,1
2023-09-13,Malaysia,Seberang Perai Tengah,12
2023-04-01,Malaysia,Larut and Matang,1
2023-05-22,Malaysia,Rompin,1
2023-05-22,Malaysia,Bentong,23
2023-06-27,Malaysia,Semporna,1
2023-06-26,Malaysia,Seberang Perai Tengah,7
2023-05-05,Malaysia,Miri,2
2023-02-21,Malaysia,Bentong,33
2023-06-01,Malaysia,Besut,2
2023-06-01,Malaysia,Seberang Perai Tengah,17
2023-06-11,Malaysia,Kampar,3
2023-10-30,Malaysia,Kuala Lumpur,656
2023-10-30,Malaysia,Seberang Perai Tengah,14
2023-01-29,Malaysia,Port Dickson,26
2023-07-22,Malaysia,Langkawi,51
2023-07-22,Malaysia,Kinta,21
2023-03-31,Malaysia,Langkawi,58
2023-03-31,Malaysia,Lahad Datu,2
2023-03-31,Malaysia,Port Dickson,12
2023-06-29,Malaysia,Kuala Muda,14
2023-05-19,Malaysia,Kampar,5
2023-01-15,Malaysia,Kota Setar,6
2023-01-15,Malaysia,Kuala Terengganu,3
2023-01-17,Malaysia,Perlis,1
2023-01-02,Malaysia,Shah Alam,9
2023-01-02,Malaysia,Tuaran,1
2023-06-12,Malaysia,Batu Pahat,6
2023-06-12,Malaysia,Raub,8
2023-06-15,Malaysia,Kinta,40
2023-04-09,Malaysia,Seremban,16
2023-06-28,Malaysia,Seberang Perai Selatan,2
2023-07-20,Malaysia,Kota Setar,3
2023-03-30,Malaysia,Penang Island,182
2023-03-30,Malaysia,Pekan,1
2023-03-30,Malaysia,Manjung,1
2023-01-03,Malaysia,Seremban,18
2023-06-23,Malaysia,Bintulu,1
2023-06-23,Malaysia,Manjung,6
2023-04-08,Malaysia,Barat Daya,3
2023-01-10,Malaysia,Penang Island,168
2023-05-16,Malaysia,Kuala Lumpur,392
2023-05-16,Malaysia,Larut and Matang,1
2023-01-16,Malaysia,Kota Kinabalu,8
2023-05-29,Malaysia,Barat Daya,4
2023-09-05,Malaysia,Batang Padang,2
2023-01-25,Malaysia,Kuantan,13
2023-01-25,Malaysia,Kubang Pasu,6
2023-09-06,Malaysia,Seberang Perai Tengah,8
2023-02-24,Malaysia,Port Dickson,35
2023-07-21,Malaysia,Kota Bharu,13
2023-01-11,Malaysia,Seberang Perai Utara,1
2023-09-05,Malaysia,Manjung,1
2023-01-13,Malaysia,Malacca City,178
2023-01-28,Malaysia,Seberang Perai Selatan,2
2023-05-18,Malaysia,Malacca City,171
2023-05-18,Malaysia,Segamat,11
2023-11-07,Malaysia,Temerloh,5
2023-02-20,Malaysia,Kuala Terengganu,3
2023-02-20,Malaysia,Barat Daya,7
2023-05-04,Malaysia,Ranau,3
2023-05-04,Malaysia,Cameron Highlands,1
2023-06-21,Malaysia,Kuala Pilah,1
2023-06-24,Malaysia,Kinta,23
2023-01-27,Malaysia,Kuala Terengganu,1
2023-01-26,Malaysia,Seremban,23
2023-01-26,Malaysia,Kota Kinabalu,9
2023-06-25,Malaysia,Ledang,1
2023-09-08,Malaysia,Kota Tinggi,25
2023-09-07,Malaysia,Manjung,2
2023-09-07,Malaysia,Batang Padang,4
2023-07-30,Malaysia,Kuantan,3
2023-07-30,Malaysia,Kuala Terengganu,5
2023-05-03,Malaysia,Kota Kinabalu,10
2023-11-08,Malaysia,Ranau,1
2023-11-08,Malaysia,Malacca City,201
2023-01-26,Malaysia,Pontian,1
2023-08-21,Malaysia,Kuala Lumpur,364
2023-07-14,Malaysia,Kampar,3
2023-10-23,Malaysia,Batu Pahat,2
2023-02-02,Malaysia,Cameron Highlands,4
2023-02-02,Malaysia,Besut,3
2023-03-23,Malaysia,Miri,10
2023-03-23,Malaysia,Kubang Pasu,1
2023-02-16,Malaysia,Johor Bahru,242
2023-02-16,Malaysia,Miri,17
2023-02-16,Malaysia,Batu Pahat,7
2023-02-16,Malaysia,Tawau,5
2023-02-16,Malaysia,Kubang Pasu,2
2023-10-24,Malaysia,Ranau,5
2023-10-24,Malaysia,Kuantan,21
2023-01-09,Malaysia,Seberang Perai Selatan,1
2023-01-09,Malaysia,Kuantan,12
2023-02-01,Malaysia,Langkawi,72
2023-03-22,Malaysia,Kota Setar,5
2023-03-22,Malaysia,Tawau,3
2023-06-06,Malaysia,Kuching,37
2023-02-15,Malaysia,Cameron Highlands,6
2023-08-23,Malaysia,Kota Tinggi,17
2023-07-02,Malaysia,Kulaijaya,6
2023-03-11,Malaysia,Kubang Pasu,2
2023-07-16,Malaysia,Seremban,21
2023-02-04,Malaysia,Kubang Pasu,2
2023-10-21,Malaysia,Manjung,2
2023-03-25,Malaysia,Seremban,28
2023-10-21,Malaysia,Kluang,2
2023-06-09,Malaysia,Kuantan,5
2023-08-22,Malaysia,Muar,6
2023-08-22,Malaysia,Perak Tengah,3
2023-07-15,Malaysia,Kuala Lumpur,463
2023-03-10,Malaysia,Seberang Perai Selatan,5
2023-03-10,Malaysia,Pasir Putih,2
2023-06-08,Malaysia,Kulim,1
2023-02-03,Malaysia,Miri,3
2023-02-27,Malaysia,Bentong,16
2023-02-27,Malaysia,Kuala Muda,7
2023-02-27,Malaysia,Kota Tinggi,8
2023-07-24,Malaysia,Seberang Perai Tengah,11
2023-06-03,Malaysia,Kuching,27
2023-06-03,Malaysia,Langkawi,34
2023-06-03,Malaysia,Tambunan,1
2023-06-03,Malaysia,Klang,4
2023-01-05,Malaysia,Hulu Langat,6
2023-02-26,Malaysia,Batu Pahat,8
2023-07-23,Malaysia,Kluang,7
2023-07-23,Malaysia,Barat Daya,5
2023-01-19,Malaysia,Ledang,6
2023-01-19,Malaysia,Segamat,1
2023-06-16,Malaysia,Kuching,38
2023-02-11,Malaysia,Kota Setar,1
2023-02-11,Malaysia,Sabak Bernam,1
2023-10-20,Malaysia,Kuala Lumpur,543
2023-07-12,Malaysia,Shah Alam,36
2023-06-05,Malaysia,Seberang Perai Selatan,1
2023-01-04,Malaysia,Batu Pahat,2
2023-07-12,Malaysia,Manjung,4
2023-01-08,Malaysia,Malacca City,135
2023-06-19,Malaysia,Seberang Perai Utara,1
2023-07-26,Malaysia,Tampin,2
2023-02-14,Malaysia,Kuching,34
2023-02-14,Malaysia,Kota Setar,9
2023-02-14,Malaysia,Kulaijaya,20
2023-10-31,Malaysia,Kuala Muda,8
2023-10-31,Malaysia,Kubang Pasu,1
2023-03-21,Malaysia,Shah Alam,17
2023-03-21,Malaysia,Kemaman,1
2023-02-28,Malaysia,Kinta,103
2023-02-28,Malaysia,Lawas,1
2023-01-07,Malaysia,Pekan,2
2023-01-07,Malaysia,Kota Bharu,5
2023-03-20,Malaysia,Cameron Highlands,3
2023-07-10,Malaysia,Johor Bahru,365
2023-07-25,Malaysia,Temerloh,1
2023-07-25,Malaysia,Kota Bharu,3
2023-08-31,Malaysia,Kuching,23
2023-08-31,Malaysia,Seberang Perai Selatan,8
2023-04-25,Malaysia,Seberang Perai Utara,2
2023-10-03,Malaysia,Kinta,53
2023-03-04,Malaysia,Seberang Perai Selatan,2
2023-03-04,Malaysia,Seremban,42
2023-03-04,Malaysia,Batu Pahat,4
2023-08-15,Malaysia,Kota Tinggi,14
2023-08-15,Malaysia,Kluang,3
2023-08-29,Malaysia,Seremban,21
2023-05-31,Malaysia,N/A,1
2023-03-03,Malaysia,Kota Setar,4
2023-03-03,Malaysia,Kuala Selangor,3
2023-04-10,Malaysia,Kuala Selangor,1
2023-04-24,Malaysia,Kuala Lumpur,310
2023-04-24,Malaysia,Barat Daya,6
2023-11-10,Malaysia,Alor Gajah,6
2023-09-21,Malaysia,Ranau,2
2023-09-21,Malaysia,Bentong,47
2023-09-21,Malaysia,Kluang,12
2023-09-21,Malaysia,Kota Setar,7
2023-09-21,Malaysia,Kuala Lumpur,517
2023-10-04,Malaysia,Kota Setar,14
2023-03-17,Malaysia,Muar,1
2023-03-17,Malaysia,Jeli,1
2023-10-18,Malaysia,Seberang Perai Tengah,17
2023-05-30,Malaysia,Seremban,32
2023-05-30,Malaysia,Kota Setar,6
2023-05-30,Malaysia,Kuala Selangor,5
2023-05-30,Malaysia,Kota Tinggi,11
2023-09-10,Malaysia,Kota Bharu,2
2023-10-19,Malaysia,Shah Alam,15
2023-10-29,Malaysia,Kinta,43
2023-10-29,Malaysia,Seberang Perai Selatan,8
2023-04-27,Malaysia,Kuala Lumpur,320
2023-03-06,Malaysia,Langkawi,81
2023-03-06,Malaysia,Kuala Muda,12
2023-03-06,Malaysia,Bera,1
2023-03-06,Malaysia,Perak Tengah,1
2023-08-03,Malaysia,Seberang Perai Utara,1
2023-08-17,Malaysia,Kinta,57
2023-10-01,Malaysia,Bentong,44
2023-09-24,Malaysia,Malacca City,137
2023-04-12,Malaysia,Segamat,1
2023-03-19,Malaysia,Malacca City,70
2023-03-19,Malaysia,Barat Daya,7
2023-03-19,Malaysia,Port Dickson,14
2023-10-02,Malaysia,Hulu Langat,5
2023-08-02,Malaysia,Kuching,29
2023-08-02,Malaysia,Malacca City,156
2023-04-26,Malaysia,Barat Daya,5
2023-04-26,Malaysia,Kluang,3
2023-09-23,Malaysia,Kuala Lumpur,367
2023-08-16,Malaysia,Alor Gajah,4
2023-07-09,Malaysia,Seremban,19
2023-07-09,Malaysia,Kanowit,1
2023-04-11,Malaysia,Lahad Datu,1
2023-10-13,Malaysia,Cameron Highlands,1
2023-10-13,Malaysia,Kinta,48
2023-10-13,Malaysia,Kemaman,1
2023-08-11,Malaysia,Penang Island,193
2023-08-11,Malaysia,Cameron Highlands,4
2023-08-11,Malaysia,Batu Pahat,3
2023-07-04,Malaysia,Johor Bahru,378
2023-08-25,Malaysia,Cameron Highlands,1
2023-08-25,Malaysia,Hulu Langat,3
2023-04-20,Malaysia,Kampar,18
2023-03-28,Malaysia,Kuala Muda,7
2023-03-28,Malaysia,Barat Daya,10
2023-11-20,Malaysia,Rompin,1
2023-11-20,Malaysia,Serian,1
2023-03-27,Malaysia,Penang Island,154
2023-02-06,Malaysia,Malacca City,132
2023-02-06,Malaysia,Kota Bharu,4
2023-08-10,Malaysia,Kota Tinggi,15
2023-03-13,Malaysia,Kulim,1
2023-03-13,Malaysia,Jempol,4
2023-07-03,Malaysia,Kota Kinabalu,7
2023-10-14,Malaysia,Kuching,21
2023-07-17,Malaysia,Kuching,34
2023-03-16,Malaysia,Kota Bharu,1
2023-09-20,Malaysia,Perak Tengah,1
2023-09-30,Malaysia,Cameron Highlands,3
2023-10-11,Malaysia,Larut and Matang,1
2023-02-09,Malaysia,Seremban,35
2023-02-09,Malaysia,Jasin,1
2023-08-27,Malaysia,Kluang,6
2023-08-27,Malaysia,Batu Pahat,5
2023-08-27,Malaysia,Pasir Putih,3
2023-07-06,Malaysia,Kota Setar,9
2023-07-06,Malaysia,Malacca City,191
2023-07-06,Malaysia,Kuching,37
2023-08-13,Malaysia,Cameron Highlands,1
2023-03-01,Malaysia,Sandakan,3
2023-07-06,Malaysia,Batu Pahat,6
2023-07-06,Malaysia,Seberang Perai Selatan,1
2023-08-12,Malaysia,Cameron Highlands,3
2023-04-22,Malaysia,Kluang,9
2023-04-22,Malaysia,Seberang Perai Tengah,11
2023-03-29,Malaysia,Kuala Lumpur,280
2023-03-01,Malaysia,Kulim,6
2023-03-01,Malaysia,Batu Pahat,11
2023-02-08,Malaysia,Kulim,6
2023-08-26,Malaysia,Kuala Lumpur,395
2023-04-21,Malaysia,Lawas,2
2023-10-12,Malaysia,Shah Alam,9
2023-10-12,Malaysia,Sabak Bernam,2
2023-03-14,Malaysia,Seberang Perai Tengah,14
2023-03-14,Malaysia,Putrajaya,6
2023-03-14,Malaysia,Kubang Pasu,2
2023-11-04,Malaysia,Seremban,30
2023-11-04,Malaysia,Seberang Perai Selatan,6
2023-09-02,Malaysia,Kota Tinggi,10
2023-11-19,Malaysia,Hulu Langat,5
2023-11-19,Malaysia,Seberang Perai Tengah,14
2023-01-21,Malaysia,Barat Daya,1
2023-04-19,Malaysia,Langkawi,83
2023-04-19,Malaysia,Kampar,5
2023-04-19,Malaysia,Sibu,1
2023-09-16,Malaysia,Hulu Langat,1
2023-08-09,Malaysia,Kampar,4
2023-05-26,Malaysia,Johor Bahru,335
2023-05-26,Malaysia,Rompin,2
2023-05-25,Malaysia,Kluang,10
2023-09-01,Malaysia,Shah Alam,3
2023-04-04,Malaysia,Ledang,2
2023-01-20,Malaysia,Kuala Lumpur,235
2023-09-15,Malaysia,Bentong,38
2023-04-18,Malaysia,Kota Setar,3
2023-04-18,Malaysia,Port Dickson,17
2023-11-16,Malaysia,Penang Island,265
2023-09-29,Malaysia,Kuching,22
2023-09-29,Malaysia,Putrajaya,2
2023-04-07,Malaysia,Seberang Perai Tengah,15
2023-04-07,Malaysia,Kota Kinabalu,10
2023-04-07,Malaysia,Perlis,1
2023-08-08,Malaysia,Kampar,2
2023-11-03,Malaysia,Port Dickson,49
2023-11-03,Malaysia,Cameron Highlands,2
2023-11-03,Malaysia,Seberang Perai Selatan,15
2023-09-18,Malaysia,Kampar,6
2023-11-17,Malaysia,Kluang,8
2023-11-17,Malaysia,Johor Bahru,176
2023-11-17,Malaysia,Cameron Highlands,1
2023-01-22,Malaysia,Kuala Lumpur,191
2023-11-18,Malaysia,Batu Pahat,5
2023-05-14,Malaysia,Kuala Terengganu,1
2023-09-19,Malaysia,Kinta,37
2023-09-19,Malaysia,Cameron Highlands,1
2023-01-22,Malaysia,Barat Daya,1
2023-05-27,Malaysia,Kota Tinggi,17
2023-05-27,Malaysia,Kuala Lumpur,477
2023-11-14,Malaysia,Kuala Muda,11
2023-04-15,Malaysia,Kota Kinabalu,16
2023-10-07,Malaysia,Kota Tinggi,15
2023-04-29,Malaysia,Klang,6
2023-03-08,Malaysia,Kuching,44
2023-09-26,Malaysia,Kuching,26
2023-09-26,Malaysia,Seberang Perai Tengah,9
2023-11-01,Malaysia,Kuala Terengganu,11
2023-08-19,Malaysia,Shah Alam,2
2023-04-14,Malaysia,Malacca City,145
2023-04-14,Malaysia,Seberang Perai Tengah,16
2023-04-14,Malaysia,Kuantan,19
2023-04-14,Malaysia,Kluang,2
2023-04-14,Malaysia,Labuan,3
2023-09-11,Malaysia,Kuching,26
2023-09-11,Malaysia,Seberang Perai Selatan,4
2023-09-11,Malaysia,Kuala Muda,6
2023-05-20,Malaysia,Jempol,1
2023-09-12,Malaysia,Ranau,1
2023-09-12,Malaysia,Kuala Selangor,3
2023-03-07,Malaysia,Kuching,53
2023-03-07,Malaysia,Kuala Langat,1
2023-04-13,Malaysia,Langkawi,72
2023-09-28,Malaysia,Batu Pahat,3
2023-09-28,Malaysia,Port Dickson,35
2023-11-13,Malaysia,Kulaijaya,19
2023-10-06,Malaysia,Kuala Muda,6
2023-04-17,Malaysia,Langkawi,46
2023-04-16,Malaysia,Shah Alam,4
2023-10-06,Malaysia,Kuala Selangor,1
2023-05-23,Malaysia,Penang Island,202
2023-05-23,Malaysia,Kinta,57
2023-05-23,Malaysia,Lawas,3
2023-01-30,Malaysia,Kuala Pilah,2
2023-01-30,Malaysia,Kampar,7
2023-09-27,Malaysia,Bentong,55
2023-10-05,Malaysia,Muar,15
2023-10-05,Malaysia,Genting Highlands,16
2023-04-01,Malaysia,Lawas,2
2023-03-09,Malaysia,Hulu Langat,21
2023-03-09,Malaysia,Seremban,43
2023-03-09,Malaysia,Batu Pahat,20
2023-03-09,Malaysia,Seberang Perai Utara,1
2023-05-22,Malaysia,Malacca City,144
2023-11-12,Malaysia,Port Dickson,51
2023-02-22,Malaysia,Maran,1
2023-08-06,Malaysia,Malacca City,125
2023-04-16,Malaysia,Batu Pahat,2
2023-05-06,Malaysia,Kulaijaya,16
2023-09-13,Malaysia,Cameron Highlands,6
2023-04-01,Malaysia,Kuala Selangor,1
2023-05-22,Malaysia,Seremban,25
2023-05-22,Malaysia,Kulaijaya,26
2023-01-18,Malaysia,Kota Tinggi,17
2023-01-18,Malaysia,Klang,3
2023-02-21,Malaysia,Kota Kinabalu,9
2023-02-21,Malaysia,Port Dickson,35
2023-06-01,Malaysia,Kuala Pilah,1
2023-06-01,Malaysia,Bintulu,1
2023-06-01,Malaysia,Perak Tengah,1
2023-06-11,Malaysia,Manjung,1
2023-06-11,Malaysia,Kota Bharu,1
2023-10-30,Malaysia,Putrajaya,1
2023-01-29,Malaysia,Cameron Highlands,2
2023-01-29,Malaysia,Rompin,3
2023-03-31,Malaysia,Mersing,1
2023-05-19,Malaysia,Batu Pahat,10
2023-05-19,Malaysia,Kubang Pasu,2
2023-05-08,Malaysia,Muar,5
2023-01-17,Malaysia,Kuala Kangsar,2
2023-06-12,Malaysia,Seberang Perai Selatan,5
2023-06-12,Malaysia,Port Dickson,19
2023-06-12,Malaysia,Manjung,1
2023-06-12,Malaysia,Pontian,1
2023-06-12,Malaysia,Cameron Highlands,2
2023-06-14,Malaysia,Keningau,3
2023-06-14,Malaysia,Padang Terap,1
2023-06-15,Malaysia,Kuala Lumpur,554
2023-04-09,Malaysia,Kuantan,9
2023-06-28,Malaysia,Kuala Lumpur,450
2023-06-28,Malaysia,Kota Kinabalu,6
2023-06-28,Malaysia,Segamat,2
2023-07-20,Malaysia,Batang Padang,5
2023-05-07,Malaysia,Kinta,35
2023-03-30,Malaysia,Hulu Langat,9
2023-03-30,Malaysia,Kuala Muda,1
2023-02-23,Malaysia,Hulu Selangor,1
2023-01-03,Malaysia,Kuala Pilah,2
2023-01-03,Malaysia,Kinta,35
2023-06-23,Malaysia,Muar,2
2023-09-09,Malaysia,Kuching,18
2023-09-09,Malaysia,Hulu Langat,2
2023-09-09,Malaysia,Pasir Putih,1
2023-01-10,Malaysia,Barat Daya,1
2023-01-10,Malaysia,Seberang Perai Tengah,7
2023-01-10,Malaysia,Klang,3
2023-05-29,Malaysia,Kuala Selangor,4
2023-01-25,Malaysia,Seremban,29
2023-01-25,Malaysia,Muar,5
2023-01-25,Malaysia,Hulu Langat,8
2023-02-24,Malaysia,Seberang Perai Tengah,22
2023-02-24,Malaysia,Kota Setar,6
2023-02-24,Malaysia,Seremban,36
2023-02-24,Malaysia,Klang,5
2023-02-24,Malaysia,Lawas,2
2023-07-21,Malaysia,Seberang Perai Selatan,5
2023-07-21,Malaysia,Kinta,35
2023-07-21,Malaysia,Batu Pahat,5
2023-07-21,Malaysia,Lawas,1
2023-05-01,Malaysia,Kulaijaya,16
2023-01-13,Malaysia,Kuala Muda,6
2023-01-13,Malaysia,Kuantan,13
2023-01-28,Malaysia,Pekan,3
2023-09-08,Malaysia,Penang Island,154
2023-05-18,Malaysia,Kinta,47
2023-05-18,Malaysia,Kulaijaya,41
2023-05-18,Malaysia,Langkawi,70
2023-06-22,Malaysia,Kuala Selangor,1
2023-06-22,Malaysia,Raub,9
2023-11-07,Malaysia,Ranau,1
2023-11-07,Malaysia,Malacca City,161
2023-02-20,Malaysia,Shah Alam,24
2023-02-20,Malaysia,Tawau,2
2023-05-04,Malaysia,Perlis,1
2023-06-21,Malaysia,Batang Padang,3
2023-06-10,Malaysia,Bentong,29
2023-06-24,Malaysia,Batu Pahat,7
2023-06-24,Malaysia,Raub,4
2023-01-27,Malaysia,Kuala Selangor,3
2023-06-10,Malaysia,Manjung,1
2023-01-12,Malaysia,Ledang,1
2023-01-26,Malaysia,Serian,1
2023-06-25,Malaysia,Seberang Perai Selatan,1
2023-06-25,Malaysia,Mersing,5
2023-06-25,Malaysia,Kuala Terengganu,5
2023-09-08,Malaysia,Kinta,51
2023-07-31,Malaysia,Kuala Krai,1
2023-09-07,Malaysia,Langkawi,82
2023-05-03,Malaysia,Seberang Perai Selatan,2
2023-11-08,Malaysia,Kampar,6
2023-02-17,Malaysia,Shah Alam,34
2023-02-17,Malaysia,Kota Bharu,4
2023-08-21,Malaysia,Semporna,2
2023-06-07,Malaysia,Barat Daya,1
2023-07-28,Malaysia,Bentong,33
2023-07-28,Malaysia,Kulaijaya,19
2023-02-02,Malaysia,Kulaijaya,7
2023-03-23,Malaysia,Kota Kinabalu,29
2023-03-23,Malaysia,Kota Tinggi,3
2023-02-16,Malaysia,Kuala Muda,8
2023-02-16,Malaysia,Kuala Terengganu,6
2023-02-16,Malaysia,Putrajaya,2
2023-10-24,Malaysia,Penang Island,228
2023-10-24,Malaysia,Malacca City,197
2023-02-01,Malaysia,Malacca City,146
2023-02-01,Malaysia,Port Dickson,28
2023-03-22,Malaysia,Seberang Perai Tengah,11
2023-03-22,Malaysia,Kluang,2
2023-06-06,Malaysia,Kinta,39
2023-06-06,Malaysia,Seberang Perai Tengah,8
2023-07-27,Malaysia,Kuala Langat,2
2023-02-15,Malaysia,Seremban,41
2023-02-15,Malaysia,Kuala Langat,2
2023-10-10,Malaysia,Kuching,29
2023-10-10,Malaysia,Kampar,11
2023-07-02,Malaysia,Langkawi,53
2023-03-26,Malaysia,Kuala Muda,4
2023-03-11,Malaysia,Putrajaya,2
2023-03-11,Malaysia,Miri,2
2023-07-16,Malaysia,Malacca City,107
2023-02-04,Malaysia,Kuantan,17
2023-06-09,Malaysia,Kota Kinabalu,11
2023-07-01,Malaysia,Kulaijaya,20
2023-07-01,Malaysia,Batang Padang,3
2023-07-29,Malaysia,Sandakan,1
2023-03-10,Malaysia,Kuala Pilah,2
2023-03-10,Malaysia,Kubang Pasu,3
2023-06-08,Malaysia,Shah Alam,12
2023-03-24,Malaysia,Manjung,4
2023-02-03,Malaysia,Serian,9
2023-01-06,Malaysia,Langkawi,36
2023-02-27,Malaysia,Kota Kinabalu,9
2023-06-03,Malaysia,Seberang Perai Utara,1
2023-06-03,Malaysia,Kubang Pasu,2
2023-06-17,Malaysia,Cameron Highlands,4
2023-06-17,Malaysia,Bentong,39
2023-01-05,Malaysia,Kota Kinabalu,5
2023-02-26,Malaysia,Kuala Muda,2
2023-02-26,Malaysia,Marang,1
2023-08-30,Malaysia,Seberang Perai Selatan,9
2023-07-23,Malaysia,Kuantan,6
2023-07-23,Malaysia,Shah Alam,11
2023-01-19,Malaysia,Kuala Terengganu,2
2023-01-19,Malaysia,Mersing,3
2023-06-02,Malaysia,Penang Island,141
2023-06-16,Malaysia,Kemaman,1
2023-05-09,Malaysia,Kota Bharu,1
2023-02-11,Malaysia,Langkawi,69
2023-02-11,Malaysia,Lahad Datu,2
2023-02-11,Malaysia,Perlis,3
2023-10-20,Malaysia,Batang Padang,1
2023-02-25,Malaysia,Kota Tinggi,8
2023-06-05,Malaysia,Dungun,1
2023-06-05,Malaysia,Batang Padang,3
2023-01-04,Malaysia,Larut and Matang,1
2023-06-19,Malaysia,Kuala Muda,3
2023-02-14,Malaysia,Kuala Terengganu,13
2023-10-31,Malaysia,Kampar,6
2023-03-21,Malaysia,Muar,3
2023-02-28,Malaysia,Segamat,3
2023-06-04,Malaysia,Kota Kinabalu,18
2023-01-07,Malaysia,Bentong,8
2023-07-11,Malaysia,Kuala Langat,2
2023-03-20,Malaysia,Kulim,3
2023-03-20,Malaysia,Pontian,1
2023-07-10,Malaysia,Penang Island,242
2023-07-25,Malaysia,Ranau,1
2023-07-25,Malaysia,Seremban,29
2023-03-18,Malaysia,Kluang,2
2023-03-03,Malaysia,Kluang,4
2023-07-08,Malaysia,Shah Alam,14
2023-07-08,Malaysia,Batu Pahat,3
2023-03-03,Malaysia,Kampar,8
2023-04-10,Malaysia,Kulaijaya,8
2023-04-24,Malaysia,Kuala Selangor,1
2023-04-24,Malaysia,Muar,2
2023-11-10,Malaysia,Kota Setar,9
2023-11-10,Malaysia,Cameron Highlands,1
2023-10-04,Malaysia,Bentong,25
2023-10-04,Malaysia,Kuantan,32
2023-03-17,Malaysia,Kota Tinggi,7
2023-03-17,Malaysia,Keningau,1
2023-10-18,Malaysia,Kota Setar,4
2023-07-07,Malaysia,Langkawi,57
2023-08-14,Malaysia,Johor Bahru,231
2023-08-14,Malaysia,Ranau,2
2023-08-28,Malaysia,Kinta,66
2023-08-28,Malaysia,Bachok,1
2023-08-28,Malaysia,Pasir Putih,1
2023-03-02,Malaysia,Seremban,53
2023-09-10,Malaysia,Malacca City,135
2023-09-10,Malaysia,Ranau,1
2023-09-10,Malaysia,Langkawi,73
2023-10-19,Malaysia,Port Dickson,21
2023-03-06,Malaysia,Pekan,2
2023-08-03,Malaysia,Kota Setar,5
2023-08-17,Malaysia,Kota Tinggi,20
2023-08-17,Malaysia,Kota Kinabalu,3
2023-10-01,Malaysia,Barat Daya,2
2023-10-01,Malaysia,Johor Bahru,253
2023-11-22,Malaysia,Langkawi,4
2023-03-05,Malaysia,Kulaijaya,7
2023-10-02,Malaysia,Kota Kinabalu,1
2023-04-26,Malaysia,Shah Alam,11
2023-08-16,Malaysia,Seremban,33
2023-08-02,Malaysia,Perlis,1
2023-10-13,Malaysia,Manjung,2
2023-02-07,Malaysia,Batang Padang,1
2023-07-04,Malaysia,Seberang Perai Tengah,10
2023-07-04,Malaysia,Manjung,4
2023-07-04,Malaysia,Shah Alam,13
2023-04-20,Malaysia,Kota Setar,2
2023-07-18,Malaysia,Kuala Terengganu,2
2023-11-20,Malaysia,Segamat,1
2023-11-20,Malaysia,Port Dickson,27
2023-02-06,Malaysia,Kuala Terengganu,2
2023-08-10,Malaysia,Setiu,1
2023-03-13,Malaysia,Seberang Perai Tengah,9
2023-03-13,Malaysia,Segamat,2
2023-10-28,Malaysia,Kubang Pasu,1
2023-07-03,Malaysia,Jasin,1
2023-10-14,Malaysia,Kota Setar,7
2023-07-17,Malaysia,Jempol,3
2023-07-17,Malaysia,Kuala Selangor,1
2023-03-12,Malaysia,Penang Island,145
2023-11-21,Malaysia,Miri,1
2023-11-21,Malaysia,Klang,16
2023-11-21,Malaysia,Perlis,2
2023-03-16,Malaysia,Jempol,2
2023-09-20,Malaysia,Malacca City,198
2023-09-20,Malaysia,Batang Padang,2
2023-09-30,Malaysia,Kota Kinabalu,2
2023-08-27,Malaysia,Klang,15
2023-08-27,Malaysia,Seberang Perai Tengah,7
2023-07-06,Malaysia,Miri,3
2023-07-06,Malaysia,Tambunan,1
2023-07-06,Malaysia,Kuala Muda,9
2023-03-15,Malaysia,Kota Bharu,5
2023-08-12,Malaysia,Seberang Perai Tengah,3
2023-03-01,Malaysia,Kampar,9
2023-03-01,Malaysia,Kuala Langat,2
2023-02-08,Malaysia,Kota Kinabalu,32
2023-08-26,Malaysia,Kuala Pilah,3
2023-07-19,Malaysia,Rompin,1
2023-07-05,Malaysia,Kubang Pasu,3
2023-03-14,Malaysia,Kampar,3
2023-04-05,Malaysia,Tawau,1
2023-11-04,Malaysia,Batang Padang,4
2023-01-21,Malaysia,Kota Setar,4
2023-04-19,Malaysia,Johor Bahru,231
2023-08-09,Malaysia,Kota Tinggi,5
2023-05-26,Malaysia,Sandakan,1
2023-05-11,Malaysia,Penang Island,216
2023-05-11,Malaysia,Kuala Muda,6
2023-05-11,Malaysia,Tuaran,1
2023-05-25,Malaysia,Rompin,4
2023-05-25,Malaysia,Keningau,8
2023-01-20,Malaysia,Kubang Pasu,1
2023-09-15,Malaysia,Seremban,25
2023-11-16,Malaysia,Shah Alam,41
2023-09-29,Malaysia,Port Dickson,34
2023-05-10,Malaysia,Kulaijaya,17
2023-05-10,Malaysia,Miri,2
2023-05-10,Malaysia,Kuala Selangor,1
2023-04-07,Malaysia,Kampar,4
2023-11-02,Malaysia,Bintulu,4
2023-11-16,Malaysia,Pasir Putih,1
2023-09-04,Malaysia,Johor Bahru,222
2023-09-18,Malaysia,Batang Padang,1
2023-01-23,Malaysia,Port Dickson,26
2023-01-23,Malaysia,Kinta,28
2023-01-23,Malaysia,Kota Kinabalu,14
2023-11-17,Malaysia,Muar,13
2023-06-20,Malaysia,Larut and Matang,1
2023-09-17,Malaysia,Hulu Langat,8
2023-09-17,Malaysia,Shah Alam,5
2023-09-17,Malaysia,Kuantan,29
2023-05-13,Malaysia,Johor Bahru,277
2023-09-19,Malaysia,Bentong,30
2023-05-27,Malaysia,Keningau,2
2023-09-03,Malaysia,Kuala Muda,2
2023-09-03,Malaysia,Shah Alam,10
2023-09-03,Malaysia,Klang,7
2023-05-12,Malaysia,Perlis,1
2023-11-14,Malaysia,Ranau,2
2023-11-14,Malaysia,Kulaijaya,23
2023-04-15,Malaysia,Kuantan,15
2023-04-06,Malaysia,Ledang,2
2023-10-07,Malaysia,Langkawi,81
2023-10-07,Malaysia,Batu Pahat,3
2023-04-29,Malaysia,Kulaijaya,16
2023-05-21,Malaysia,Malacca City,117
2023-05-21,Malaysia,Kinta,48
2023-05-21,Malaysia,Manjung,4
2023-11-01,Malaysia,Kulaijaya,18
2023-10-08,Malaysia,Hulu Langat,2
2023-09-26,Malaysia,Kulaijaya,25
2023-09-26,Malaysia,Kubang Pasu,1
2023-04-14,Malaysia,Penampang,2
2023-04-14,Malaysia,Kota Setar,3
2023-04-14,Malaysia,Kuala Selangor,1
2023-09-11,Malaysia,Kota Tinggi,17
2023-05-20,Malaysia,Kluang,5
2023-04-28,Malaysia,Jempol,3
2023-09-12,Malaysia,Klang,13
2023-11-15,Malaysia,Kuantan,1
2023-08-04,Malaysia,Kuala Lumpur,485
2023-08-04,Malaysia,Kota Tinggi,12
2023-08-04,Malaysia,Batu Pahat,2
2023-08-04,Malaysia,Kluang,3
2023-08-18,Malaysia,Jempol,8
2023-04-13,Malaysia,Kubang Pasu,1
2023-09-25,Malaysia,Bentong,36
2023-10-09,Malaysia,Bentong,1
2023-10-09,Malaysia,Penang Island,206
2023-09-14,Malaysia,Kuala Terengganu,4
2023-04-17,Malaysia,Ranau,3
2023-04-17,Malaysia,Kulaijaya,11
2023-04-17,Malaysia,Batu Pahat,2
2023-09-14,Malaysia,Ledang,1
2023-09-14,Malaysia,Rompin,2
2023-05-24,Malaysia,Sibu,1
2023-05-23,Malaysia,Klang,17
2023-05-23,Malaysia,Hulu Selangor,1
2023-01-30,Malaysia,Penampang,1
2023-01-30,Malaysia,Maran,1
2023-01-30,Malaysia,Temerloh,1
2023-04-03,Malaysia,Kuantan,18
2023-04-03,Malaysia,Miri,2
2023-06-13,Malaysia,Johor Bahru,323
2023-10-05,Malaysia,Klang,25
2023-06-13,Malaysia,Shah Alam,8
2023-06-13,Malaysia,Kubang Pasu,2
2023-04-01,Malaysia,Kemaman,1
2023-03-09,Malaysia,Penang Island,310
2023-03-09,Malaysia,Segamat,2
2023-03-09,Malaysia,Kuala Muda,18
2023-03-09,Malaysia,Perlis,2
2023-11-12,Malaysia,Seberang Perai Utara,5
2023-02-22,Malaysia,Kulim,1
2023-05-06,Malaysia,Hulu Langat,6
2023-09-13,Malaysia,Penang Island,185
2023-09-13,Malaysia,Kubang Pasu,1
2023-05-22,Malaysia,Muar,4
2023-06-27,Malaysia,Langkawi,43
2023-06-26,Malaysia,Langkawi,45
2023-05-05,Malaysia,Hulu Langat,6
2023-01-18,Malaysia,Kota Kinabalu,10
2023-02-21,Malaysia,Pekan,1
2023-06-01,Malaysia,Kuantan,6
2023-06-01,Malaysia,Manjung,5
2023-06-11,Malaysia,Batu Pahat,4
2023-10-30,Malaysia,Kuching,24
2023-01-29,Malaysia,Sibu,2
2023-07-22,Malaysia,Shah Alam,22
2023-06-29,Malaysia,Kota Tinggi,12
2023-06-29,Malaysia,Kubang Pasu,1
2023-05-19,Malaysia,Temerloh,7
2023-05-08,Malaysia,Jempol,1
2023-05-08,Malaysia,Miri,1
2023-01-14,Malaysia,Tawau,4
2023-01-17,Malaysia,Kota Kinabalu,16
2023-01-17,Malaysia,Malacca City,141
2023-01-17,Malaysia,Johor Bahru,169
2023-01-17,Malaysia,Keningau,1
2023-01-02,Malaysia,Cameron Highlands,5
2023-06-12,Malaysia,Malacca City,163
2023-06-12,Malaysia,Kinta,36
2023-06-14,Malaysia,Penang Island,241
2023-04-09,Malaysia,Kuching,14
2023-04-09,Malaysia,Tampin,1
2023-06-28,Malaysia,Seberang Perai Tengah,4
2023-06-28,Malaysia,Pontian,1
2023-05-02,Malaysia,Muar,2
2023-05-02,Malaysia,Tawau,2
2023-02-23,Malaysia,Kuala Lumpur,395
2023-02-23,Malaysia,Serian,3
2023-02-23,Malaysia,Pekan,1
2023-01-03,Malaysia,Kuala Muda,5
2023-11-09,Malaysia,Alor Gajah,3
2023-01-24,Malaysia,Kuala Langat,2
2023-01-24,Malaysia,Seberang Perai Tengah,2
2023-05-15,Malaysia,Penang Island,244
2023-05-15,Malaysia,Perlis,2
2023-09-09,Malaysia,Johor Bahru,346
2023-05-16,Malaysia,Perlis,2
2023-01-16,Malaysia,Seberang Perai Selatan,3
2023-01-16,Malaysia,Muar,10
2023-05-29,Malaysia,Kota Bharu,5
2023-09-05,Malaysia,Kota Bharu,2
2023-01-25,Malaysia,Kampar,3
2023-09-06,Malaysia,Miri,1
2023-09-06,Malaysia,Pontian,2
2023-07-21,Malaysia,Seberang Perai Utara,4
2023-05-01,Malaysia,Klang,2
2023-09-05,Malaysia,Kuantan,28
2023-01-28,Malaysia,Hulu Langat,2
2023-01-28,Malaysia,Langkawi,62
2023-09-08,Malaysia,Kuala Terengganu,9
2023-05-18,Malaysia,Miri,7
2023-02-20,Malaysia,Batang Padang,2
2023-05-04,Malaysia,Kota Setar,4
2023-05-04,Malaysia,Kuala Krai,1
2023-05-03,Malaysia,Jempol,1
2023-06-24,Malaysia,Bentong,47
2023-06-24,Malaysia,Kota Setar,4
2023-01-27,Malaysia,Penang Island,121
2023-01-27,Malaysia,Langkawi,70
2023-01-27,Malaysia,Segamat,6
2023-01-27,Malaysia,Seberang Perai Tengah,5
2023-01-12,Malaysia,Kota Tinggi,11
2023-01-26,Malaysia,Penampang,1
2023-01-26,Malaysia,Seberang Perai Utara,2
2023-06-25,Malaysia,Seberang Perai Tengah,5
2023-05-17,Malaysia,Kuala Lumpur,427
2023-05-17,Malaysia,Kinta,55
2023-05-17,Malaysia,Kuala Muda,16
2023-01-26,Malaysia,Putrajaya,1
2023-02-17,Malaysia,Klang,10
2023-02-17,Malaysia,Dungun,1
2023-08-21,Malaysia,Kota Bharu,2
2023-08-21,Malaysia,Rompin,2
2023-04-30,Malaysia,Klang,8
2023-10-23,Malaysia,Kota Kinabalu,1
2023-10-23,Malaysia,Seberang Perai Selatan,8
2023-06-07,Malaysia,Penang Island,182
2023-06-07,Malaysia,Kuala Lumpur,388
2023-06-07,Malaysia,Ranau,2
2023-06-07,Malaysia,Bentong,42
2023-07-28,Malaysia,Seberang Perai Selatan,1
2023-07-28,Malaysia,Perak Tengah,3
2023-03-23,Malaysia,Barat Daya,5
2023-03-23,Malaysia,Seberang Perai Utara,4
2023-03-23,Malaysia,Cameron Highlands,2
2023-03-23,Malaysia,Kuala Terengganu,2
2023-08-20,Malaysia,Langkawi,46
2023-02-16,Malaysia,Langkawi,66
2023-02-16,Malaysia,Kanowit,1
2023-07-13,Malaysia,Manjung,2
2023-01-09,Malaysia,Penang Island,132
2023-01-09,Malaysia,Kuching,22
2023-02-01,Malaysia,Batu Pahat,14
2023-03-22,Malaysia,Seremban,33
2023-03-22,Malaysia,Barat Daya,5
2023-03-22,Malaysia,Sandakan,1
2023-06-06,Malaysia,Kampar,6
2023-07-27,Malaysia,Tampin,1
2023-02-15,Malaysia,Jasin,1
2023-02-15,Malaysia,Rompin,1
2023-02-05,Malaysia,Hulu Langat,15
2023-02-05,Malaysia,Perlis,2
2023-08-23,Malaysia,Klang,9
2023-03-11,Malaysia,Jempol,3
2023-02-04,Malaysia,Seberang Perai Tengah,6
2023-03-25,Malaysia,Muar,5
2023-03-25,Malaysia,Rompin,2
2023-06-09,Malaysia,Klang,8
2023-07-15,Malaysia,Kuala Muda,2
2023-02-18,Malaysia,Sibu,1
2023-07-01,Malaysia,Mersing,2
2023-07-29,Malaysia,Segamat,1
2023-07-29,Malaysia,Jempol,3
2023-06-08,Malaysia,Hulu Langat,4
2023-06-08,Malaysia,Port Dickson,23
2023-06-08,Malaysia,Kota Tinggi,8
2023-03-24,Malaysia,Bentong,33
2023-03-24,Malaysia,Miri,7
2023-02-03,Malaysia,Sibu,2
2023-02-27,Malaysia,Penampang,1
2023-02-27,Malaysia,Seberang Perai Selatan,2
2023-06-03,Malaysia,Kuantan,5
2023-06-17,Malaysia,Batang Padang,2
2023-02-26,Malaysia,Kota Tinggi,7
2023-06-16,Malaysia,Malacca City,191
2023-05-09,Malaysia,Seberang Perai Utara,1
2023-02-11,Malaysia,Klang,18
2023-02-11,Malaysia,Ranau,12
2023-10-20,Malaysia,Kulaijaya,12
2023-10-20,Malaysia,Sabak Bernam,1
2023-01-04,Malaysia,Klang,2
2023-07-12,Malaysia,Kota Bharu,3
2023-01-08,Malaysia,Kuala Lumpur,229
2023-07-26,Malaysia,Kuala Lumpur,434
2023-07-26,Malaysia,Putrajaya,1
2023-07-26,Malaysia,Muar,10
2023-02-14,Malaysia,Sabak Bernam,5
2023-02-14,Malaysia,Labuan,4
2023-02-14,Malaysia,Miri,13
2023-03-21,Malaysia,Johor Bahru,137
2023-03-21,Malaysia,Manjung,1
2023-06-04,Malaysia,Barat Daya,13
2023-01-07,Malaysia,Kota Tinggi,12
2023-03-20,Malaysia,Malacca City,95
2023-03-20,Malaysia,Kampar,4
2023-06-18,Malaysia,Langkawi,52
2023-07-10,Malaysia,Samarahan,1
2023-07-25,Malaysia,Kulim,1
2023-07-25,Malaysia,Jempol,3
2023-02-13,Malaysia,Kampar,5
2023-02-13,Malaysia,Pekan,1
2023-02-13,Malaysia,Ledang,4
2023-02-13,Malaysia,Pontian,1
2023-08-31,Malaysia,Kuantan,11
2023-08-31,Malaysia,Batang Padang,1
2023-04-25,Malaysia,Shah Alam,13
2023-08-01,Malaysia,Kinta,51
2023-09-22,Malaysia,Ledang,1
2023-09-22,Malaysia,Penang Island,175
2023-09-22,Malaysia,Cameron Highlands,3
2023-03-04,Malaysia,Malacca City,154
2023-10-03,Malaysia,Cameron Highlands,3
2023-08-29,Malaysia,Kuantan,22
2023-03-03,Malaysia,Setiu,1
2023-05-31,Malaysia,Putrajaya,1
2023-07-08,Malaysia,Seberang Perai Selatan,1
2023-07-08,Malaysia,Pontian,1
2023-04-10,Malaysia,Kuala Lumpur,307
2023-04-10,Malaysia,Sandakan,1
2023-04-24,Malaysia,Seberang Perai Selatan,5
2023-04-24,Malaysia,Segamat,3
2023-10-04,Malaysia,Kuala Lumpur,546
2023-03-17,Malaysia,Sibu,1
2023-03-17,Malaysia,Rompin,1
2023-03-17,Malaysia,Tanah Merah,1
2023-10-18,Malaysia,Kota Tinggi,13
2023-10-18,Malaysia,Seberang Perai Selatan,5
2023-05-30,Malaysia,Seberang Perai Selatan,4
2023-05-30,Malaysia,Bentong,44
2023-05-30,Malaysia,Jempol,5
2023-07-07,Malaysia,Mersing,2
2023-07-07,Malaysia,Kota Setar,7
2023-08-28,Malaysia,Langkawi,63
2023-08-28,Malaysia,Kluang,10
2023-09-10,Malaysia,Johor Bahru,307
2023-09-10,Malaysia,Barat Daya,8
2023-11-11,Malaysia,Kulaijaya,14
2023-10-29,Malaysia,Kota Setar,3
2023-04-27,Malaysia,Kulaijaya,16
2023-10-15,Malaysia,Kampar,5
2023-10-15,Malaysia,Manjung,1
2023-10-01,Malaysia,Seberang Perai Tengah,4
2023-11-22,Malaysia,Kuala Lumpur,74
2023-09-24,Malaysia,Temerloh,2
2023-03-05,Malaysia,Seberang Perai Tengah,11
2023-04-12,Malaysia,Kampar,7
2023-03-19,Malaysia,Kuala Pilah,1
2023-03-19,Malaysia,Kuala Langat,4
2023-10-02,Malaysia,Kuala Terengganu,9
2023-09-23,Malaysia,Kubang Pasu,1
2023-08-16,Malaysia,Kota Bharu,3
2023-07-09,Malaysia,Kubang Pasu,3
2023-07-09,Malaysia,Lawas,1
2023-10-27,Malaysia,Bentong,7
2023-10-27,Malaysia,Kuala Terengganu,8
2023-04-11,Malaysia,Seremban,28
2023-04-11,Malaysia,Klang,13
2023-10-13,Malaysia,Kuala Pilah,1
2023-02-07,Malaysia,Hulu Langat,26
2023-02-07,Malaysia,Klang,8
2023-02-07,Malaysia,Manjung,2
2023-07-04,Malaysia,Kuala Muda,5
2023-08-25,Malaysia,Malacca City,212
2023-08-25,Malaysia,Kuala Terengganu,1
2023-08-25,Malaysia,Mersing,1
2023-08-25,Malaysia,Putrajaya,1
2023-04-20,Malaysia,Batang Padang,1
2023-04-20,Malaysia,Cameron Highlands,1
2023-04-20,Malaysia,Kuala Terengganu,4
2023-03-28,Malaysia,Jempol,4
2023-03-28,Malaysia,Perak Tengah,1
2023-07-18,Malaysia,Seberang Perai Selatan,6
2023-11-20,Malaysia,Malacca City,147
2023-03-27,Malaysia,Kuching,28
2023-03-27,Malaysia,Miri,2
2023-08-10,Malaysia,Lawas,2
2023-10-28,Malaysia,Batu Pahat,8
2023-10-28,Malaysia,Kota Setar,15
2023-10-14,Malaysia,Kerian,1
2023-07-17,Malaysia,Langkawi,70
2023-03-12,Malaysia,Johor Bahru,249
2023-03-12,Malaysia,Kuala Lumpur,361
2023-03-12,Malaysia,Temerloh,1
2023-03-16,Malaysia,Kuala Lumpur,430
2023-03-16,Malaysia,Kinta,26
2023-03-16,Malaysia,Kampar,10
2023-10-25,Malaysia,Kulaijaya,28
2023-09-30,Malaysia,Muar,5
2023-10-11,Malaysia,Malacca City,198
2023-10-11,Malaysia,Kota Tinggi,15
2023-08-27,Malaysia,Port Dickson,76
2023-08-27,Malaysia,Kota Kinabalu,3
2023-07-06,Malaysia,Kluang,6
2023-08-13,Malaysia,Malacca City,118
2023-03-15,Malaysia,Kota Kinabalu,12
2023-03-15,Malaysia,Batu Pahat,2
2023-08-12,Malaysia,Kuantan,3
2023-04-22,Malaysia,Kulaijaya,11
2023-03-01,Malaysia,Segamat,16
2023-03-01,Malaysia,Tambunan,1
2023-02-08,Malaysia,Seberang Perai Selatan,1
2023-10-12,Malaysia,Muar,7
2023-10-12,Malaysia,Alor Gajah,2
2023-07-19,Malaysia,Kampar,7
2023-07-05,Malaysia,Kuching,44
2023-07-05,Malaysia,Kota Tinggi,11
2023-03-14,Malaysia,Seberang Perai Selatan,3
2023-04-05,Malaysia,Seberang Perai Tengah,11
2023-11-04,Malaysia,Kuching,26
2023-11-04,Malaysia,Batu Pahat,8
2023-11-19,Malaysia,Shah Alam,24
2023-11-19,Malaysia,Port Dickson,12
2023-11-19,Malaysia,Penang Island,202
2023-01-21,Malaysia,Cameron Highlands,3
2023-01-21,Malaysia,Pekan,3
2023-11-19,Malaysia,Kampar,1
2023-04-19,Malaysia,Muar,5
2023-09-16,Malaysia,Penang Island,130
2023-09-16,Malaysia,Barat Daya,5
2023-08-09,Malaysia,Batang Padang,4
2023-05-26,Malaysia,Seremban,30
2023-05-26,Malaysia,Tampin,1
2023-05-26,Malaysia,Keningau,6
2023-03-14,Malaysia,Manjung,1
2023-05-25,Malaysia,Kulim,2
2023-05-25,Malaysia,Kota Setar,6
2023-05-25,Malaysia,Kuantan,10
2023-01-20,Malaysia,Port Dickson,22
2023-04-18,Malaysia,Labuan,1
2023-05-10,Malaysia,Kampar,5
2023-04-07,Malaysia,Kota Tinggi,10
2023-04-07,Malaysia,Kinta,32
2023-04-07,Malaysia,Tawau,2
2023-04-07,Malaysia,Labuan,1
2023-04-07,Malaysia,Ranau,1
2023-08-08,Malaysia,Kuala Terengganu,5
2023-11-02,Malaysia,Temerloh,6
2023-11-16,Malaysia,Kubang Pasu,1
2023-05-28,Malaysia,Port Dickson,32
2023-09-04,Malaysia,Temerloh,1
2023-09-04,Malaysia,Kota Tinggi,18
2023-11-03,Malaysia,Bentong,6
2023-01-23,Malaysia,Perlis,2
2023-01-23,Malaysia,Pasir Putih,1
2023-11-17,Malaysia,Kuching,22
2023-11-17,Malaysia,Pendang,1
2023-11-17,Malaysia,Batang Padang,2
2023-06-20,Malaysia,Kuala Lumpur,503
2023-06-20,Malaysia,Kluang,4
2023-06-20,Malaysia,Seberang Perai Utara,2
2023-06-20,Malaysia,Raub,1
2023-11-18,Malaysia,Bentong,2
2023-09-17,Malaysia,Kuala Terengganu,2
2023-05-13,Malaysia,Alor Gajah,1
2023-09-19,Malaysia,Ranau,1
2023-05-27,Malaysia,Kuala Pilah,1
2023-05-27,Malaysia,Putrajaya,1
2023-05-27,Malaysia,Manjung,2
2023-05-27,Malaysia,Alor Gajah,1
2023-09-03,Malaysia,Kampar,5
2023-05-12,Malaysia,Malacca City,159
2023-05-12,Malaysia,Kuantan,12
2023-11-14,Malaysia,Klang,18
2023-04-15,Malaysia,Seremban,16
2023-04-06,Malaysia,Langkawi,49
2023-04-06,Malaysia,Segamat,8
2023-04-06,Malaysia,Bera,2
2023-10-07,Malaysia,Kuantan,23
2023-10-07,Malaysia,Seberang Perai Tengah,13
2023-03-08,Malaysia,Hulu Selangor,1
2023-05-21,Malaysia,Seberang Perai Utara,1
2023-05-21,Malaysia,Jempol,4
2023-05-21,Malaysia,Cameron Highlands,1
2023-01-31,Malaysia,Kuala Lumpur,238
2023-05-12,Malaysia,Jempol,1
2023-10-08,Malaysia,Kampar,3
2023-04-14,Malaysia,Seberang Perai Utara,1
2023-04-14,Malaysia,Kuala Terengganu,3
2023-04-29,Malaysia,Cameron Highlands,6
2023-03-07,Malaysia,Kuantan,56
2023-08-04,Malaysia,Kampar,4
2023-08-18,Malaysia,Port Dickson,39
2023-04-13,Malaysia,Kota Tinggi,5
2023-09-25,Malaysia,Shah Alam,10
2023-09-25,Malaysia,Besut,1
2023-09-25,Malaysia,Seberang Perai Tengah,6
2023-10-09,Malaysia,Malacca City,174
2023-08-07,Malaysia,Seremban,41
2023-08-07,Malaysia,Kota Bharu,1
2023-09-14,Malaysia,Kuantan,24
2023-05-24,Malaysia,Manjung,5
2023-05-24,Malaysia,Kuala Selangor,1
2023-04-16,Malaysia,Kuching,17
2023-11-01,Malaysia,Kuala Muda,8
2023-05-23,Malaysia,Barat Daya,8
2023-01-30,Malaysia,Kota Kinabalu,12
2023-09-27,Malaysia,Rompin,3
2023-09-27,Malaysia,Tuaran,1
2023-03-09,Malaysia,Kluang,6
2023-03-09,Malaysia,Temerloh,1
2023-05-22,Malaysia,Langkawi,84
2023-05-22,Malaysia,Kuala Terengganu,13
2023-11-12,Malaysia,Perlis,1
2023-01-01,Malaysia,Bentong,10
2023-01-01,Malaysia,Mersing,5
2023-04-01,Malaysia,Pekan,1
2023-04-01,Malaysia,Manjung,1
2023-04-02,Malaysia,Penang Island,140
2023-04-02,Malaysia,Segamat,1
2023-06-27,Malaysia,Cameron Highlands,4
2023-06-27,Malaysia,Seberang Perai Tengah,8
2023-06-27,Malaysia,Kota Marudu,1
2023-06-26,Malaysia,Batang Padang,2
2023-01-18,Malaysia,Mersing,1
2023-01-18,Malaysia,Lawas,1
2023-02-21,Malaysia,Keningau,1
2023-06-01,Malaysia,Kuala Muda,6
2023-06-11,Malaysia,Kulaijaya,15
2023-06-11,Malaysia,Temerloh,1
2023-06-11,Malaysia,Padang Terap,1
2023-02-10,Malaysia,Kulaijaya,11
2023-01-29,Malaysia,Bintulu,2
2023-05-19,Malaysia,Kuala Lumpur,423
2023-07-22,Malaysia,Semporna,1
2023-07-22,Malaysia,Kuantan,5
2023-06-29,Malaysia,Johor Bahru,262
2023-06-29,Malaysia,Kampar,4
2023-06-29,Malaysia,Alor Gajah,8
2023-06-12,Malaysia,Kemaman,1
2023-06-14,Malaysia,Kuching,24
2023-06-14,Malaysia,Kampar,3
2023-06-14,Malaysia,Kota Marudu,1
2023-06-15,Malaysia,Kota Setar,9
2023-06-15,Malaysia,Kuala Selangor,1
2023-04-09,Malaysia,Kuala Selangor,2
2023-06-23,Malaysia,Perlis,2
2023-06-23,Malaysia,Shah Alam,8
2023-01-11,Malaysia,Pekan,1
2023-05-02,Malaysia,Rompin,1
2023-07-20,Malaysia,Penang Island,216
2023-03-30,Malaysia,Segamat,5
2023-03-30,Malaysia,Port Dickson,6
2023-03-30,Malaysia,Alor Gajah,1
2023-02-23,Malaysia,Muar,26
2023-02-23,Malaysia,Segamat,1
2023-01-03,Malaysia,Putrajaya,1
2023-04-08,Malaysia,Kulaijaya,9
2023-04-08,Malaysia,Hulu Langat,7
2023-04-08,Malaysia,Kuantan,11
2023-04-08,Malaysia,Seberang Perai Tengah,12
2023-04-08,Malaysia,Jempol,1
2023-11-09,Malaysia,Batu Pahat,8
2023-11-09,Malaysia,Kuala Muda,4
2023-01-24,Malaysia,Muar,8
2023-01-24,Malaysia,Sandakan,1
2023-01-24,Malaysia,Lawas,2
2023-05-15,Malaysia,Johor Bahru,389
2023-09-09,Malaysia,Kluang,3
2023-01-10,Malaysia,Tawau,6
2023-01-16,Malaysia,Kuching,26
2023-05-29,Malaysia,Kuantan,2
2023-05-29,Malaysia,Kuala Terengganu,13
2023-01-25,Malaysia,Kuala Pilah,1
2023-01-25,Malaysia,Penang Island,154
2023-09-06,Malaysia,Bintulu,1
2023-09-06,Malaysia,Temerloh,1
2023-09-06,Malaysia,Perak Tengah,1
2023-09-06,Malaysia,Hulu Selangor,1
2023-02-24,Malaysia,Kuching,31
2023-02-24,Malaysia,Bera,2
2023-07-21,Malaysia,Penang Island,233
2023-07-21,Malaysia,Johor Bahru,398
2023-05-01,Malaysia,Batang Padang,2
2023-01-13,Malaysia,Segamat,1
2023-05-18,Malaysia,Ranau,7
2023-06-22,Malaysia,Seberang Perai Tengah,9
2023-11-07,Malaysia,Seberang Perai Selatan,8
2023-06-21,Malaysia,Kuching,31
2023-06-21,Malaysia,Ranau,1
2023-06-10,Malaysia,Kuantan,5
2023-06-24,Malaysia,Seberang Perai Selatan,1
2023-06-24,Malaysia,Klang,28
2023-01-12,Malaysia,Kuala Pilah,5
2023-01-12,Malaysia,Bentong,7
2023-01-12,Malaysia,Kemaman,1
2023-01-12,Malaysia,Seberang Perai Tengah,3
2023-05-17,Malaysia,Pendang,1
2023-09-08,Malaysia,Cameron Highlands,5
2023-09-08,Malaysia,Batu Pahat,10
2023-07-31,Malaysia,Kulaijaya,23
2023-09-07,Malaysia,Seberang Perai Selatan,7
2023-11-08,Malaysia,Sabak Bernam,1
2023-11-08,Malaysia,Penang Island,285
2023-11-08,Malaysia,Seberang Perai Utara,6
2023-01-26,Malaysia,Kluang,2
2023-02-17,Malaysia,Penang Island,186
2023-10-23,Malaysia,Kota Tinggi,12
2023-10-23,Malaysia,Kuala Langat,1
2023-10-23,Malaysia,Seberang Perai Tengah,21
2023-02-02,Malaysia,Keningau,1
2023-03-23,Malaysia,Semporna,1
2023-03-23,Malaysia,Marang,1
2023-08-20,Malaysia,Muar,4
2023-08-20,Malaysia,Manjung,1
2023-01-09,Malaysia,Kuala Lumpur,242
2023-07-27,Malaysia,Rompin,2
2023-02-15,Malaysia,Kuching,35
2023-02-15,Malaysia,Dungun,5
2023-02-15,Malaysia,Kuala Selangor,1
2023-10-10,Malaysia,Putrajaya,2
2023-03-26,Malaysia,Penampang,1
2023-03-26,Malaysia,Kulaijaya,9
2023-03-11,Malaysia,Seberang Perai Selatan,2
2023-03-11,Malaysia,Kuantan,13
2023-02-19,Malaysia,Pekan,1
2023-07-16,Malaysia,Barat Daya,3
2023-02-04,Malaysia,Jempol,3
2023-02-04,Malaysia,Manjung,1
2023-10-21,Malaysia,Kuantan,28
2023-03-25,Malaysia,Kuala Lumpur,266
2023-03-25,Malaysia,Miri,8
2023-06-09,Malaysia,Kulaijaya,12
2023-08-22,Malaysia,Port Dickson,46
2023-07-15,Malaysia,Kuantan,3
2023-02-18,Malaysia,Kinta,55
2023-10-22,Malaysia,Kuantan,21
2023-10-22,Malaysia,Batang Padang,1
2023-07-29,Malaysia,Kuala Selangor,2
2023-07-29,Malaysia,Kampar,7
2023-07-29,Malaysia,Putrajaya,1
2023-06-08,Malaysia,Kulaijaya,15
2023-06-08,Malaysia,Barat Daya,7
2023-02-03,Malaysia,Shah Alam,26
2023-01-06,Malaysia,Seremban,23
2023-01-06,Malaysia,Klang,6
2023-06-03,Malaysia,Kuala Lumpur,383
2023-06-03,Malaysia,Segamat,3
2023-02-12,Malaysia,Miri,8
2023-02-12,Malaysia,Bintulu,5
2023-06-17,Malaysia,Langkawi,71
2023-06-17,Malaysia,Muar,7
2023-01-05,Malaysia,Johor Bahru,154
2023-01-05,Malaysia,Cameron Highlands,4
2023-02-26,Malaysia,Penang Island,166
2023-02-26,Malaysia,Kuala Langat,1
2023-08-30,Malaysia,Perlis,1
2023-08-30,Malaysia,Kuantan,10
2023-01-19,Malaysia,Barat Daya,4
2023-06-16,Malaysia,Kulim,2
2023-06-16,Malaysia,Penang Island,201
2023-06-16,Malaysia,Seberang Perai Tengah,11
2023-06-16,Malaysia,Langkawi,70
2023-06-16,Malaysia,Bentong,59
2023-10-20,Malaysia,Kinta,48
2023-10-20,Malaysia,Penang Island,177
2023-06-05,Malaysia,Rompin,4
2023-01-04,Malaysia,Miri,1
2023-07-26,Malaysia,Bentong,28
2023-10-31,Malaysia,Batu Pahat,5
2023-06-04,Malaysia,Segamat,1
2023-01-07,Malaysia,Kuantan,9
2023-03-20,Malaysia,Muar,5
2023-06-18,Malaysia,Ranau,1
2023-07-25,Malaysia,Johor Bahru,248
2023-02-13,Malaysia,Kota Tinggi,22
2023-04-25,Malaysia,Kulaijaya,23
2023-04-25,Malaysia,Langkawi,65
2023-04-25,Malaysia,Kluang,5
2023-10-17,Malaysia,Bentong,5
2023-10-17,Malaysia,Seberang Perai Utara,1
2023-08-01,Malaysia,Kuantan,7
2023-08-01,Malaysia,Kubang Pasu,1
2023-09-22,Malaysia,Langkawi,104
2023-09-22,Malaysia,Temerloh,1
2023-10-03,Malaysia,Penampang,1
2023-03-04,Malaysia,Barat Daya,14
2023-03-04,Malaysia,Seberang Perai Utara,1
2023-08-15,Malaysia,Kuala Selangor,4
2023-08-29,Malaysia,Kuala Muda,13
2023-03-03,Malaysia,Kuching,47
2023-03-03,Malaysia,Ledang,1
2023-09-21,Malaysia,Kota Kinabalu,1
2023-10-04,Malaysia,Tampin,1
2023-03-17,Malaysia,Kulim,5
2023-03-17,Malaysia,Klang,10
2023-10-18,Malaysia,Kuantan,11
2023-08-14,Malaysia,Mersing,1
2023-08-14,Malaysia,Batang Padang,5
2023-08-28,Malaysia,Muar,14
2023-09-10,Malaysia,Port Dickson,8
2023-11-11,Malaysia,Ranau,1
2023-11-11,Malaysia,Kuantan,4
2023-04-27,Malaysia,Segamat,3
2023-04-27,Malaysia,Kota Setar,4
2023-04-27,Malaysia,Cameron Highlands,3
2023-03-06,Malaysia,Seberang Perai Tengah,16
2023-10-15,Malaysia,Rompin,2
2023-10-15,Malaysia,Segamat,2
2023-08-03,Malaysia,Kuala Muda,9
2023-08-17,Malaysia,Penang Island,146
2023-10-01,Malaysia,Kulaijaya,15
2023-11-22,Malaysia,Kuala Muda,2
2023-09-24,Malaysia,Kota Bharu,1
2023-10-16,Malaysia,Tampin,1
2023-03-05,Malaysia,Batu Pahat,13
2023-03-05,Malaysia,Sabak Bernam,4
2023-07-09,Malaysia,Raub,2
2023-04-11,Malaysia,Tawau,3
2023-04-11,Malaysia,Kubang Pasu,1
2023-04-11,Malaysia,Perlis,1
2023-10-13,Malaysia,Johor Bahru,256
2023-10-13,Malaysia,Klang,27
2023-08-25,Malaysia,Batu Pahat,10
2023-04-20,Malaysia,Penang Island,207
2023-04-20,Malaysia,Ledang,2
2023-11-20,Malaysia,Kampar,6
2023-07-18,Malaysia,Lawas,1
2023-02-06,Malaysia,Kluang,2
2023-02-06,Malaysia,Kubang Pasu,4
2023-02-06,Malaysia,Hulu Selangor,1
2023-08-10,Malaysia,Miri,1
2023-10-28,Malaysia,Seberang Perai Tengah,6
2023-10-14,Malaysia,Klang,22
2023-07-17,Malaysia,Johor Bahru,284
2023-11-21,Malaysia,Bentong,2
2023-11-21,Malaysia,Johor Bahru,194
2023-03-16,Malaysia,Malacca City,109
2023-09-30,Malaysia,Kota Tinggi,15
2023-10-11,Malaysia,Kampar,6
2023-02-09,Malaysia,Miri,13
2023-10-26,Malaysia,Penang Island,304
2023-07-06,Malaysia,Tawau,1
2023-04-22,Malaysia,Penang Island,148
2023-04-22,Malaysia,Klang,6
2023-03-29,Malaysia,Keningau,2
2023-02-08,Malaysia,Keningau,8
2023-02-08,Malaysia,Labuan,1
2023-08-26,Malaysia,Port Dickson,64
2023-10-12,Malaysia,Cameron Highlands,5
2023-07-19,Malaysia,Perak Tengah,2
2023-03-14,Malaysia,Kuching,38
2023-03-14,Malaysia,Shah Alam,11
2023-04-05,Malaysia,Johor Bahru,261
2023-11-04,Malaysia,Kota Setar,10
2023-09-02,Malaysia,Malacca City,122
2023-09-02,Malaysia,Batu Pahat,6
2023-11-19,Malaysia,Kuala Muda,9
2023-01-21,Malaysia,Ranau,1
2023-04-19,Malaysia,Mersing,1
2023-09-16,Malaysia,Batang Padang,1
2023-08-09,Malaysia,Kuching,14
2023-05-26,Malaysia,Kuala Terengganu,12
2023-05-11,Malaysia,Miri,1
2023-05-25,Malaysia,Muar,22
2023-09-01,Malaysia,Kota Kinabalu,5
2023-04-04,Malaysia,Jempol,2
2023-04-04,Malaysia,Kuala Terengganu,1
2023-01-20,Malaysia,Manjung,1
2023-01-20,Malaysia,Tawau,14
2023-11-16,Malaysia,Seberang Perai Tengah,22
2023-11-16,Malaysia,Kuala Terengganu,6
2023-09-29,Malaysia,Kota Setar,11
2023-09-29,Malaysia,Hulu Langat,4
2023-11-05,Malaysia,Kuala Langat,1
2023-11-05,Malaysia,Sabak Bernam,4
2023-05-10,Malaysia,Batu Pahat,4
2023-04-07,Malaysia,Seberang Perai Selatan,5
2023-04-07,Malaysia,Kuching,30
2023-08-08,Malaysia,Kota Bharu,2
2023-11-02,Malaysia,Batang Padang,3
2023-11-03,Malaysia,Kinta,77
2023-11-03,Malaysia,Pasir Putih,3
2023-09-18,Malaysia,Kluang,4
2023-09-18,Malaysia,Port Dickson,16
2023-11-17,Malaysia,Kuala Lumpur,601
2023-11-17,Malaysia,Penang Island,234
2023-06-20,Malaysia,Kulim,1
2023-06-20,Malaysia,Kuantan,6
2023-06-20,Malaysia,Temerloh,1
2023-01-22,Malaysia,Johor Bahru,180
2023-05-14,Malaysia,Kuala Lumpur,317
2023-05-27,Malaysia,Port Dickson,58
2023-05-27,Malaysia,Miri,1
2023-05-27,Malaysia,Batang Padang,1
2023-09-03,Malaysia,Kuala Terengganu,1
2023-05-12,Malaysia,Kinta,53
2023-11-14,Malaysia,Langkawi,117
2023-04-15,Malaysia,Kinta,28
2023-04-06,Malaysia,Rompin,1
2023-04-29,Malaysia,Bentong,26
2023-03-08,Malaysia,Kinta,38
2023-05-21,Malaysia,Penang Island,213
2023-05-21,Malaysia,Johor Bahru,358
2023-05-21,Malaysia,Perlis,1
2023-10-08,Malaysia,Kinta,46
2023-10-08,Malaysia,Genting Highlands,27
2023-04-14,Malaysia,Jasin,1
2023-08-05,Malaysia,Hulu Langat,6
2023-09-11,Malaysia,Kota Bharu,1
2023-05-20,Malaysia,Sabak Bernam,1
2023-05-20,Malaysia,Manjung,2
2023-05-20,Malaysia,Kuala Terengganu,10
2023-04-28,Malaysia,Malacca City,216
2023-04-28,Malaysia,Seberang Perai Utara,1
2023-09-12,Malaysia,Langkawi,77
2023-09-12,Malaysia,Cameron Highlands,1
2023-11-15,Malaysia,Kuala Pilah,1
2023-03-07,Malaysia,Jempol,2
2023-03-07,Malaysia,Lawas,3
2023-08-04,Malaysia,Pasir Putih,1
2023-04-13,Malaysia,Ranau,2
2023-09-25,Malaysia,Muar,11
2023-09-25,Malaysia,Manjung,2
2023-09-28,Malaysia,Kubang Pasu,2
2023-10-06,Malaysia,Kuantan,20
2023-10-06,Malaysia,Kota Tinggi,29
2023-08-07,Malaysia,Perlis,1
2023-08-07,Malaysia,Kuala Langat,1
2023-05-24,Malaysia,Kuala Lumpur,399
2023-05-24,Malaysia,Kuala Muda,27
2023-04-16,Malaysia,Hulu Langat,7
2023-11-01,Malaysia,Seberang Perai Utara,1
2023-05-23,Malaysia,Kuching,28
2023-05-23,Malaysia,Kuantan,5
2023-05-23,Malaysia,Temerloh,4
2023-01-30,Malaysia,Kulim,2
2023-01-30,Malaysia,Muar,11
2023-04-03,Malaysia,Kuala Selangor,1
2023-06-30,Malaysia,Kampar,5
2023-06-30,Malaysia,Barat Daya,3
2023-06-30,Malaysia,Seberang Perai Tengah,3
2023-09-27,Malaysia,Ranau,1
2023-09-27,Malaysia,Cameron Highlands,5
2023-06-13,Malaysia,Kulaijaya,22
2023-06-13,Malaysia,Hulu Langat,9
2023-03-09,Malaysia,Bentong,59
2023-05-22,Malaysia,Kuching,25
2023-08-06,Malaysia,Penang Island,189
2023-05-06,Malaysia,Klang,19
2023-05-06,Malaysia,Seberang Perai Tengah,10
2023-09-13,Malaysia,Seberang Perai Utara,2
2023-09-13,Malaysia,Klang,13
2023-04-01,Malaysia,Shah Alam,13
2023-05-22,Malaysia,Hulu Langat,12
2023-05-22,Malaysia,Keningau,4
2023-06-27,Malaysia,Mersing,8
2023-06-27,Malaysia,Kuantan,2
2023-01-18,Malaysia,Kuching,21
2023-01-18,Malaysia,Serian,1
2023-02-21,Malaysia,Cameron Highlands,5
2023-02-21,Malaysia,Miri,4
2023-06-01,Malaysia,Muar,21
2023-06-01,Malaysia,Kulaijaya,25
2023-06-01,Malaysia,Batu Pahat,6
2023-06-01,Malaysia,Tampin,1
2023-06-01,Malaysia,Kubang Pasu,3
2023-06-11,Malaysia,Bentong,30
2023-06-11,Malaysia,Shah Alam,8
2023-06-11,Malaysia,Kuala Pilah,1
2023-02-10,Malaysia,Penang Island,148
2023-10-30,Malaysia,Klang,14
2023-10-30,Malaysia,Penang Island,264
2023-01-29,Malaysia,Kulim,1
2023-01-29,Malaysia,Hulu Langat,7
2023-05-05,Malaysia,Shah Alam,8
2023-05-19,Malaysia,Ranau,10
2023-03-31,Malaysia,Kuching,25
2023-03-31,Malaysia,Perlis,1
2023-06-29,Malaysia,Port Dickson,44
2023-05-19,Malaysia,Kuala Selangor,2
2023-05-19,Malaysia,Pasir Putih,1
2023-05-08,Malaysia,Kulaijaya,18
2023-05-08,Malaysia,Port Dickson,13
2023-05-08,Malaysia,Ranau,3
2023-01-15,Malaysia,Langkawi,48
2023-06-14,Malaysia,Tampin,3
2023-07-20,Malaysia,Kinta,40
2023-07-20,Malaysia,Seremban,19
2023-07-20,Malaysia,Pekan,3
2023-05-07,Malaysia,Kuala Lumpur,223
2023-05-07,Malaysia,Tampin,1
2023-03-30,Malaysia,Putrajaya,2
2023-02-23,Malaysia,Bentong,29
2023-06-23,Malaysia,Kuala Terengganu,2
2023-04-08,Malaysia,Kuala Muda,2
2023-11-09,Malaysia,Kuala Selangor,1
2023-01-24,Malaysia,Tampin,1
2023-05-15,Malaysia,Malacca City,135
2023-01-10,Malaysia,Ledang,1
2023-05-16,Malaysia,Shah Alam,17
2023-05-16,Malaysia,Putrajaya,1
2023-01-16,Malaysia,Kota Setar,4
2023-01-16,Malaysia,Mersing,1
2023-05-29,Malaysia,Port Dickson,38
2023-05-29,Malaysia,Manjung,7
2023-09-05,Malaysia,Port Dickson,36
2023-09-05,Malaysia,Cameron Highlands,3
2023-01-25,Malaysia,Kluang,4
2023-01-25,Malaysia,Tampin,2
2023-07-21,Malaysia,Kota Setar,6
2023-07-21,Malaysia,Kluang,5
2023-01-13,Malaysia,Kulim,1
2023-01-28,Malaysia,Semporna,1
2023-01-28,Malaysia,Kuala Muda,3
2023-09-08,Malaysia,Perak Tengah,1
2023-06-22,Malaysia,Port Dickson,30
2023-11-07,Malaysia,Lawas,1
2023-11-07,Malaysia,Bintulu,1
2023-11-07,Malaysia,Kuala Muda,11
2023-11-07,Malaysia,Penang Island,307
2023-02-20,Malaysia,Kinta,76
2023-02-20,Malaysia,Kulaijaya,14
2023-06-21,Malaysia,Kota Tinggi,12
2023-06-21,Malaysia,Kluang,3
2023-11-06,Malaysia,Kuala Pilah,2
2023-11-06,Malaysia,Kuala Lumpur,556
2023-01-12,Malaysia,Kuala Muda,5
2023-06-25,Malaysia,Seremban,12
2023-06-25,Malaysia,Batu Pahat,3
2023-06-25,Malaysia,Cameron Highlands,1
2023-09-08,Malaysia,Tampin,1
2023-07-31,Malaysia,Penang Island,178
2023-07-30,Malaysia,Shah Alam,15
2023-07-30,Malaysia,Klang,7
2023-07-30,Malaysia,Johor Bahru,193
2023-05-03,Malaysia,Muar,2
2023-02-17,Malaysia,Seberang Perai Selatan,4
2023-02-17,Malaysia,Kuala Selangor,2
2023-02-17,Malaysia,Seberang Perai Utara,3
2023-02-17,Malaysia,Besut,2
2023-02-17,Malaysia,Sibu,2
2023-07-14,Malaysia,Seberang Perai Tengah,15
2023-07-14,Malaysia,Kota Kinabalu,2
2023-04-30,Malaysia,Kuala Lumpur,261
2023-07-28,Malaysia,Klang,12
2023-07-28,Malaysia,Kluang,5
2023-07-28,Malaysia,Kuala Terengganu,6
2023-03-23,Malaysia,Bentong,26
2023-10-24,Malaysia,Rompin,1
2023-07-13,Malaysia,Johor Bahru,293
2023-07-13,Malaysia,Miri,3
2023-07-13,Malaysia,Hulu Langat,6
2023-07-27,Malaysia,Miri,6
2023-02-15,Malaysia,Kuala Terengganu,13
2023-10-10,Malaysia,Langkawi,107
2023-10-10,Malaysia,Batu Pahat,3
2023-08-23,Malaysia,Kinta,61
2023-08-23,Malaysia,Seberang Perai Selatan,5
2023-07-02,Malaysia,Seberang Perai Tengah,3
2023-03-26,Malaysia,Kuala Lumpur,245
2023-03-26,Malaysia,Kubang Pasu,5
2023-03-26,Malaysia,Kota Tinggi,7
2023-03-11,Malaysia,Kuching,25
2023-03-11,Malaysia,Seremban,40
2023-02-19,Malaysia,Lahad Datu,2
2023-07-16,Malaysia,Kuala Selangor,4
2023-02-04,Malaysia,Batu Pahat,4
2023-02-04,Malaysia,Kuala Muda,11
2023-03-25,Malaysia,Penang Island,117
2023-03-25,Malaysia,Kuching,27
2023-03-25,Malaysia,Kuala Terengganu,2
2023-08-22,Malaysia,Kuching,36
2023-08-22,Malaysia,Kota Setar,6
2023-02-18,Malaysia,Malacca City,112
2023-07-01,Malaysia,Kuantan,14
2023-07-01,Malaysia,Pendang,1
2023-10-22,Malaysia,Kinta,28
2023-10-22,Malaysia,Ranau,1
2023-03-10,Malaysia,Port Dickson,51
2023-06-08,Malaysia,Malacca City,163
2023-06-08,Malaysia,Batu Pahat,8
2023-03-24,Malaysia,Kinta,31
2023-03-24,Malaysia,Ranau,3
2023-02-03,Malaysia,Kluang,5
2023-02-03,Malaysia,Kuala Terengganu,2
2023-01-06,Malaysia,Batu Pahat,2
2023-02-27,Malaysia,Cameron Highlands,4
2023-07-24,Malaysia,Mersing,2
2023-07-24,Malaysia,Kota Setar,2
2023-06-03,Malaysia,Kota Kinabalu,7
2023-02-12,Malaysia,Shah Alam,18
2023-02-12,Malaysia,Kulaijaya,8
2023-02-12,Malaysia,Kuala Muda,7
2023-06-17,Malaysia,Malacca City,116
2023-02-26,Malaysia,Kuching,20
2023-02-26,Malaysia,Kinta,64
2023-07-23,Malaysia,Segamat,1
2023-01-19,Malaysia,Kuala Lumpur,221
2023-01-19,Malaysia,Kuala Selangor,4
2023-06-02,Malaysia,Kulim,1
2023-05-09,Malaysia,Kulaijaya,14
2023-02-11,Malaysia,Mersing,1
2023-10-20,Malaysia,Kuching,23
2023-10-20,Malaysia,Cameron Highlands,2
2023-02-25,Malaysia,Barat Daya,19
2023-02-25,Malaysia,Maran,1
2023-06-05,Malaysia,Pekan,2
2023-01-04,Malaysia,Barat Daya,1
2023-06-19,Malaysia,Kulaijaya,24
2023-02-14,Malaysia,Jerantut,1
2023-03-21,Malaysia,Penang Island,128
2023-10-31,Malaysia,Johor Bahru,242
2023-03-21,Malaysia,Port Dickson,5
2023-01-07,Malaysia,Muar,9
2023-06-18,Malaysia,Kulaijaya,15
2023-07-25,Malaysia,Kulaijaya,18
2023-02-13,Malaysia,Kulim,2
2023-02-13,Malaysia,Kluang,13
2023-08-01,Malaysia,Jempol,4
2023-09-22,Malaysia,Klang,20
2023-09-22,Malaysia,Segamat,4
2023-03-04,Malaysia,Kota Belud,1
2023-10-03,Malaysia,Rompin,1
2023-03-18,Malaysia,Kampar,3
2023-08-15,Malaysia,Seberang Perai Selatan,7
2023-08-15,Malaysia,Barat Daya,1
2023-08-15,Malaysia,Sibu,3
2023-08-15,Malaysia,Pasir Putih,1
2023-08-29,Malaysia,Malacca City,230
2023-05-31,Malaysia,Port Dickson,40
2023-03-03,Malaysia,Kinta,61
2023-07-08,Malaysia,Kuching,32
2023-07-08,Malaysia,Kota Tinggi,6
2023-11-10,Malaysia,Tampin,3
2023-10-04,Malaysia,Klang,18
2023-10-04,Malaysia,Ranau,1
2023-10-04,Malaysia,Jempol,1
2023-10-04,Malaysia,Kuala Pilah,1
2023-10-04,Malaysia,Batang Padang,1
2023-05-30,Malaysia,Pekan,3
2023-05-30,Malaysia,Rompin,7
2023-03-02,Malaysia,Kubang Pasu,6
2023-03-02,Malaysia,Labuan,1
2023-10-19,Malaysia,Kota Setar,10
2023-10-19,Malaysia,Genting Highlands,44
2023-11-11,Malaysia,Malacca City,158
2023-04-27,Malaysia,Kuala Pilah,3
2023-04-27,Malaysia,Ranau,1
2023-08-03,Malaysia,Langkawi,51
2023-08-03,Malaysia,Rompin,2
2023-08-17,Malaysia,Seremban,31
2023-08-17,Malaysia,Port Dickson,55
2023-08-17,Malaysia,Kulaijaya,18
2023-10-01,Malaysia,Seberang Perai Utara,1
2023-09-24,Malaysia,Seberang Perai Tengah,5
2023-04-12,Malaysia,Johor Bahru,247
2023-04-12,Malaysia,Kuching,26
2023-04-12,Malaysia,Kluang,5
2023-03-19,Malaysia,Seremban,19
2023-03-19,Malaysia,Besut,1
2023-10-02,Malaysia,Kuantan,34
2023-04-26,Malaysia,Perlis,2
2023-07-09,Malaysia,Seberang Perai Tengah,14
2023-10-27,Malaysia,Kluang,9
2023-10-27,Malaysia,Kuala Pilah,2
2023-04-11,Malaysia,Kota Setar,10
2023-04-11,Malaysia,Putrajaya,1
2023-10-13,Malaysia,Kota Tinggi,11
2023-02-07,Malaysia,Labuan,2
2023-08-11,Malaysia,Perak Tengah,2
2023-08-25,Malaysia,Kota Bharu,4
2023-08-25,Malaysia,Bachok,1
2023-04-20,Malaysia,Hulu Selangor,1
2023-03-28,Malaysia,Seremban,24
2023-07-18,Malaysia,Kuantan,4
2023-11-20,Malaysia,Genting Highlands,45
2023-02-06,Malaysia,Mersing,2
2023-08-10,Malaysia,Tampin,1
2023-10-28,Malaysia,Kuala Lumpur,504
2023-10-28,Malaysia,Cameron Highlands,1
2023-10-28,Malaysia,Seberang Perai Selatan,4
2023-07-03,Malaysia,Kuala Terengganu,5
2023-10-14,Malaysia,Alor Gajah,3
2023-08-24,Malaysia,Penang Island,166
2023-08-24,Malaysia,Lawas,2
2023-07-17,Malaysia,Kampar,5
2023-07-17,Malaysia,Batang Padang,3
2023-03-12,Malaysia,Kota Kinabalu,10
2023-11-21,Malaysia,Penang Island,247
2023-03-16,Malaysia,Hulu Langat,25
2023-10-25,Malaysia,Pendang,2
2023-09-20,Malaysia,Tawau,1
2023-09-20,Malaysia,Batu Pahat,9
2023-09-30,Malaysia,Kuala Pilah,1
2023-09-30,Malaysia,Kubang Pasu,3
2023-10-11,Malaysia,Seremban,18
2023-02-09,Malaysia,Kampar,9
2023-02-09,Malaysia,Sibu,3
2023-03-01,Malaysia,Temerloh,3
2023-10-26,Malaysia,Hulu Langat,6
2023-10-26,Malaysia,Kuala Langat,2
2023-10-26,Malaysia,Malacca City,233
2023-07-06,Malaysia,Barat Daya,4
2023-03-15,Malaysia,Malacca City,81
2023-04-22,Malaysia,Hulu Langat,2
2023-04-22,Malaysia,Barat Daya,4
2023-03-29,Malaysia,Langkawi,45
2023-03-29,Malaysia,Batu Pahat,6
2023-03-29,Malaysia,Larut and Matang,1
2023-02-08,Malaysia,Kluang,7
2023-02-08,Malaysia,Miri,2
2023-02-08,Malaysia,Batu Pahat,6
2023-02-08,Malaysia,Pontian,2
2023-02-08,Malaysia,Batang Padang,3
2023-02-08,Malaysia,Besut,1
2023-08-26,Malaysia,Kinta,42
2023-08-26,Malaysia,Shah Alam,2
2023-08-26,Malaysia,Kuala Selangor,2
2023-04-21,Malaysia,Kota Tinggi,8
2023-10-12,Malaysia,Seberang Perai Selatan,9
2023-04-05,Malaysia,Kuala Muda,4
2023-04-05,Malaysia,Cameron Highlands,2
2023-04-05,Malaysia,Sandakan,1
2023-11-04,Malaysia,Kuala Terengganu,7
2023-09-02,Malaysia,Kota Kinabalu,1
2023-09-02,Malaysia,Batang Padang,2
2023-01-21,Malaysia,Kuala Muda,5
2023-01-21,Malaysia,Larut and Matang,2
2023-04-19,Malaysia,Kinta,32
2023-08-09,Malaysia,Perak Tengah,1
2023-05-26,Malaysia,Seberang Perai Selatan,3
2023-05-11,Malaysia,Seberang Perai Selatan,6
2023-03-14,Malaysia,Miri,1
2023-09-01,Malaysia,Pasir Putih,1
2023-05-25,Malaysia,Batang Padang,5
2023-01-20,Malaysia,Kulaijaya,14
2023-01-20,Malaysia,Kota Setar,1
2023-11-16,Malaysia,Port Dickson,25
2023-09-29,Malaysia,Lawas,1
2023-05-10,Malaysia,Kuala Muda,13
2023-08-08,Malaysia,Cameron Highlands,2
2023-09-29,Malaysia,Pasir Putih,1
2023-05-28,Malaysia,Shah Alam,19
2023-05-28,Malaysia,Seberang Perai Tengah,13
2023-09-18,Malaysia,Klang,10
2023-09-18,Malaysia,Seberang Perai Tengah,14
2023-11-17,Malaysia,Tampin,2
2023-11-17,Malaysia,Bintulu,4
2023-11-17,Malaysia,Batu Pahat,9
2023-09-17,Malaysia,Kota Bharu,1
2023-05-14,Malaysia,Seberang Perai Selatan,4
2023-05-14,Malaysia,Kota Tinggi,12
2023-05-14,Malaysia,Kluang,4
2023-05-14,Malaysia,Batang Padang,3
2023-09-19,Malaysia,Malacca City,171
2023-09-03,Malaysia,Kuala Lumpur,362
2023-09-03,Malaysia,Kota Setar,2
2023-11-14,Malaysia,Bintulu,3
2023-04-15,Malaysia,Kota Setar,10
2023-04-15,Malaysia,Sabak Bernam,1
2023-10-07,Malaysia,Klang,25
2023-10-07,Malaysia,Kluang,2
2023-04-29,Malaysia,Perlis,2
2023-03-08,Malaysia,Shah Alam,8
2023-03-08,Malaysia,Lahad Datu,2
2023-01-31,Malaysia,Penang Island,148
2023-11-01,Malaysia,Kuala Lumpur,689
2023-04-14,Malaysia,Cameron Highlands,4
2023-04-14,Malaysia,Perlis,1
2023-01-31,Malaysia,Seberang Perai Selatan,3
2023-01-31,Malaysia,Kota Tinggi,8
2023-09-11,Malaysia,Malacca City,197
2023-09-11,Malaysia,Kuala Terengganu,4
2023-04-28,Malaysia,Langkawi,46
2023-04-28,Malaysia,Sandakan,1
2023-09-12,Malaysia,Penang Island,188
2023-03-07,Malaysia,Kulaijaya,15
2023-03-07,Malaysia,Kulim,1
2023-03-07,Malaysia,Kubang Pasu,2
2023-08-18,Malaysia,Kulaijaya,18
2023-09-25,Malaysia,Malacca City,201
2023-11-13,Malaysia,Bentong,2
2023-10-06,Malaysia,Kuala Lumpur,519
2023-10-06,Malaysia,Malacca City,181
2023-10-06,Malaysia,Klang,24
2023-08-07,Malaysia,Malacca City,177
2023-08-07,Malaysia,Kuala Lumpur,412
2023-08-07,Malaysia,Pasir Putih,2
2023-04-17,Malaysia,Pekan,1
2023-04-17,Malaysia,Pasir Putih,1
2023-09-14,Malaysia,Klang,10
2023-05-24,Malaysia,Malacca City,164
2023-04-16,Malaysia,Malacca City,103
2023-01-30,Malaysia,Kota Setar,2
2023-04-03,Malaysia,Bentong,29
2023-06-30,Malaysia,Bintulu,4
2023-09-27,Malaysia,Kota Setar,13
2023-09-27,Malaysia,Perak Tengah,2
2023-04-01,Malaysia,Temerloh,1
2023-04-01,Malaysia,Segamat,5
2023-03-09,Malaysia,Pasir Putih,2
2023-01-01,Malaysia,Kulim,1
2023-01-01,Malaysia,Penang Island,80
2023-01-01,Malaysia,Hulu Langat,11
2023-01-01,Malaysia,Kluang,1
2023-01-01,Malaysia,Kuantan,5
2023-01-01,Malaysia,Kuala Selangor,1
2023-02-22,Malaysia,Johor Bahru,259
2023-02-22,Malaysia,Muar,12
2023-02-22,Malaysia,Hulu Langat,24
2023-08-06,Malaysia,Kuala Muda,2
2023-08-06,Malaysia,Perak Tengah,3
2023-05-06,Malaysia,Seberang Perai Selatan,4
2023-09-13,Malaysia,Shah Alam,8
2023-09-13,Malaysia,Kota Setar,4
2023-09-13,Malaysia,Kota Tinggi,17
2023-04-01,Malaysia,Seberang Perai Tengah,10
2023-05-22,Malaysia,Kuala Selangor,2
2023-04-02,Malaysia,Kuala Terengganu,2
2023-06-27,Malaysia,Malacca City,153
2023-06-27,Malaysia,Tuaran,1
2023-01-18,Malaysia,Shah Alam,8
2023-06-11,Malaysia,Perlis,2
2023-06-11,Malaysia,Kuala Terengganu,4
2023-10-30,Malaysia,Kudat,1
2023-01-29,Malaysia,Ledang,1
2023-03-31,Malaysia,Pekan,1
2023-03-31,Malaysia,Batu Pahat,4
2023-01-15,Malaysia,Penang Island,126
2023-01-15,Malaysia,Johor Bahru,151
2023-01-14,Malaysia,Pekan,2
2023-01-02,Malaysia,Penang Island,93
2023-06-12,Malaysia,Johor Bahru,293
2023-06-12,Malaysia,Jempol,2
2023-06-12,Malaysia,Segamat,1
2023-06-12,Malaysia,Tuaran,5
2023-06-14,Malaysia,Malacca City,165
2023-06-14,Malaysia,Bachok,1
2023-06-15,Malaysia,Kuching,34
2023-02-21,Malaysia,Seberang Perai Utara,2
2023-06-26,Malaysia,Ranau,1
2023-06-26,Malaysia,Keningau,1
2023-06-28,Malaysia,Klang,11
2023-05-02,Malaysia,Perlis,3
2023-07-20,Malaysia,Kuala Terengganu,4
2023-05-07,Malaysia,Seberang Perai Selatan,3
2023-03-30,Malaysia,Miri,3
2023-02-23,Malaysia,Larut and Matang,2
2023-01-03,Malaysia,Larut and Matang,1
2023-06-23,Malaysia,Temerloh,2
2023-01-24,Malaysia,Klang,5
2023-09-09,Malaysia,Kuantan,29
2023-09-09,Malaysia,Manjung,1
2023-01-10,Malaysia,Batu Pahat,7
2023-05-16,Malaysia,Kuching,17
2023-05-16,Malaysia,Kuala Selangor,1
2023-05-29,Malaysia,Kuching,30
2023-05-29,Malaysia,Kulaijaya,23
2023-05-29,Malaysia,Keningau,2
2023-05-15,Malaysia,Kanowit,1
2023-09-05,Malaysia,Kota Tinggi,18
2023-01-25,Malaysia,Kota Bharu,1
2023-07-21,Malaysia,Seremban,33
2023-07-21,Malaysia,Sarikei,1
2023-07-21,Malaysia,Marang,2
2023-01-11,Malaysia,Sibu,1
2023-05-01,Malaysia,Tawau,2
2023-01-13,Malaysia,Kota Setar,2
2023-06-22,Malaysia,Rompin,1
2023-05-04,Malaysia,Tawau,1
2023-06-21,Malaysia,Jasin,1
2023-11-06,Malaysia,Kluang,8
2023-06-24,Malaysia,Kluang,8
2023-06-24,Malaysia,Rompin,4
2023-01-27,Malaysia,Kampar,5
2023-06-10,Malaysia,Kuala Selangor,1
2023-01-12,Malaysia,Kota Setar,10
2023-06-25,Malaysia,Barat Daya,3
2023-05-17,Malaysia,Sandakan,1
2023-05-17,Malaysia,Kemaman,1
2023-09-08,Malaysia,Alor Gajah,2
2023-07-30,Malaysia,Semporna,2
2023-11-08,Malaysia,Seberang Perai Tengah,16
2023-01-26,Malaysia,Seberang Perai Selatan,4
2023-01-26,Malaysia,Hulu Langat,4
2023-02-17,Malaysia,Bentong,28
2023-08-21,Malaysia,Langkawi,59
2023-08-21,Malaysia,Pendang,2
2023-07-14,Malaysia,Langkawi,52
2023-07-14,Malaysia,Ranau,1
2023-04-30,Malaysia,Kuala Pilah,1
2023-04-30,Malaysia,Seberang Perai Tengah,12
2023-06-07,Malaysia,Seberang Perai Tengah,11
2023-06-07,Malaysia,Kota Setar,4
2023-02-02,Malaysia,Kinta,71
2023-02-02,Malaysia,Bentong,37
2023-03-23,Malaysia,Johor Bahru,128
2023-03-23,Malaysia,Jempol,2
2023-08-20,Malaysia,Bintulu,1
2023-08-20,Malaysia,Kota Kinabalu,1
2023-02-16,Malaysia,Jempol,7
2023-07-13,Malaysia,Shah Alam,27
2023-07-13,Malaysia,Kluang,2
2023-07-13,Malaysia,Rompin,4
2023-01-09,Malaysia,Kuala Muda,2
2023-02-01,Malaysia,Kuching,21
2023-02-01,Malaysia,Kota Tinggi,13
2023-03-22,Malaysia,Bera,1
2023-03-22,Malaysia,Kuala Terengganu,2
2023-02-15,Malaysia,Barat Daya,7
2023-10-10,Malaysia,Penang Island,242
2023-02-05,Malaysia,Kota Kinabalu,33
2023-02-05,Malaysia,Seberang Perai Selatan,2
2023-02-05,Malaysia,Manjung,4
2023-07-02,Malaysia,Port Dickson,29
2023-03-26,Malaysia,Barat Daya,10
2023-03-26,Malaysia,Cameron Highlands,2
2023-03-11,Malaysia,Seberang Perai Tengah,12
2023-03-11,Malaysia,Kuala Lumpur,433
2023-02-19,Malaysia,Tambunan,1
2023-07-16,Malaysia,Johor Bahru,282
2023-03-25,Malaysia,Kuala Muda,3
2023-03-25,Malaysia,Pekan,1
2023-06-09,Malaysia,Miri,2
2023-06-09,Malaysia,Pekan,2
2023-06-09,Malaysia,Kuala Terengganu,6
2023-02-18,Malaysia,Kampar,7
2023-02-18,Malaysia,Rompin,1
2023-07-01,Malaysia,Kubang Pasu,4
2023-07-29,Malaysia,Kuala Terengganu,5
2023-03-10,Malaysia,Kota Tinggi,9
2023-03-24,Malaysia,Alor Gajah,1
2023-02-03,Malaysia,Kuala Langat,2
2023-02-03,Malaysia,Ranau,2
2023-01-06,Malaysia,Malacca City,168
2023-01-06,Malaysia,Kuala Selangor,2
2023-07-24,Malaysia,Kuching,29
2023-07-24,Malaysia,Muar,3
2023-07-24,Malaysia,Kuala Selangor,2
2023-06-03,Malaysia,Kota Bharu,1
2023-02-12,Malaysia,Segamat,2
2023-01-05,Malaysia,Mersing,4
2023-08-30,Malaysia,Johor Bahru,202
2023-07-23,Malaysia,Kota Kinabalu,2
2023-06-02,Malaysia,Langkawi,51
2023-06-16,Malaysia,Hulu Langat,13
2023-06-16,Malaysia,Batang Padang,1
2023-05-09,Malaysia,Kuala Pilah,1
2023-02-11,Malaysia,Kuantan,25
2023-02-11,Malaysia,Tanah Merah,1
2023-02-25,Malaysia,Kota Kinabalu,18
2023-02-25,Malaysia,Kluang,5
2023-06-05,Malaysia,Pontian,1
2023-06-05,Malaysia,Temerloh,4
2023-07-12,Malaysia,Muar,4
2023-06-19,Malaysia,Kuala Pilah,1
2023-02-14,Malaysia,Port Dickson,16
2023-10-31,Malaysia,Klang,18
2023-03-21,Malaysia,Batu Pahat,5
2023-03-21,Malaysia,Kuala Selangor,2
2023-02-28,Malaysia,Kuching,35
2023-02-28,Malaysia,Kuala Langat,1
2023-06-04,Malaysia,Kota Setar,4
2023-01-07,Malaysia,Malacca City,109
2023-01-07,Malaysia,Langkawi,27
2023-01-07,Malaysia,Mersing,3
2023-01-07,Malaysia,Kuala Terengganu,3
2023-07-11,Malaysia,Kulaijaya,30
2023-03-20,Malaysia,Seberang Perai Selatan,1
2023-06-18,Malaysia,Kuala Muda,3
2023-02-13,Malaysia,Kuala Lumpur,356
2023-02-13,Malaysia,Setiu,1
2023-08-31,Malaysia,Ledang,4
2023-04-25,Malaysia,Mersing,1
2023-04-25,Malaysia,Pokok Sena,1
2023-10-17,Malaysia,Seremban,14
2023-10-17,Malaysia,Kota Tinggi,15
2023-10-17,Malaysia,Johor Bahru,220
2023-09-22,Malaysia,Batu Pahat,6
2023-10-03,Malaysia,Klang,23
2023-10-03,Malaysia,Kuantan,24
2023-03-04,Malaysia,Kuala Pilah,4
2023-03-04,Malaysia,Ledang,1
2023-03-18,Malaysia,Kulaijaya,13
2023-03-18,Malaysia,Miri,4
2023-08-15,Malaysia,Klang,10
2023-03-03,Malaysia,Bentong,57
2023-03-03,Malaysia,Miri,1
2023-07-08,Malaysia,Putrajaya,1
2023-03-03,Malaysia,Lahad Datu,2
2023-03-03,Malaysia,Batang Padang,1
2023-04-10,Malaysia,Manjung,1
2023-11-10,Malaysia,Kota Bharu,4
2023-09-21,Malaysia,Kota Tinggi,23
2023-09-21,Malaysia,Perak Tengah,2
2023-09-21,Malaysia,Seberang Perai Tengah,12
2023-03-17,Malaysia,Kuching,45
2023-03-17,Malaysia,Kinta,25
2023-07-07,Malaysia,Tawau,1
2023-08-14,Malaysia,Perak Tengah,1
2023-03-02,Malaysia,Perlis,5
2023-03-02,Malaysia,Miri,2
2023-10-19,Malaysia,Johor Bahru,216
2023-04-23,Malaysia,Shah Alam,2
2023-04-23,Malaysia,Kampar,1
2023-11-11,Malaysia,Seberang Perai Utara,3
2023-10-29,Malaysia,Kulaijaya,14
2023-10-29,Malaysia,Hulu Langat,7
2023-03-06,Malaysia,Port Dickson,48
2023-03-06,Malaysia,Kudat,1
2023-10-15,Malaysia,Seberang Perai Tengah,10
2023-08-17,Malaysia,Kluang,8
2023-10-01,Malaysia,N/A,1
2023-10-16,Malaysia,Alor Gajah,1
2023-03-05,Malaysia,Shah Alam,23
2023-03-05,Malaysia,Hulu Langat,13
2023-03-05,Malaysia,Kuantan,31
2023-03-05,Malaysia,Seberang Perai Utara,2
2023-03-05,Malaysia,Keningau,1
2023-04-12,Malaysia,Miri,3
2023-03-19,Malaysia,Hulu Langat,19
2023-03-19,Malaysia,Kubang Pasu,1
2023-03-19,Malaysia,Hulu Selangor,1
2023-04-26,Malaysia,Kulim,1
2023-04-26,Malaysia,Klang,3
2023-09-23,Malaysia,Segamat,1
2023-09-23,Malaysia,Seberang Perai Utara,2
2023-08-16,Malaysia,Malacca City,171
2023-07-09,Malaysia,Malacca City,121
2023-07-09,Malaysia,Shah Alam,20
2023-07-09,Malaysia,Muar,5
2023-10-27,Malaysia,Alor Gajah,2
2023-02-07,Malaysia,Muar,9
2023-08-11,Malaysia,Muar,3
2023-07-04,Malaysia,Kota Bharu,7
2023-08-25,Malaysia,Shah Alam,10
2023-04-20,Malaysia,Kuala Lumpur,445
2023-03-28,Malaysia,Johor Bahru,208
2023-03-28,Malaysia,Kota Marudu,1
2023-03-28,Malaysia,Ranau,2
2023-04-20,Malaysia,Miri,4
2023-07-18,Malaysia,Miri,1
2023-11-20,Malaysia,Alor Gajah,1
2023-11-20,Malaysia,Seberang Perai Selatan,20
2023-03-27,Malaysia,Temerloh,1
2023-03-27,Malaysia,Dungun,1
2023-08-10,Malaysia,Kuala Terengganu,4
2023-03-13,Malaysia,Langkawi,64
2023-03-13,Malaysia,Bentong,16
2023-03-13,Malaysia,Kuantan,27
2023-03-13,Malaysia,Setiu,1
2023-07-03,Malaysia,Rompin,2
2023-08-24,Malaysia,Kulaijaya,15
2023-08-24,Malaysia,Kluang,11
2023-07-17,Malaysia,Seremban,24
2023-03-12,Malaysia,Jempol,1
2023-03-12,Malaysia,Seberang Perai Utara,1
2023-03-16,Malaysia,Johor Bahru,215
2023-03-16,Malaysia,Ledang,1
2023-03-16,Malaysia,Cameron Highlands,2
2023-10-11,Malaysia,Kuching,22
2023-02-09,Malaysia,Kuching,30
2023-02-09,Malaysia,Kuala Pilah,2
2023-02-09,Malaysia,Batu Pahat,6
2023-02-09,Malaysia,Sabak Bernam,5
2023-08-27,Malaysia,Kuching,32
2023-08-13,Malaysia,Ledang,2
2023-03-01,Malaysia,Kota Setar,9
2023-10-26,Malaysia,Kinta,34
2023-10-26,Malaysia,Seberang Perai Selatan,6
2023-07-06,Malaysia,Perlis,1
2023-07-06,Malaysia,Kota Kinabalu,9
2023-03-15,Malaysia,Temerloh,1
2023-03-15,Malaysia,Penampang,1
2023-03-29,Malaysia,Kuala Terengganu,1
2023-08-26,Malaysia,Muar,8
2023-04-21,Malaysia,Ledang,1
2023-10-12,Malaysia,Kuala Terengganu,5
2023-10-12,Malaysia,Seberang Perai Utara,2
2023-07-05,Malaysia,Malacca City,163
2023-03-14,Malaysia,Larut and Matang,2
2023-04-05,Malaysia,Seremban,26
2023-04-05,Malaysia,Kinta,20
2023-04-05,Malaysia,Kuala Selangor,1
2023-11-04,Malaysia,Barat Daya,14
2023-09-02,Malaysia,Klang,10
2023-11-19,Malaysia,Miri,1
2023-04-19,Malaysia,Barat Daya,5
2023-04-19,Malaysia,Bentong,38
2023-08-09,Malaysia,Perlis,1
2023-08-09,Malaysia,Klang,10
2023-08-09,Malaysia,Muar,2
2023-05-26,Malaysia,Segamat,1
2023-05-26,Malaysia,Sibu,1
2023-05-11,Malaysia,Batang Padang,2
2023-05-25,Malaysia,Seberang Perai Selatan,5
2023-05-25,Malaysia,Ranau,3
2023-09-01,Malaysia,Kuching,20
2023-09-01,Malaysia,Port Dickson,46
2023-04-04,Malaysia,Shah Alam,10
2023-04-04,Malaysia,Kubang Pasu,1
2023-04-04,Malaysia,Lawas,1
2023-09-15,Malaysia,Batang Padang,1
2023-09-15,Malaysia,Kuala Terengganu,7
2023-04-18,Malaysia,Johor Bahru,209
2023-11-05,Malaysia,Kuantan,8
2023-11-05,Malaysia,Kota Bharu,7
2023-05-10,Malaysia,Kubang Pasu,15
2023-04-07,Malaysia,Kulaijaya,14
2023-04-07,Malaysia,Bera,2
2023-08-08,Malaysia,Kuala Muda,9
2023-09-04,Malaysia,Seremban,31
2023-09-04,Malaysia,Jempol,1
2023-09-04,Malaysia,Tawau,1
2023-11-03,Malaysia,Malacca City,194
2023-01-23,Malaysia,Shah Alam,13
2023-11-17,Malaysia,Putrajaya,2
2023-01-22,Malaysia,Cameron Highlands,6
2023-05-14,Malaysia,Hulu Langat,2
2023-05-14,Malaysia,Tampin,1
2023-05-14,Malaysia,Bintulu,1
2023-09-03,Malaysia,Barat Daya,2
2023-09-03,Malaysia,Perak Tengah,1
2023-05-12,Malaysia,Johor Bahru,358
2023-04-15,Malaysia,Kuala Lumpur,264
2023-04-15,Malaysia,Kulaijaya,19
2023-04-15,Malaysia,Barat Daya,29
2023-04-06,Malaysia,Seberang Perai Selatan,3
2023-04-06,Malaysia,Muar,5
2023-04-06,Malaysia,Barat Daya,4
2023-03-08,Malaysia,Malacca City,148
2023-03-08,Malaysia,Kota Bharu,7
2023-09-26,Malaysia,Malacca City,187
2023-01-31,Malaysia,Batang Padang,1
2023-11-01,Malaysia,Jempol,5
2023-08-19,Malaysia,Johor Bahru,201
2023-08-19,Malaysia,Malacca City,133
2023-05-12,Malaysia,Sibu,1
2023-04-14,Malaysia,Muar,2
2023-08-05,Malaysia,Kulaijaya,15
2023-01-31,Malaysia,Muar,6
2023-01-31,Malaysia,Batu Pahat,7
2023-01-31,Malaysia,Perlis,3
2023-09-11,Malaysia,Kuala Lumpur,473
2023-08-04,Malaysia,Penang Island,200
2023-08-04,Malaysia,Cameron Highlands,5
2023-08-04,Malaysia,Jempol,5
2023-08-18,Malaysia,Hulu Langat,5
2023-08-18,Malaysia,Shah Alam,7
2023-08-18,Malaysia,Kota Setar,2
2023-08-18,Malaysia,Batang Padang,7
2023-04-13,Malaysia,Kuala Terengganu,3
2023-04-13,Malaysia,Kota Bharu,1
2023-09-25,Malaysia,Kuala Pilah,2
2023-10-09,Malaysia,Kubang Pasu,1
2023-09-14,Malaysia,Jempol,2
2023-09-28,Malaysia,Kuala Muda,3
2023-11-13,Malaysia,Kluang,7
2023-11-13,Malaysia,Kuching,13
2023-10-06,Malaysia,Barat Daya,7
2023-05-24,Malaysia,Shah Alam,22
2023-04-16,Malaysia,Seberang Perai Tengah,17
2023-11-01,Malaysia,Alor Gajah,2
2023-05-23,Malaysia,Tawau,4
2023-09-27,Malaysia,Port Dickson,34
2023-10-05,Malaysia,Shah Alam,13
2023-10-05,Malaysia,Pasir Putih,2
2023-06-13,Malaysia,Pasir Putih,1
2023-11-12,Malaysia,Bentong,1
2023-11-12,Malaysia,Kota Setar,21
2023-01-01,Malaysia,Seberang Perai Tengah,3
2023-09-13,Malaysia,Kuala Selangor,1
2023-04-01,Malaysia,Klang,8
2023-04-01,Malaysia,Tuaran,1
2023-05-22,Malaysia,Kubang Pasu,1
2023-04-02,Malaysia,Setiu,1
2023-04-02,Malaysia,Larut and Matang,1
2023-06-27,Malaysia,Jempol,1
2023-06-27,Malaysia,Bera,2
2023-05-05,Malaysia,Alor Gajah,1
2023-01-18,Malaysia,Bentong,16
2023-02-21,Malaysia,Kuching,20
2023-02-21,Malaysia,Jempol,2
2023-06-01,Malaysia,Dungun,2
2023-06-01,Malaysia,Batang Padang,3
2023-06-11,Malaysia,Langkawi,49
2023-02-10,Malaysia,Miri,12
2023-01-29,Malaysia,Lahad Datu,1
2023-01-29,Malaysia,Tawau,8
2023-07-22,Malaysia,Klang,6
2023-07-22,Malaysia,Rompin,3
2023-06-29,Malaysia,Seremban,19
2023-06-29,Malaysia,Bentong,23
2023-06-29,Malaysia,Cameron Highlands,4
2023-05-19,Malaysia,Segamat,10
2023-01-15,Malaysia,Manjung,2
2023-01-15,Malaysia,Putatan,1
2023-01-17,Malaysia,Langkawi,31
2023-01-02,Malaysia,Muar,4
2023-06-14,Malaysia,Shah Alam,15
2023-06-15,Malaysia,Batu Pahat,6
2023-04-09,Malaysia,Malacca City,92
2023-04-09,Malaysia,Miri,1
2023-01-11,Malaysia,Johor Bahru,159
2023-05-07,Malaysia,Rompin,1
2023-02-23,Malaysia,Kuching,25
2023-01-03,Malaysia,Bentong,29
2023-01-03,Malaysia,Batu Pahat,10
2023-01-03,Malaysia,Tawau,1
2023-06-23,Malaysia,Kota Kinabalu,4
2023-04-08,Malaysia,Kluang,2
2023-04-08,Malaysia,Manjung,1
2023-11-09,Malaysia,Seremban,22
2023-01-24,Malaysia,Kota Setar,1
2023-01-10,Malaysia,Penampang,1
2023-01-16,Malaysia,Malacca City,176
2023-01-16,Malaysia,Kota Tinggi,21
2023-01-16,Malaysia,Pekan,2
2023-05-29,Malaysia,Seberang Perai Utara,2
2023-01-25,Malaysia,Seberang Perai Selatan,1
2023-05-01,Malaysia,Port Dickson,7
2023-05-01,Malaysia,Kuantan,8
2023-01-13,Malaysia,Johor Bahru,173
2023-01-28,Malaysia,Shah Alam,14
2023-01-28,Malaysia,Penang Island,114
2023-05-18,Malaysia,Rompin,2
2023-06-22,Malaysia,Seremban,16
2023-06-22,Malaysia,Kampar,7
2023-02-20,Malaysia,Jempol,2
2023-06-21,Malaysia,Kemaman,1
2023-05-03,Malaysia,Kuching,29
2023-05-03,Malaysia,Port Dickson,17
2023-06-24,Malaysia,Kota Tinggi,9
2023-01-12,Malaysia,Segamat,2
2023-01-26,Malaysia,Pekan,3
2023-01-26,Malaysia,Kuala Terengganu,5
2023-06-25,Malaysia,Kota Setar,11
2023-05-17,Malaysia,Manjung,1
2023-07-31,Malaysia,Klang,7
2023-07-31,Malaysia,Perak Tengah,3
2023-07-31,Malaysia,Ranau,1
2023-09-07,Malaysia,Penang Island,144
2023-05-03,Malaysia,Rompin,2
2023-11-08,Malaysia,Barat Daya,13
2023-11-08,Malaysia,Johor Bahru,295
2023-08-21,Malaysia,Seberang Perai Utara,1
2023-08-21,Malaysia,Muar,3
2023-08-21,Malaysia,Kuala Muda,2
2023-07-14,Malaysia,Muar,4
2023-10-23,Malaysia,Kinta,38
2023-10-23,Malaysia,Kota Bharu,2
2023-06-07,Malaysia,Ledang,2
2023-06-07,Malaysia,Kota Tinggi,5
2023-07-28,Malaysia,Port Dickson,51
2023-02-02,Malaysia,Kubang Pasu,3
2023-02-02,Malaysia,Perak Tengah,2
2023-03-23,Malaysia,Jasin,1
2023-03-23,Malaysia,Tawau,2
2023-02-16,Malaysia,Seberang Perai Tengah,15
2023-02-16,Malaysia,Seberang Perai Utara,8
2023-10-24,Malaysia,Kluang,9
2023-10-24,Malaysia,Kuala Lumpur,531
2023-07-13,Malaysia,Bentong,37
2023-02-01,Malaysia,Seberang Perai Utara,1
2023-02-01,Malaysia,Besut,3
2023-06-06,Malaysia,Ledang,1
2023-06-06,Malaysia,Tanah Merah,1
2023-07-27,Malaysia,Shah Alam,5
2023-07-27,Malaysia,Kuala Selangor,2
2023-02-15,Malaysia,Pontian,3
2023-10-10,Malaysia,Kluang,4
2023-02-05,Malaysia,Bentong,22
2023-02-05,Malaysia,Kota Bharu,7
2023-08-23,Malaysia,Hulu Langat,11
2023-03-11,Malaysia,Kota Bharu,8
2023-02-19,Malaysia,Miri,1
2023-10-21,Malaysia,Bentong,5
2023-03-25,Malaysia,Perlis,1
2023-10-21,Malaysia,Kota Kinabalu,1
2023-08-22,Malaysia,Kinta,81
2023-08-22,Malaysia,Kota Kinabalu,1
2023-07-15,Malaysia,Muar,7
2023-02-18,Malaysia,Muar,6
2023-02-18,Malaysia,Miri,3
2023-07-01,Malaysia,Kuala Terengganu,7
2023-07-01,Malaysia,Barat Daya,1
2023-07-01,Malaysia,Kuala Krai,1
2023-10-22,Malaysia,Port Dickson,26
2023-07-29,Malaysia,Pontian,1
2023-06-08,Malaysia,Kuala Muda,6
2023-02-27,Malaysia,Seremban,35
2023-06-03,Malaysia,Penang Island,129
2023-06-03,Malaysia,Jempol,3
2023-06-17,Malaysia,Barat Daya,2
2023-06-17,Malaysia,Temerloh,1
2023-06-17,Malaysia,Kampar,4
2023-06-17,Malaysia,Alor Gajah,1
2023-01-05,Malaysia,Muar,7
2023-02-26,Malaysia,Perlis,4
2023-01-19,Malaysia,Kota Bharu,3
2023-06-02,Malaysia,Port Dickson,33
2023-06-16,Malaysia,Johor Bahru,279
2023-06-16,Malaysia,Kuala Terengganu,12
2023-05-09,Malaysia,Kuala Terengganu,2
2023-05-09,Malaysia,Rompin,1
2023-02-11,Malaysia,Batu Pahat,6
2023-02-11,Malaysia,Pasir Putih,1
2023-06-05,Malaysia,Bentong,23
2023-06-05,Malaysia,Ledang,3
2023-01-08,Malaysia,Kuantan,17
2023-07-26,Malaysia,Kuching,33
2023-06-19,Malaysia,Seberang Perai Tengah,17
2023-02-14,Malaysia,Perlis,5
2023-10-31,Malaysia,Kota Tinggi,16
2023-03-21,Malaysia,Seberang Perai Selatan,2
2023-03-21,Malaysia,Kuala Langat,3
2023-02-14,Malaysia,Dungun,3
2023-03-20,Malaysia,Seberang Perai Utara,3
2023-07-25,Malaysia,Cameron Highlands,4
2023-02-13,Malaysia,Miri,15
2023-08-31,Malaysia,Kluang,12
2023-04-25,Malaysia,Kuching,27
2023-04-25,Malaysia,Port Dickson,28
2023-10-17,Malaysia,Jempol,2
2023-10-17,Malaysia,Batu Pahat,4
2023-10-03,Malaysia,Kuala Lumpur,540
2023-10-03,Malaysia,Kuala Selangor,1
2023-08-15,Malaysia,Kampar,4
2023-08-29,Malaysia,Penang Island,173
2023-08-29,Malaysia,Manjung,2
2023-05-31,Malaysia,Perlis,2
2023-05-31,Malaysia,Alor Gajah,1
2023-07-08,Malaysia,Bera,1
2023-04-10,Malaysia,Seberang Perai Tengah,21
2023-04-24,Malaysia,Klang,4
2023-04-24,Malaysia,Ledang,3
2023-04-24,Malaysia,Sandakan,1
2023-11-10,Malaysia,Kuala Selangor,3
2023-09-21,Malaysia,Muar,11
2023-03-17,Malaysia,Seberang Perai Selatan,4
2023-10-18,Malaysia,Hulu Langat,2
2023-05-30,Malaysia,Putrajaya,1
2023-08-14,Malaysia,Langkawi,37
2023-08-14,Malaysia,Kampar,5
2023-08-14,Malaysia,Jempol,6
2023-08-28,Malaysia,Barat Daya,15
2023-09-10,Malaysia,Kuala Langat,2
2023-09-10,Malaysia,Klang,7
2023-10-19,Malaysia,Alor Gajah,3
2023-11-11,Malaysia,Kampar,6
2023-10-29,Malaysia,Cameron Highlands,2
2023-10-15,Malaysia,Kuala Terengganu,5
2023-08-03,Malaysia,Kuching,26
2023-08-03,Malaysia,Seberang Perai Tengah,5
2023-10-01,Malaysia,Malacca City,161
2023-10-01,Malaysia,Cameron Highlands,4
2023-10-16,Malaysia,Kampar,7
2023-10-16,Malaysia,Kuantan,17
2023-10-16,Malaysia,Kuching,16
2023-10-16,Malaysia,Manjung,3
2023-03-05,Malaysia,Lahad Datu,2
2023-03-19,Malaysia,Johor Bahru,141
2023-03-19,Malaysia,Penang Island,143
2023-03-19,Malaysia,Bentong,18
2023-03-19,Malaysia,Kuala Kangsar,1
2023-03-19,Malaysia,Kuala Terengganu,1
2023-08-02,Malaysia,Mersing,5
2023-04-26,Malaysia,Pasir Putih,2
2023-09-23,Malaysia,Kuala Muda,1
2023-08-16,Malaysia,Klang,3
2023-08-16,Malaysia,Batang Padang,4
2023-07-09,Malaysia,Jempol,1
2023-10-27,Malaysia,Batang Padang,3
2023-04-11,Malaysia,Setiu,1
2023-10-13,Malaysia,Kuala Lumpur,469
2023-02-07,Malaysia,Kota Bharu,7
2023-02-07,Malaysia,Kubang Pasu,5
2023-08-11,Malaysia,Kulaijaya,17
2023-07-04,Malaysia,Kuala Langat,1
2023-08-25,Malaysia,Kinta,63
2023-08-25,Malaysia,Manjung,10
2023-08-25,Malaysia,Kota Kinabalu,3
2023-08-25,Malaysia,Seberang Perai Selatan,1
2023-04-20,Malaysia,Kuala Langat,1
2023-03-28,Malaysia,Kubang Pasu,2
2023-08-10,Malaysia,Kubang Pasu,1
2023-07-03,Malaysia,Putrajaya,2
2023-10-14,Malaysia,Rompin,2
2023-10-14,Malaysia,Putrajaya,3
2023-08-24,Malaysia,Kampar,10
2023-08-24,Malaysia,Rompin,1
2023-03-12,Malaysia,Putrajaya,2
2023-03-12,Malaysia,Tanah Merah,1
2023-03-16,Malaysia,Semporna,1
2023-09-20,Malaysia,Kuala Lumpur,496
2023-09-30,Malaysia,Kampar,4
2023-02-09,Malaysia,Malacca City,141
2023-02-09,Malaysia,Johor Bahru,282
2023-02-09,Malaysia,Barat Daya,7
2023-08-27,Malaysia,Ranau,1
2023-08-27,Malaysia,Bachok,2
2023-08-27,Malaysia,Kuala Muda,5
2023-10-26,Malaysia,Muar,11
2023-07-06,Malaysia,Kuala Terengganu,17
2023-03-15,Malaysia,Miri,5
2023-03-29,Malaysia,Tawau,1
2023-03-29,Malaysia,Kluang,6
2023-03-29,Malaysia,Hulu Langat,16
2023-02-08,Malaysia,Sandakan,2
2023-04-21,Malaysia,Kuala Muda,3
2023-07-19,Malaysia,Johor Bahru,299
2023-07-19,Malaysia,Kota Setar,3
2023-07-19,Malaysia,Segamat,2
2023-07-19,Malaysia,Kuala Muda,6
2023-07-19,Malaysia,Batang Padang,3
2023-07-05,Malaysia,Cameron Highlands,3
2023-03-14,Malaysia,Barat Daya,11
2023-03-14,Malaysia,Sabak Bernam,1
2023-04-05,Malaysia,Kampar,6
2023-11-19,Malaysia,Genting Highlands,36
2023-11-19,Malaysia,Malacca City,148
2023-01-21,Malaysia,Shah Alam,16
2023-01-21,Malaysia,Langkawi,31
2023-01-21,Malaysia,Hulu Langat,1
2023-04-19,Malaysia,Bintulu,1
2023-05-11,Malaysia,Kampar,5
2023-05-25,Malaysia,Temerloh,7
2023-04-04,Malaysia,Kota Tinggi,4
2023-09-15,Malaysia,Perak Tengah,2
2023-04-18,Malaysia,Batu Pahat,1
2023-11-16,Malaysia,Seberang Perai Selatan,8
2023-11-05,Malaysia,Batang Padang,3
2023-04-07,Malaysia,Cameron Highlands,4
2023-08-08,Malaysia,Batu Pahat,1
2023-08-08,Malaysia,Tuaran,2
2023-11-02,Malaysia,Shah Alam,23
2023-11-16,Malaysia,Kota Bharu,8
2023-09-04,Malaysia,Shah Alam,15
2023-11-03,Malaysia,Kubang Pasu,1
2023-09-18,Malaysia,Langkawi,106
2023-01-23,Malaysia,Seremban,25
2023-01-23,Malaysia,Segamat,1
2023-01-23,Malaysia,Kanowit,1
2023-11-17,Malaysia,Kinta,50
2023-11-17,Malaysia,Kota Bharu,7
2023-06-20,Malaysia,Kinta,33
2023-11-18,Malaysia,Klang,26
2023-11-18,Malaysia,Kulim,1
2023-11-18,Malaysia,Kampar,2
2023-11-18,Malaysia,Langkawi,87
2023-11-18,Malaysia,Kubang Pasu,1
2023-05-13,Malaysia,Kulaijaya,33
2023-05-14,Malaysia,Penang Island,158
2023-05-14,Malaysia,Bentong,20
2023-05-27,Malaysia,Kuala Selangor,3
2023-05-27,Malaysia,Jempol,2
2023-11-14,Malaysia,Shah Alam,31
2023-04-15,Malaysia,Jeli,1
2023-04-06,Malaysia,Kota Setar,10
2023-04-29,Malaysia,Besut,1
2023-05-21,Malaysia,Kuala Lumpur,385
2023-05-21,Malaysia,Kuala Terengganu,10
2023-08-19,Malaysia,Barat Daya,10
2023-08-19,Malaysia,Seberang Perai Tengah,8
2023-08-19,Malaysia,Lawas,1
2023-09-26,Malaysia,Batang Padang,1
2023-01-31,Malaysia,Hulu Langat,16
2023-09-11,Malaysia,Batang Padang,6
2023-04-28,Malaysia,Muar,1
2023-09-12,Malaysia,Shah Alam,9
2023-09-12,Malaysia,Port Dickson,19
2023-11-15,Malaysia,Jempol,4
2023-08-04,Malaysia,Kinta,31
2023-08-18,Malaysia,Kuching,25
2023-08-18,Malaysia,Cameron Highlands,6
2023-04-13,Malaysia,Kuala Muda,5
2023-09-25,Malaysia,Tampin,2
2023-09-25,Malaysia,Johor Bahru,207
2023-10-09,Malaysia,Batu Pahat,1
2023-09-14,Malaysia,Batang Padang,3
2023-09-14,Malaysia,Perak Tengah,3
2023-09-28,Malaysia,Seberang Perai Tengah,2
2023-11-13,Malaysia,Hulu Langat,7
2023-10-06,Malaysia,Cameron Highlands,8
2023-10-06,Malaysia,Seberang Perai Selatan,4
2023-05-24,Malaysia,Penampang,2
2023-05-23,Malaysia,Pontian,4
2023-01-30,Malaysia,Seremban,23
2023-01-30,Malaysia,Klang,6
2023-01-30,Malaysia,Tawau,2
2023-09-27,Malaysia,Manjung,3
2023-09-27,Malaysia,Batang Padang,1
2023-09-27,Malaysia,Kuala Terengganu,2
2023-10-05,Malaysia,Barat Daya,11
2023-04-01,Malaysia,Kuala Lumpur,333
2023-03-09,Malaysia,Sandakan,1
2023-03-09,Malaysia,Ranau,2
2023-11-12,Malaysia,Kulaijaya,10
2023-11-12,Malaysia,Kuala Selangor,1
2023-01-01,Malaysia,Seberang Perai Utara,3
2023-08-06,Malaysia,Shah Alam,10
2023-08-06,Malaysia,Kuala Terengganu,4
2023-04-01,Malaysia,Kota Tinggi,5
2023-05-22,Malaysia,Penampang,6
2023-05-22,Malaysia,Jempol,3
2023-06-27,Malaysia,Sandakan,1
2023-06-26,Malaysia,Penang Island,175
2023-02-21,Malaysia,Kuala Lumpur,401
2023-02-21,Malaysia,Kuala Selangor,1
2023-06-01,Malaysia,Kuala Lumpur,458
2023-06-01,Malaysia,Seberang Perai Utara,3
2023-06-11,Malaysia,Muar,9
2023-02-10,Malaysia,Malacca City,110
2023-02-10,Malaysia,Klang,5
2023-10-30,Malaysia,Malacca City,189
2023-01-29,Malaysia,Seremban,23
2023-01-29,Malaysia,Kuala Muda,6
2023-01-29,Malaysia,Penampang,4
2023-05-05,Malaysia,Ranau,2
2023-07-22,Malaysia,Seberang Perai Selatan,4
2023-07-22,Malaysia,Labuan,1
2023-03-31,Malaysia,Kuantan,16
2023-05-19,Malaysia,Klang,22
2023-05-19,Malaysia,Bintulu,10
2023-05-19,Malaysia,Tawau,2
2023-05-08,Malaysia,Penampang,1
2023-01-15,Malaysia,Mersing,2
2023-01-14,Malaysia,Malacca City,143
2023-01-14,Malaysia,Penang Island,105
2023-01-14,Malaysia,Kuantan,4
2023-01-17,Malaysia,Kota Bharu,5
2023-06-15,Malaysia,Ranau,2
2023-06-15,Malaysia,Segamat,2
2023-04-09,Malaysia,Shah Alam,8
2023-04-09,Malaysia,Jempol,1
2023-06-26,Malaysia,Kuala Selangor,1
2023-06-28,Malaysia,Hulu Langat,3
2023-06-28,Malaysia,Kuala Muda,8
2023-06-28,Malaysia,Batang Padang,1
2023-07-20,Malaysia,Seberang Perai Selatan,2
2023-05-07,Malaysia,Penang Island,138
2023-02-23,Malaysia,Johor Bahru,265
2023-01-03,Malaysia,Kulaijaya,14
2023-01-03,Malaysia,Kuantan,11
2023-01-03,Malaysia,Mersing,4
2023-04-08,Malaysia,Port Dickson,1
2023-11-09,Malaysia,Kota Setar,8
2023-11-09,Malaysia,Penang Island,288
2023-11-09,Malaysia,Batang Padang,1
2023-11-09,Malaysia,Malacca City,181
2023-01-24,Malaysia,Langkawi,38
2023-01-24,Malaysia,Kota Tinggi,4
2023-01-24,Malaysia,Ranau,1
2023-05-16,Malaysia,Kinta,43
2023-05-16,Malaysia,Ranau,2
2023-09-05,Malaysia,Seremban,32
2023-01-25,Malaysia,Tawau,4
2023-09-06,Malaysia,Shah Alam,22
2023-09-06,Malaysia,Tampin,2
2023-02-24,Malaysia,Seberang Perai Utara,2
2023-07-21,Malaysia,Kulaijaya,30
2023-07-21,Malaysia,Kampar,5
2023-07-21,Malaysia,Kota Tinggi,15
2023-01-11,Malaysia,Segamat,1
2023-05-18,Malaysia,Muar,9
2023-05-18,Malaysia,Kampar,13
2023-11-07,Malaysia,Bentong,2
2023-11-07,Malaysia,Manjung,6
2023-11-07,Malaysia,Seberang Perai Utara,5
2023-02-20,Malaysia,Kuala Lumpur,426
2023-02-20,Malaysia,Kota Setar,3
2023-05-04,Malaysia,Muar,3
2023-05-04,Malaysia,Kota Kinabalu,10
2023-05-04,Malaysia,Bintulu,1
2023-11-06,Malaysia,Genting Highlands,48
2023-05-03,Malaysia,Kota Setar,11
2023-06-10,Malaysia,Kluang,3
2023-06-24,Malaysia,Malacca City,146
2023-01-27,Malaysia,Mersing,1
2023-01-27,Malaysia,Marang,1
2023-06-10,Malaysia,Jempol,1
2023-01-26,Malaysia,Kuala Lumpur,235
2023-05-17,Malaysia,Batu Pahat,8
2023-05-17,Malaysia,Bentong,33
2023-05-17,Malaysia,Kuantan,23
2023-09-08,Malaysia,Langkawi,68
2023-09-08,Malaysia,Jempol,1
2023-07-31,Malaysia,Kuala Muda,4
2023-07-31,Malaysia,Jempol,3
2023-09-07,Malaysia,Bentong,45
2023-09-07,Malaysia,Bintulu,1
2023-07-30,Malaysia,Batu Pahat,3
2023-08-21,Malaysia,Cameron Highlands,1
2023-10-23,Malaysia,Port Dickson,23
2023-06-07,Malaysia,Kuala Krai,1
2023-02-02,Malaysia,Shah Alam,9
2023-08-20,Malaysia,Kota Setar,1
2023-02-16,Malaysia,Kuching,36
2023-02-16,Malaysia,Kuantan,40
2023-10-24,Malaysia,Kota Tinggi,20
2023-07-13,Malaysia,Kuala Terengganu,11
2023-01-09,Malaysia,Kota Tinggi,13
2023-02-01,Malaysia,Sibu,2
2023-02-01,Malaysia,Bintulu,4
2023-03-22,Malaysia,Lahad Datu,1
2023-03-22,Malaysia,Batang Padang,1
2023-03-22,Malaysia,Kota Bharu,2
2023-06-06,Malaysia,Bentong,28
2023-07-27,Malaysia,Johor Bahru,189
2023-02-15,Malaysia,Sibu,5
2023-10-10,Malaysia,Bentong,3
2023-02-05,Malaysia,Barat Daya,3
2023-02-05,Malaysia,Muar,5
2023-02-05,Malaysia,Klang,8
2023-08-23,Malaysia,Kuantan,23
2023-07-02,Malaysia,Kuantan,4
2023-07-02,Malaysia,Batu Pahat,2
2023-02-19,Malaysia,Kuala Pilah,1
2023-02-19,Malaysia,Kinta,52
2023-02-19,Malaysia,Barat Daya,7
2023-02-19,Malaysia,Klang,5
2023-10-21,Malaysia,Kuching,22
2023-10-21,Malaysia,Kampar,4
2023-10-21,Malaysia,Perak Tengah,1
2023-10-21,Malaysia,Kuala Terengganu,2
2023-06-09,Malaysia,Bera,1
2023-06-09,Malaysia,Jempol,3
2023-08-22,Malaysia,Jempol,7
2023-02-18,Malaysia,Lahad Datu,3
2023-10-22,Malaysia,Kulim,1
2023-10-22,Malaysia,Seremban,15
2023-07-29,Malaysia,Penang Island,156
2023-07-29,Malaysia,Malacca City,167
2023-07-29,Malaysia,Kuala Muda,2
2023-03-24,Malaysia,Keningau,5
2023-02-03,Malaysia,Hulu Selangor,1
2023-01-06,Malaysia,Johor Bahru,164
2023-01-06,Malaysia,Port Dickson,6
2023-06-03,Malaysia,Ledang,3
2023-06-03,Malaysia,Kuala Terengganu,8
2023-02-12,Malaysia,Jempol,3
2023-02-12,Malaysia,Ranau,3
2023-06-17,Malaysia,Seberang Perai Tengah,9
2023-06-17,Malaysia,Tawau,2
2023-02-26,Malaysia,Bentong,23
2023-02-26,Malaysia,Kubang Pasu,3
2023-08-30,Malaysia,Alor Gajah,7
2023-07-23,Malaysia,Langkawi,53
2023-07-23,Malaysia,Kota Bharu,5
2023-06-16,Malaysia,Lawas,3
2023-06-16,Malaysia,Jempol,5
2023-02-11,Malaysia,Kluang,6
2023-10-20,Malaysia,Tawau,1
2023-02-25,Malaysia,Kampar,2
2023-06-05,Malaysia,Langkawi,44
2023-01-04,Malaysia,Ranau,1
2023-01-04,Malaysia,Bentong,18
2023-01-08,Malaysia,Kota Tinggi,5
2023-06-19,Malaysia,Sabak Bernam,1
2023-07-26,Malaysia,Seberang Perai Utara,2
2023-07-26,Malaysia,Mersing,1
2023-02-14,Malaysia,Kinta,66
2023-03-21,Malaysia,Kuching,16
2023-03-21,Malaysia,Penampang,1
2023-03-21,Malaysia,Bentong,27
2023-03-21,Malaysia,Jempol,2
2023-02-28,Malaysia,Kota Setar,8
2023-02-28,Malaysia,Perak Tengah,2
2023-01-07,Malaysia,Kota Setar,3
2023-01-07,Malaysia,Kampar,4
2023-06-18,Malaysia,Seberang Perai Selatan,4
2023-06-18,Malaysia,Miri,3
2023-07-10,Malaysia,Kuching,24
2023-07-10,Malaysia,Pekan,1
2023-07-10,Malaysia,Rompin,3
2023-02-13,Malaysia,Batu Pahat,6
2023-08-01,Malaysia,Kulaijaya,19
2023-08-01,Malaysia,Sandakan,1
2023-09-22,Malaysia,Johor Bahru,276
2023-09-22,Malaysia,Kuala Lumpur,443
2023-09-22,Malaysia,Perlis,2
2023-03-18,Malaysia,Kuala Langat,4
2023-08-15,Malaysia,Alor Gajah,1
2023-03-03,Malaysia,Kota Tinggi,5
2023-07-08,Malaysia,Malacca City,150
2023-04-10,Malaysia,Pasir Putih,2
2023-04-24,Malaysia,Bentong,40
2023-04-24,Malaysia,Kulaijaya,12
2023-04-24,Malaysia,Kinta,42
2023-04-24,Malaysia,Lawas,1
2023-11-10,Malaysia,Ranau,1
2023-09-21,Malaysia,Kuching,17
2023-09-21,Malaysia,Penang Island,225
2023-09-21,Malaysia,Seberang Perai Utara,3
2023-10-04,Malaysia,Batu Pahat,8
2023-10-04,Malaysia,Johor Bahru,225
2023-03-17,Malaysia,Port Dickson,29
2023-10-18,Malaysia,Temerloh,1
2023-05-30,Malaysia,Kuala Muda,9
2023-07-07,Malaysia,Muar,4
2023-07-07,Malaysia,Pekan,1
2023-08-14,Malaysia,Bentong,18
2023-08-28,Malaysia,Cameron Highlands,1
2023-03-02,Malaysia,Kluang,11
2023-09-10,Malaysia,Bentong,32
2023-09-10,Malaysia,Muar,3
2023-09-10,Malaysia,Kuala Pilah,1
2023-11-11,Malaysia,Seberang Perai Tengah,21
2023-10-29,Malaysia,Shah Alam,12
2023-04-27,Malaysia,Penang Island,213
2023-04-27,Malaysia,Kuala Terengganu,8
2023-03-06,Malaysia,Johor Bahru,344
2023-03-06,Malaysia,Batu Pahat,19
2023-03-06,Malaysia,Rompin,3
2023-09-24,Malaysia,Hulu Langat,1
2023-03-05,Malaysia,Kubang Pasu,2
2023-04-12,Malaysia,Labuan,3
2023-03-19,Malaysia,Langkawi,44
2023-08-02,Malaysia,Kuala Muda,10
2023-04-26,Malaysia,Seberang Perai Utara,2
2023-08-02,Malaysia,Perak Tengah,2
2023-07-09,Malaysia,Penang Island,187
2023-10-27,Malaysia,Kampar,6
2023-04-11,Malaysia,Pekan,1
2023-04-11,Malaysia,Bentong,33
2023-02-07,Malaysia,Kuching,30
2023-08-11,Malaysia,Kuching,33
2023-08-11,Malaysia,Barat Daya,5
2023-08-11,Malaysia,Kuala Muda,5
2023-08-25,Malaysia,Kuala Lumpur,439
2023-03-28,Malaysia,Penang Island,170
2023-03-28,Malaysia,Kuala Lumpur,258
2023-11-20,Malaysia,Muar,12
2023-02-06,Malaysia,Kuala Selangor,1
2023-03-13,Malaysia,Kuching,37
2023-03-13,Malaysia,Port Dickson,30
2023-10-28,Malaysia,Seremban,16
2023-10-14,Malaysia,Langkawi,58
2023-10-14,Malaysia,Shah Alam,15
2023-08-24,Malaysia,Segamat,1
2023-03-16,Malaysia,Langkawi,34
2023-03-16,Malaysia,Kuala Muda,10
2023-09-20,Malaysia,Kuching,16
2023-09-30,Malaysia,Seberang Perai Utara,4
2023-10-11,Malaysia,Genting Highlands,32
2023-08-27,Malaysia,Kinta,50
2023-08-27,Malaysia,Putatan,1
2023-08-13,Malaysia,Batu Pahat,3
2023-03-01,Malaysia,Kota Kinabalu,13
2023-07-06,Malaysia,Mersing,2
2023-03-15,Malaysia,Tuaran,1
2023-08-12,Malaysia,Kuala Lumpur,352
2023-03-29,Malaysia,Tuaran,1
2023-03-01,Malaysia,Kota Tinggi,15
2023-02-08,Malaysia,Kuala Lumpur,338
2023-02-08,Malaysia,Sabak Bernam,2
2023-04-21,Malaysia,Besut,1
2023-10-12,Malaysia,Kulaijaya,16
2023-07-19,Malaysia,Kulaijaya,12
2023-07-19,Malaysia,Hulu Langat,4
2023-07-05,Malaysia,Port Dickson,21
2023-07-05,Malaysia,Batang Padang,3
2023-09-02,Malaysia,Barat Daya,5
2023-11-19,Malaysia,Muar,8
2023-11-19,Malaysia,Ranau,1
2023-01-21,Malaysia,Muar,1
2023-05-26,Malaysia,Kota Setar,6
2023-05-26,Malaysia,Manjung,5
2023-05-11,Malaysia,Perlis,1
2023-09-01,Malaysia,Batu Pahat,7
2023-05-25,Malaysia,Kuala Langat,1
2023-01-20,Malaysia,Keningau,2
2023-01-20,Malaysia,Perlis,4
2023-09-15,Malaysia,Johor Bahru,265
2023-09-15,Malaysia,Kampar,2
2023-04-18,Malaysia,Ranau,1
2023-11-16,Malaysia,Malacca City,211
2023-09-29,Malaysia,Seberang Perai Selatan,7
2023-11-05,Malaysia,Kuching,10
2023-05-10,Malaysia,Malacca City,133
2023-04-07,Malaysia,Raub,2
2023-08-08,Malaysia,Malacca City,211
2023-11-16,Malaysia,Batu Pahat,5
2023-09-29,Malaysia,Kota Kinabalu,1
2023-11-03,Malaysia,Kuala Terengganu,13
2023-11-17,Malaysia,Temerloh,2
2023-06-20,Malaysia,Kota Tinggi,14
2023-05-28,Malaysia,Kota Tinggi,12
2023-05-13,Malaysia,Kota Tinggi,7
2023-05-14,Malaysia,Seremban,16
2023-05-27,Malaysia,Kinta,35
2023-05-27,Malaysia,Kampar,3
2023-05-27,Malaysia,Sandakan,2
2023-05-27,Malaysia,Lawas,1
2023-09-03,Malaysia,Rompin,1
2023-05-12,Malaysia,Pendang,1
2023-11-14,Malaysia,Muar,19
2023-11-14,Malaysia,Tampin,1
2023-11-14,Malaysia,Genting Highlands,42
2023-04-06,Malaysia,Klang,7
2023-04-06,Malaysia,Kampar,4
2023-10-07,Malaysia,Jempol,2
2023-03-08,Malaysia,Muar,4
2023-03-08,Malaysia,Barat Daya,9
2023-09-26,Malaysia,Port Dickson,25
2023-08-19,Malaysia,Langkawi,47
2023-08-19,Malaysia,Kluang,8
2023-08-19,Malaysia,Batang Padang,3
2023-10-08,Malaysia,Kuching,26
2023-09-26,Malaysia,Seberang Perai Selatan,6
2023-08-05,Malaysia,Seberang Perai Selatan,2
2023-08-05,Malaysia,Kuantan,2
2023-01-31,Malaysia,Kampar,6
2023-01-31,Malaysia,Segamat,3
2023-01-31,Malaysia,Kuala Terengganu,1
2023-09-11,Malaysia,Hulu Langat,11
2023-05-20,Malaysia,Port Dickson,21
2023-05-20,Malaysia,Seberang Perai Selatan,3
2023-05-20,Malaysia,Bintulu,4
2023-05-20,Malaysia,Tawau,9
2023-09-12,Malaysia,Seremban,28
2023-03-07,Malaysia,Miri,2
2023-03-07,Malaysia,Pontian,1
2023-04-13,Malaysia,Klang,6
2023-04-13,Malaysia,Keningau,1
2023-09-25,Malaysia,Kinta,43
2023-09-25,Malaysia,Seberang Perai Utara,2
2023-10-09,Malaysia,Rompin,4
2023-08-07,Malaysia,Penang Island,197
2023-04-17,Malaysia,Kinta,26
2023-04-17,Malaysia,Kampar,2
2023-09-14,Malaysia,Seberang Perai Selatan,7
2023-09-14,Malaysia,Tawau,1
2023-04-16,Malaysia,Kuala Lumpur,242
2023-04-16,Malaysia,Kota Kinabalu,13
2023-11-01,Malaysia,Kluang,12
2023-01-30,Malaysia,Kulaijaya,3
2023-04-03,Malaysia,Kulaijaya,12
2023-06-30,Malaysia,Tampin,1
2023-06-13,Malaysia,Muar,8
2023-09-27,Malaysia,Malacca City,190
2023-09-27,Malaysia,Seberang Perai Selatan,9
2023-10-05,Malaysia,Manjung,1
2023-03-09,Malaysia,Hulu Selangor,1
2023-05-22,Malaysia,Sabak Bernam,2
2023-01-01,Malaysia,Seremban,19
2023-01-01,Malaysia,Kota Kinabalu,9
2023-01-01,Malaysia,Cameron Highlands,3
2023-01-01,Malaysia,Pasir Putih,1
2023-02-22,Malaysia,Kota Tinggi,6
2023-08-06,Malaysia,Jempol,5
2023-05-06,Malaysia,Kota Setar,3
2023-05-06,Malaysia,Johor Bahru,243
2023-05-06,Malaysia,Kota Tinggi,8
2023-09-13,Malaysia,Tampin,1
2023-04-01,Malaysia,Kuala Pilah,1
2023-04-02,Malaysia,Hulu Langat,10
2023-06-26,Malaysia,Shah Alam,12
2023-06-26,Malaysia,Kulaijaya,12
2023-01-18,Malaysia,Penang Island,77
2023-02-21,Malaysia,Malacca City,151
2023-06-01,Malaysia,Seberang Perai Selatan,6
2023-06-11,Malaysia,Kuala Lumpur,383
2023-10-30,Malaysia,Kuala Muda,5
2023-10-30,Malaysia,Hulu Langat,4
2023-01-29,Malaysia,Kulaijaya,5
2023-07-22,Malaysia,Kota Kinabalu,4
2023-07-22,Malaysia,Pekan,1
2023-07-22,Malaysia,Jempol,1
2023-03-31,Malaysia,Kulim,2
2023-06-29,Malaysia,Kota Setar,4
2023-06-29,Malaysia,Raub,2
2023-01-15,Malaysia,Penampang,1
2023-01-14,Malaysia,Bentong,9
2023-01-14,Malaysia,Ranau,1
2023-01-17,Malaysia,Hulu Langat,6
2023-01-17,Malaysia,Kubang Pasu,2
2023-01-17,Malaysia,Pekan,2
2023-01-17,Malaysia,Ranau,1
2023-01-02,Malaysia,Hulu Langat,11
2023-01-02,Malaysia,Kota Tinggi,10
2023-06-12,Malaysia,Bintulu,1
2023-06-12,Malaysia,Tampin,1
2023-06-14,Malaysia,Kuala Lumpur,499
2023-06-14,Malaysia,Temerloh,2
2023-06-14,Malaysia,Klang,9
2023-06-15,Malaysia,Malacca City,191
2023-06-15,Malaysia,Kulim,2
2023-06-15,Malaysia,Cameron Highlands,9
2023-06-28,Malaysia,Kubang Pasu,2
2023-06-28,Malaysia,Kuala Krai,2
2023-05-02,Malaysia,Kota Tinggi,3
2023-07-20,Malaysia,Port Dickson,34
2023-01-03,Malaysia,Penang Island,102
2023-01-03,Malaysia,Batang Padang,1
2023-06-23,Malaysia,Kuala Selangor,2
2023-04-08,Malaysia,Kinta,22
2023-04-08,Malaysia,Tawau,4
2023-11-09,Malaysia,Shah Alam,17
2023-05-16,Malaysia,Kuantan,12
2023-01-16,Malaysia,Ranau,1
2023-05-29,Malaysia,Perlis,4
2023-05-29,Malaysia,Serian,1
2023-05-29,Malaysia,Batu Pahat,12
2023-05-29,Malaysia,Bintulu,1
2023-05-15,Malaysia,Muar,4
2023-09-06,Malaysia,Kulaijaya,21
2023-02-24,Malaysia,Kuala Selangor,1
2023-05-01,Malaysia,Batu Pahat,6
2023-01-28,Malaysia,Kota Kinabalu,15
2023-01-28,Malaysia,Kota Tinggi,9
2023-06-22,Malaysia,Bentong,47
2023-06-22,Malaysia,Muar,1
2023-06-22,Malaysia,Cameron Highlands,3
2023-06-22,Malaysia,Bintulu,1
2023-02-20,Malaysia,Kluang,1
2023-05-04,Malaysia,Jempol,2
2023-05-04,Malaysia,Kuala Terengganu,5
2023-11-06,Malaysia,Kuantan,16
2023-11-06,Malaysia,Temerloh,3
2023-01-27,Malaysia,Temerloh,1
2023-01-12,Malaysia,Manjung,1
2023-01-26,Malaysia,Shah Alam,30
2023-06-25,Malaysia,Kuching,23
2023-05-17,Malaysia,Kuching,31
2023-05-17,Malaysia,Pontian,5
2023-09-08,Malaysia,Klang,10
2023-07-31,Malaysia,Port Dickson,21
2023-09-07,Malaysia,Muar,5
2023-07-30,Malaysia,Penang Island,135
2023-05-03,Malaysia,Barat Daya,2
2023-11-08,Malaysia,Seremban,29
2023-11-08,Malaysia,Kota Kinabalu,9
2023-02-17,Malaysia,Pasir Putih,1
2023-04-30,Malaysia,Putrajaya,1
2023-07-28,Malaysia,Seremban,30
2023-07-13,Malaysia,Kuala Muda,3
2023-07-13,Malaysia,Kota Bharu,1
2023-02-01,Malaysia,Kota Kinabalu,15
2023-02-01,Malaysia,Kulim,5
2023-02-01,Malaysia,Muar,12
2023-02-01,Malaysia,Bentong,36
2023-02-01,Malaysia,Kuala Selangor,1
2023-03-22,Malaysia,Johor Bahru,143
2023-03-22,Malaysia,Klang,3
2023-03-22,Malaysia,Semporna,1
2023-06-06,Malaysia,Miri,11
2023-06-06,Malaysia,Kota Tinggi,6
2023-06-06,Malaysia,Alor Gajah,1
2023-02-15,Malaysia,Kluang,10
2023-02-15,Malaysia,Kampar,21
2023-02-15,Malaysia,Tanah Merah,2
2023-02-05,Malaysia,Kota Tinggi,4
2023-08-23,Malaysia,Kuching,15
2023-08-23,Malaysia,Langkawi,66
2023-08-23,Malaysia,Muar,3
2023-03-11,Malaysia,Hulu Selangor,1
2023-02-19,Malaysia,Segamat,5
2023-02-04,Malaysia,Seberang Perai Selatan,2
2023-02-04,Malaysia,Pontian,1
2023-10-21,Malaysia,Cameron Highlands,1
2023-08-22,Malaysia,Penang Island,206
2023-08-22,Malaysia,Kulaijaya,19
2023-08-22,Malaysia,Batang Padang,3
2023-07-15,Malaysia,Port Dickson,22
2023-07-15,Malaysia,Mersing,7
2023-02-18,Malaysia,Serian,1
2023-07-01,Malaysia,Johor Bahru,280
2023-07-01,Malaysia,Seremban,19
2023-07-01,Malaysia,Seberang Perai Tengah,3
2023-07-01,Malaysia,Kota Kinabalu,2
2023-07-29,Malaysia,Kuching,19
2023-07-29,Malaysia,Cameron Highlands,1
2023-03-24,Malaysia,Kuching,43
2023-02-03,Malaysia,Bintulu,3
2023-02-03,Malaysia,Jempol,4
2023-02-03,Malaysia,Langkawi,56
2023-02-03,Malaysia,Kota Bharu,3
2023-01-06,Malaysia,Seberang Perai Selatan,6
2023-01-06,Malaysia,Hulu Langat,5
2023-01-06,Malaysia,Kluang,2
2023-02-27,Malaysia,Pekan,1
2023-07-24,Malaysia,Johor Bahru,314
2023-07-24,Malaysia,Pasir Putih,1
2023-06-03,Malaysia,Kulaijaya,22
2023-02-12,Malaysia,Perak Tengah,1
2023-06-17,Malaysia,Kota Tinggi,3
2023-02-26,Malaysia,Barat Daya,11
2023-02-26,Malaysia,Kuantan,10
2023-02-26,Malaysia,Port Dickson,44
2023-02-26,Malaysia,Batang Padang,1
2023-08-30,Malaysia,Malacca City,171
2023-08-30,Malaysia,Kota Tinggi,38
2023-07-23,Malaysia,Malacca City,121
2023-07-23,Malaysia,Kuala Selangor,1
2023-01-19,Malaysia,Kuantan,14
2023-01-19,Malaysia,Penampang,3
2023-06-02,Malaysia,Klang,7
2023-06-16,Malaysia,Kota Tinggi,14
2023-06-16,Malaysia,Kinta,40
2023-02-11,Malaysia,Besut,6
2023-10-20,Malaysia,Alor Gajah,1
2023-01-04,Malaysia,Johor Bahru,175
2023-01-04,Malaysia,Seberang Perai Selatan,1
2023-01-04,Malaysia,Kota Tinggi,14
2023-07-12,Malaysia,Klang,7
2023-07-26,Malaysia,Kinta,40
2023-07-26,Malaysia,Perak Tengah,4
2023-06-19,Malaysia,Hulu Langat,5
2023-10-31,Malaysia,Kluang,11
2023-10-31,Malaysia,Kota Setar,14
2023-02-28,Malaysia,Seberang Perai Selatan,9
2023-06-04,Malaysia,Bintulu,2
2023-01-07,Malaysia,Kuala Lumpur,247
2023-03-20,Malaysia,Seberang Perai Tengah,8
2023-03-20,Malaysia,Kota Tinggi,8
2023-06-18,Malaysia,Perlis,1
2023-06-18,Malaysia,Kluang,5
2023-07-10,Malaysia,Kuala Terengganu,6
2023-07-10,Malaysia,Kota Kinabalu,5
2023-07-25,Malaysia,Kuala Pilah,3
2023-02-13,Malaysia,Penang Island,214
2023-02-13,Malaysia,Seberang Perai Selatan,6
2023-02-13,Malaysia,Bentong,38
2023-02-13,Malaysia,Kota Setar,8
2023-02-13,Malaysia,Perlis,2
2023-02-13,Malaysia,Rompin,4
2023-08-31,Malaysia,Kinta,33
2023-04-25,Malaysia,Jempol,1
2023-04-25,Malaysia,Kubang Pasu,1
2023-10-17,Malaysia,Barat Daya,9
2023-10-17,Malaysia,Hulu Langat,4
2023-08-01,Malaysia,Muar,6
2023-08-01,Malaysia,Larut and Matang,1
2023-08-01,Malaysia,Tampin,2
2023-08-01,Malaysia,Shah Alam,8
2023-08-01,Malaysia,Semporna,3
2023-09-22,Malaysia,Shah Alam,12
2023-09-22,Malaysia,Bintulu,1
2023-10-03,Malaysia,Manjung,2
2023-09-22,Malaysia,Seberang Perai Utara,1
2023-08-15,Malaysia,Kota Setar,4
2023-08-29,Malaysia,Seberang Perai Selatan,12
2023-08-29,Malaysia,Kuala Terengganu,3
2023-03-03,Malaysia,Muar,7
2023-07-08,Malaysia,Kuala Terengganu,9
2023-04-10,Malaysia,Kinta,41
2023-04-24,Malaysia,Seremban,19
2023-04-24,Malaysia,Keningau,1
2023-04-24,Malaysia,Rompin,2
2023-11-10,Malaysia,Kuala Muda,6
2023-10-04,Malaysia,Rompin,1
2023-10-04,Malaysia,Kuala Selangor,2
2023-10-04,Malaysia,Kuala Terengganu,5
2023-03-17,Malaysia,Langkawi,43
2023-10-18,Malaysia,Muar,2
2023-10-18,Malaysia,Langkawi,93
2023-10-18,Malaysia,Alor Gajah,2
2023-05-30,Malaysia,Kulim,6
2023-07-07,Malaysia,Larut and Matang,1
2023-08-14,Malaysia,Kota Setar,4
2023-08-14,Malaysia,Kuala Lumpur,367
2023-08-14,Malaysia,Setiu,1
2023-08-28,Malaysia,Pendang,1
2023-03-02,Malaysia,Kuala Selangor,1
2023-09-10,Malaysia,Kulaijaya,12
2023-09-10,Malaysia,Putrajaya,2
2023-10-19,Malaysia,Seremban,12
2023-04-23,Malaysia,Kuala Terengganu,2
2023-11-11,Malaysia,Barat Daya,16
2023-11-11,Malaysia,Seberang Perai Selatan,8
2023-10-29,Malaysia,Johor Bahru,263
2023-10-29,Malaysia,Kota Kinabalu,1
2023-04-27,Malaysia,Perlis,3
2023-10-15,Malaysia,Malacca City,109
2023-08-03,Malaysia,Seremban,45
2023-08-03,Malaysia,Perak Tengah,1
2023-08-17,Malaysia,Muar,6
2023-10-01,Malaysia,Putrajaya,1
2023-10-01,Malaysia,Batu Pahat,1
2023-09-24,Malaysia,Johor Bahru,227
2023-10-16,Malaysia,Kuala Pilah,3
2023-03-05,Malaysia,Bentong,57
2023-03-05,Malaysia,Ranau,2
2023-03-05,Malaysia,Kota Bharu,4
2023-04-12,Malaysia,Tampin,1
2023-04-12,Malaysia,Kubang Pasu,2
2023-04-12,Malaysia,Tawau,1
2023-08-02,Malaysia,Sandakan,1
2023-08-16,Malaysia,Muar,2
2023-07-09,Malaysia,Kota Tinggi,9
2023-10-27,Malaysia,Sabak Bernam,3
2023-02-07,Malaysia,Johor Bahru,296
2023-02-07,Malaysia,Seberang Perai Selatan,2
2023-08-11,Malaysia,Johor Bahru,234
2023-08-11,Malaysia,Shah Alam,3
2023-07-04,Malaysia,Kinta,41
2023-07-04,Malaysia,Seremban,15
2023-07-04,Malaysia,Ranau,4
2023-04-20,Malaysia,Segamat,2
2023-07-18,Malaysia,Kuching,24
2023-03-27,Malaysia,Sabak Bernam,1
2023-03-13,Malaysia,Kinta,39
2023-03-13,Malaysia,Barat Daya,7
2023-07-03,Malaysia,Kinta,25
2023-07-03,Malaysia,Kulim,1
2023-10-14,Malaysia,Malacca City,117
2023-08-24,Malaysia,Seberang Perai Tengah,9
2023-08-24,Malaysia,Port Dickson,50
2023-03-12,Malaysia,Bentong,19
2023-03-12,Malaysia,Port Dickson,34
2023-03-16,Malaysia,Port Dickson,32
2023-10-25,Malaysia,Kinta,27
2023-10-25,Malaysia,Alor Gajah,1
2023-10-25,Malaysia,Port Dickson,32
2023-10-11,Malaysia,Kota Kinabalu,2
2023-10-11,Malaysia,Bentong,5
2023-02-09,Malaysia,Kota Tinggi,10
2023-08-27,Malaysia,Batang Padang,4
2023-07-06,Malaysia,Bentong,61
2023-08-13,Malaysia,Kota Tinggi,13
2023-10-26,Malaysia,Langkawi,102
2023-07-06,Malaysia,Seberang Perai Utara,1
2023-03-15,Malaysia,Shah Alam,8
2023-03-15,Malaysia,Kluang,5
2023-08-12,Malaysia,Miri,1
2023-08-12,Malaysia,Batang Padang,1
2023-04-22,Malaysia,Cameron Highlands,3
2023-03-29,Malaysia,Klang,4
2023-03-29,Malaysia,Kota Setar,15
2023-03-29,Malaysia,Penang Island,167
2023-03-29,Malaysia,Seberang Perai Selatan,2
2023-03-01,Malaysia,Seberang Perai Utara,4
2023-08-26,Malaysia,Johor Bahru,180
2023-07-19,Malaysia,Klang,11
2023-03-14,Malaysia,Johor Bahru,198
2023-03-14,Malaysia,Jempol,11
2023-03-14,Malaysia,Kuala Terengganu,7
2023-04-05,Malaysia,Lahad Datu,1
2023-11-04,Malaysia,Kuala Lumpur,600
2023-11-19,Malaysia,Kulaijaya,13
2023-01-21,Malaysia,Jeli,1
2023-01-21,Malaysia,Klang,8
2023-04-19,Malaysia,Port Dickson,12
2023-09-16,Malaysia,Kampar,4
2023-08-09,Malaysia,Kuala Muda,4
2023-05-25,Malaysia,Segamat,2
2023-05-25,Malaysia,Kota Kinabalu,20
2023-05-25,Malaysia,Bentong,41
2023-09-01,Malaysia,Kota Tinggi,18
2023-09-01,Malaysia,Seberang Perai Tengah,5
2023-09-01,Malaysia,Muar,12
2023-04-04,Malaysia,Kulim,3
2023-04-18,Malaysia,Bintulu,1
2023-11-16,Malaysia,Kulaijaya,19
2023-09-29,Malaysia,Malacca City,185
2023-09-29,Malaysia,Bentong,49
2023-09-29,Malaysia,Ranau,1
2023-11-05,Malaysia,Malacca City,159
2023-11-05,Malaysia,Jempol,3
2023-11-05,Malaysia,Kuala Terengganu,3
2023-05-10,Malaysia,Kuala Lumpur,349
2023-05-10,Malaysia,Kota Kinabalu,11
2023-04-07,Malaysia,Johor Bahru,296
2023-04-07,Malaysia,Batu Pahat,6
2023-08-08,Malaysia,Kota Tinggi,9
2023-11-02,Malaysia,Tampin,1
2023-05-28,Malaysia,Barat Daya,3
2023-05-28,Malaysia,Seremban,25
2023-06-20,Malaysia,Port Dickson,36
2023-09-04,Malaysia,Seberang Perai Selatan,6
2023-09-04,Malaysia,Kluang,17
2023-01-23,Malaysia,Penang Island,87
2023-01-23,Malaysia,Kulaijaya,12
2023-11-17,Malaysia,Kulaijaya,10
2023-11-17,Malaysia,Shah Alam,44
2023-11-17,Malaysia,Sabak Bernam,1
2023-06-20,Malaysia,Miri,2
2023-01-22,Malaysia,Kuala Pilah,4
2023-01-22,Malaysia,Kinta,29
2023-11-18,Malaysia,Kluang,3
2023-09-17,Malaysia,Seremban,10
2023-05-13,Malaysia,Ranau,2
2023-05-14,Malaysia,Perlis,3
2023-09-19,Malaysia,Seberang Perai Utara,1
2023-05-27,Malaysia,Shah Alam,19
2023-09-03,Malaysia,Seberang Perai Selatan,4
2023-05-12,Malaysia,Kuala Muda,9
2023-11-14,Malaysia,Kuala Selangor,1
2023-11-14,Malaysia,Seberang Perai Tengah,26
2023-09-17,Malaysia,Bintulu,1
2023-04-15,Malaysia,Kubang Pasu,1
2023-04-06,Malaysia,Penang Island,194
2023-10-07,Malaysia,Kulaijaya,18
2023-10-07,Malaysia,Kuala Lumpur,437
2023-09-26,Malaysia,Perlis,5
2023-05-21,Malaysia,Keningau,6
2023-05-21,Malaysia,Sibu,1
2023-11-01,Malaysia,Tawau,1
2023-11-01,Malaysia,Manjung,2
2023-05-12,Malaysia,Kota Bharu,2
2023-10-08,Malaysia,Kuala Selangor,1
2023-10-08,Malaysia,Seberang Perai Selatan,8
2023-04-14,Malaysia,Batu Pahat,4
2023-08-05,Malaysia,Kuala Selangor,7
2023-05-20,Malaysia,Seremban,25
2023-05-20,Malaysia,Kota Setar,8
2023-11-15,Malaysia,Kota Setar,11
2023-11-15,Malaysia,Seberang Perai Tengah,34
2023-03-07,Malaysia,Kuala Selangor,1
2023-08-04,Malaysia,Seberang Perai Selatan,6
2023-04-13,Malaysia,Kuala Pilah,2
2023-04-13,Malaysia,Kota Setar,9
2023-04-13,Malaysia,Kampar,12
2023-09-25,Malaysia,Kubang Pasu,2
2023-09-25,Malaysia,Perak Tengah,2
2023-10-09,Malaysia,Hulu Langat,3
2023-11-13,Malaysia,Temerloh,2
2023-11-13,Malaysia,Alor Gajah,5
2023-10-06,Malaysia,Penang Island,265
2023-10-06,Malaysia,Hulu Langat,2
2023-10-06,Malaysia,Temerloh,2
2023-08-07,Malaysia,Kuala Terengganu,1
2023-05-24,Malaysia,Ledang,2
2023-04-16,Malaysia,Muar,3
2023-04-16,Malaysia,Kuala Terengganu,3
2023-11-01,Malaysia,Batu Pahat,7
2023-05-23,Malaysia,Hulu Langat,9
2023-05-23,Malaysia,Kuala Muda,30
2023-09-27,Malaysia,Penang Island,232
2023-06-13,Malaysia,N/A,1
2023-04-01,Malaysia,Seberang Perai Selatan,6
2023-04-01,Malaysia,Sandakan,1
2023-03-09,Malaysia,Cameron Highlands,2
2023-05-22,Malaysia,Johor Bahru,411
2023-05-22,Malaysia,Barat Daya,10
2023-11-12,Malaysia,Kuantan,7
2023-02-22,Malaysia,Cameron Highlands,3
2023-02-22,Malaysia,Kuala Selangor,1
2023-02-22,Malaysia,Perak Tengah,1
2023-05-06,Malaysia,Port Dickson,12
2023-04-01,Malaysia,Jempol,4
2023-04-02,Malaysia,Klang,5
2023-06-27,Malaysia,Kuala Krai,1
2023-05-05,Malaysia,Seberang Perai Selatan,7
2023-06-01,Malaysia,Miri,3
2023-06-01,Malaysia,Raub,2
2023-06-11,Malaysia,Rompin,1
2023-02-10,Malaysia,Kuala Terengganu,15
2023-10-30,Malaysia,Jempol,2
2023-05-05,Malaysia,Pontian,1
2023-07-22,Malaysia,Seberang Perai Tengah,11
2023-07-22,Malaysia,Kuala Selangor,2
2023-03-31,Malaysia,Ranau,2
2023-06-29,Malaysia,Tawau,1
2023-06-29,Malaysia,Temerloh,1
2023-06-29,Malaysia,Batu Pahat,7
2023-06-29,Malaysia,Kluang,6
2023-05-19,Malaysia,Kota Kinabalu,18
2023-05-19,Malaysia,Kuala Langat,2
2023-05-08,Malaysia,Seberang Perai Tengah,12
2023-01-17,Malaysia,Putatan,1
2023-01-17,Malaysia,Cameron Highlands,3
2023-01-17,Malaysia,Jelebu,1
2023-01-02,Malaysia,Batu Pahat,7
2023-01-02,Malaysia,Mersing,2
2023-01-02,Malaysia,Manjung,1
2023-06-12,Malaysia,Kubang Pasu,2
2023-06-14,Malaysia,Hulu Langat,11
2023-06-14,Malaysia,Bentong,47
2023-04-09,Malaysia,Jerantut,1
2023-06-26,Malaysia,Lawas,1
2023-01-11,Malaysia,Seremban,28
2023-05-02,Malaysia,Seremban,18
2023-05-02,Malaysia,Kuantan,11
2023-05-07,Malaysia,Kuala Pilah,1
2023-03-30,Malaysia,Kuala Lumpur,320
2023-06-23,Malaysia,Seberang Perai Selatan,5
2023-06-23,Malaysia,Batu Pahat,5
2023-04-08,Malaysia,Lahad Datu,1
2023-11-09,Malaysia,Manjung,8
2023-01-24,Malaysia,Batu Pahat,9
2023-01-10,Malaysia,Kuantan,12
2023-01-10,Malaysia,Ranau,2
2023-09-06,Malaysia,Kuala Muda,3
2023-09-06,Malaysia,Kubang Pasu,1
2023-09-06,Malaysia,Pasir Putih,1
2023-09-06,Malaysia,Port Dickson,43
2023-02-24,Malaysia,Johor Bahru,251
2023-02-24,Malaysia,Kulaijaya,9
2023-02-24,Malaysia,Kuala Muda,3
2023-02-24,Malaysia,Kubang Pasu,4
2023-07-21,Malaysia,Port Dickson,42
2023-07-21,Malaysia,Putrajaya,1
2023-01-11,Malaysia,Putrajaya,4
2023-01-11,Malaysia,Serian,1
2023-05-01,Malaysia,Cameron Highlands,1
2023-01-13,Malaysia,Shah Alam,17
2023-09-08,Malaysia,Johor Bahru,337
2023-05-18,Malaysia,Penampang,5
2023-05-18,Malaysia,Port Dickson,19
2023-05-18,Malaysia,Kuantan,13
2023-06-22,Malaysia,Malacca City,155
2023-11-07,Malaysia,Seremban,26
2023-11-07,Malaysia,Kulaijaya,27
2023-11-07,Malaysia,Kota Setar,10
2023-05-04,Malaysia,Batu Pahat,4
2023-05-04,Malaysia,Port Dickson,19
2023-05-04,Malaysia,Pendang,4
2023-11-06,Malaysia,Kinta,55
2023-11-06,Malaysia,Port Dickson,43
2023-11-06,Malaysia,Kota Kinabalu,2
2023-06-10,Malaysia,Kota Tinggi,12
2023-01-27,Malaysia,Kuching,15
2023-06-10,Malaysia,Barat Daya,1
2023-01-12,Malaysia,Johor Bahru,157
2023-06-25,Malaysia,Labuan,1
2023-06-25,Malaysia,Rompin,1
2023-06-25,Malaysia,Kota Bharu,4
2023-05-17,Malaysia,Bintulu,1
2023-07-30,Malaysia,Kota Tinggi,9
2023-11-08,Malaysia,Jempol,4
2023-02-17,Malaysia,Kluang,5
2023-07-14,Malaysia,Besut,1
2023-04-30,Malaysia,Seberang Perai Selatan,1
2023-04-30,Malaysia,Kota Kinabalu,5
2023-10-23,Malaysia,Kota Setar,10
2023-06-07,Malaysia,Kuantan,6
2023-06-07,Malaysia,Johor Bahru,305
2023-06-07,Malaysia,Bintulu,2
2023-02-02,Malaysia,Penampang,4
2023-03-23,Malaysia,Rompin,1
2023-02-16,Malaysia,Perlis,2
2023-02-16,Malaysia,Hulu Langat,19
2023-02-16,Malaysia,Pontian,5
2023-07-13,Malaysia,Pontian,1
2023-01-09,Malaysia,Hulu Langat,7
2023-02-01,Malaysia,Ranau,3
2023-03-22,Malaysia,Bentong,21
2023-06-06,Malaysia,Cameron Highlands,1
2023-07-27,Malaysia,Penang Island,209
2023-07-27,Malaysia,Kota Tinggi,16
2023-07-27,Malaysia,Kuala Terengganu,7
2023-02-15,Malaysia,Kuala Pilah,1
2023-10-10,Malaysia,Kota Bharu,1
2023-02-05,Malaysia,Port Dickson,17
2023-02-05,Malaysia,Sandakan,7
2023-02-05,Malaysia,Pontian,1
2023-08-23,Malaysia,Kota Setar,6
2023-08-23,Malaysia,Rompin,1
2023-07-02,Malaysia,Kota Kinabalu,6
2023-07-16,Malaysia,Kota Setar,10
2023-07-16,Malaysia,Ranau,1
2023-02-04,Malaysia,Barat Daya,10
2023-10-21,Malaysia,Kinta,37
2023-10-21,Malaysia,Batu Pahat,2
2023-08-22,Malaysia,Alor Gajah,3
2023-07-15,Malaysia,Tambunan,1
2023-07-01,Malaysia,Cameron Highlands,4
2023-07-01,Malaysia,Klang,9
2023-07-01,Malaysia,Perlis,1
2023-07-15,Malaysia,Kuala Pilah,1
2023-10-22,Malaysia,Muar,19
2023-10-22,Malaysia,Kuala Lumpur,470
2023-07-29,Malaysia,Kuantan,8
2023-03-10,Malaysia,Labuan,1
2023-06-08,Malaysia,Kota Kinabalu,8
2023-02-03,Malaysia,Kubang Pasu,6
2023-07-24,Malaysia,Seremban,35
2023-07-24,Malaysia,Manjung,1
2023-06-03,Malaysia,Port Dickson,47
2023-06-03,Malaysia,Seberang Perai Tengah,9
2023-06-03,Malaysia,Manjung,3
2023-02-12,Malaysia,Perlis,5
2023-06-17,Malaysia,Batu Pahat,9
2023-06-17,Malaysia,Kuala Krai,1
2023-01-05,Malaysia,Kuala Lumpur,235
2023-02-26,Malaysia,Langkawi,44
2023-02-26,Malaysia,Maran,1
2023-08-30,Malaysia,Batu Pahat,13
2023-01-19,Malaysia,Kulaijaya,17
2023-06-16,Malaysia,Temerloh,4
2023-06-16,Malaysia,Pasir Putih,1
2023-02-11,Malaysia,Barat Daya,5
2023-10-20,Malaysia,Jempol,1
2023-02-25,Malaysia,Kulaijaya,10
2023-01-04,Malaysia,Kuantan,24
2023-07-12,Malaysia,Lawas,3
2023-01-08,Malaysia,Hulu Langat,6
2023-07-26,Malaysia,Kota Tinggi,15
2023-07-26,Malaysia,Batang Padang,7
2023-06-19,Malaysia,Malacca City,156
2023-02-14,Malaysia,Kampar,16
2023-02-14,Malaysia,Pekan,2
2023-10-31,Malaysia,Genting Highlands,41
2023-10-31,Malaysia,Seberang Perai Utara,2
2023-03-21,Malaysia,Keningau,2
2023-06-04,Malaysia,Klang,6
2023-06-04,Malaysia,Kuantan,5
2023-07-11,Malaysia,Sandakan,1
2023-03-20,Malaysia,Jempol,3
2023-07-10,Malaysia,Perak Tengah,1
2023-07-25,Malaysia,Segamat,1
2023-04-25,Malaysia,Kinta,51
2023-04-25,Malaysia,Kuala Muda,12
2023-10-17,Malaysia,Kluang,2
2023-10-17,Malaysia,Port Dickson,24
2023-10-03,Malaysia,Muar,14
2023-10-03,Malaysia,Kubang Pasu,1
2023-03-04,Malaysia,Kuala Selangor,1
2023-03-04,Malaysia,Miri,1
2023-10-03,Malaysia,Barat Daya,3
2023-03-18,Malaysia,Kuala Muda,4
2023-08-29,Malaysia,Perlis,3
2023-08-29,Malaysia,Shah Alam,7
2023-03-03,Malaysia,Kuala Terengganu,5
2023-03-03,Malaysia,Cameron Highlands,7
2023-03-03,Malaysia,Kota Bharu,5
2023-05-31,Malaysia,Rompin,5
2023-07-08,Malaysia,Bentong,42
2023-07-08,Malaysia,Kampar,2
2023-07-08,Malaysia,Kuala Muda,4
2023-04-10,Malaysia,Miri,2
2023-04-24,Malaysia,Penang Island,193
2023-04-24,Malaysia,Hulu Langat,9
2023-11-10,Malaysia,Port Dickson,54
2023-10-04,Malaysia,Kota Tinggi,17
2023-10-04,Malaysia,Seberang Perai Selatan,6
2023-03-17,Malaysia,Kuala Lumpur,309
2023-10-18,Malaysia,Kuala Terengganu,5
2023-05-30,Malaysia,Manjung,4
2023-07-07,Malaysia,Kuala Lumpur,659
2023-07-07,Malaysia,Temerloh,4
2023-08-14,Malaysia,Kulaijaya,20
2023-08-28,Malaysia,Batang Padang,7
2023-03-02,Malaysia,Batu Pahat,10
2023-09-10,Malaysia,Shah Alam,7
2023-04-23,Malaysia,Kuching,12
2023-04-23,Malaysia,Bentong,30
2023-11-11,Malaysia,Alor Gajah,10
2023-11-11,Malaysia,Kuala Selangor,1
2023-10-29,Malaysia,Seremban,21
2023-10-15,Malaysia,Sabak Bernam,1
2023-08-03,Malaysia,Port Dickson,39
2023-08-17,Malaysia,Manjung,2
2023-11-22,Malaysia,Seberang Perai Selatan,2
2023-09-24,Malaysia,Kuching,14
2023-09-24,Malaysia,Batu Pahat,2
2023-10-16,Malaysia,Kinta,64
2023-10-16,Malaysia,Segamat,3
2023-03-05,Malaysia,Malacca City,105
2023-03-05,Malaysia,Alor Gajah,1
2023-04-12,Malaysia,Perlis,2
2023-03-19,Malaysia,Muar,1
2023-03-19,Malaysia,Tambunan,1
2023-08-02,Malaysia,Langkawi,65
2023-08-02,Malaysia,Port Dickson,53
2023-04-26,Malaysia,Seberang Perai Selatan,8
2023-09-23,Malaysia,Seremban,29
2023-09-23,Malaysia,Penang Island,142
2023-08-16,Malaysia,Jempol,6
2023-08-16,Malaysia,Bentong,27
2023-07-09,Malaysia,Kinta,48
2023-10-27,Malaysia,Pendang,1
2023-10-27,Malaysia,Penang Island,236
2023-04-11,Malaysia,Jempol,2
2023-04-11,Malaysia,Batu Pahat,4
2023-10-13,Malaysia,Kluang,3
2023-02-07,Malaysia,Seberang Perai Tengah,7
2023-08-11,Malaysia,Kampar,1
2023-08-11,Malaysia,Kuala Selangor,1
2023-08-11,Malaysia,Jempol,2
2023-08-11,Malaysia,Rompin,5
2023-07-04,Malaysia,Kota Tinggi,8
2023-08-25,Malaysia,Jempol,1
2023-03-28,Malaysia,Malacca City,106
2023-03-28,Malaysia,Kuala Langat,1
2023-07-18,Malaysia,Kuala Lumpur,529
2023-03-27,Malaysia,Langkawi,49
2023-03-27,Malaysia,Klang,4
2023-03-27,Malaysia,Kuantan,11
2023-02-06,Malaysia,Barat Daya,9
2023-02-06,Malaysia,Sibu,1
2023-10-28,Malaysia,Perlis,1
2023-10-28,Malaysia,Tampin,3
2023-10-28,Malaysia,Bentong,4
2023-10-28,Malaysia,Kulaijaya,23
2023-07-03,Malaysia,Bentong,24
2023-08-24,Malaysia,Seberang Perai Utara,2
2023-07-17,Malaysia,Perlis,1
2023-07-17,Malaysia,Pontian,1
2023-03-12,Malaysia,Kuala Terengganu,4
2023-10-25,Malaysia,Larut and Matang,1
2023-10-25,Malaysia,Cameron Highlands,2
2023-09-20,Malaysia,Klang,7
2023-09-20,Malaysia,Seberang Perai Utara,1
2023-09-20,Malaysia,Seberang Perai Selatan,5
2023-10-11,Malaysia,Muar,3
2023-02-09,Malaysia,Hulu Langat,26
2023-02-09,Malaysia,Mersing,1
2023-08-27,Malaysia,Barat Daya,6
2023-08-13,Malaysia,Kulaijaya,9
2023-08-13,Malaysia,Kluang,3
2023-03-01,Malaysia,Barat Daya,19
2023-03-01,Malaysia,Kulaijaya,16
2023-07-06,Malaysia,Kinta,53
2023-04-22,Malaysia,Malacca City,165
2023-04-22,Malaysia,Bintulu,1
2023-04-22,Malaysia,Batu Pahat,1
2023-03-29,Malaysia,Kota Tinggi,3
2023-03-01,Malaysia,Kota Bharu,2
2023-08-26,Malaysia,Perlis,2
2023-08-26,Malaysia,Kulaijaya,17
2023-08-26,Malaysia,Kuala Muda,6
2023-04-21,Malaysia,Hulu Langat,2
2023-04-21,Malaysia,Cameron Highlands,1
2023-10-12,Malaysia,Hulu Langat,7
2023-07-19,Malaysia,Malacca City,153
2023-07-05,Malaysia,Kinta,32
2023-07-05,Malaysia,Kuantan,9
2023-07-05,Malaysia,Semporna,1
2023-07-05,Malaysia,Seremban,23
2023-07-05,Malaysia,Kuala Selangor,1
2023-04-05,Malaysia,Kota Kinabalu,3
2023-04-19,Malaysia,Manjung,1
2023-09-16,Malaysia,Batu Pahat,1
2023-08-09,Malaysia,Kinta,49
2023-05-26,Malaysia,Kuching,26
2023-05-26,Malaysia,Klang,8
2023-05-25,Malaysia,Malacca City,195
2023-05-25,Malaysia,Klang,11
2023-09-01,Malaysia,Kulaijaya,28
2023-04-04,Malaysia,Tawau,2
2023-04-04,Malaysia,Temerloh,1
2023-09-15,Malaysia,Manjung,2
2023-11-16,Malaysia,Barat Daya,11
2023-11-05,Malaysia,Genting Highlands,47
2023-11-05,Malaysia,Alor Gajah,2
2023-05-10,Malaysia,Kinta,43
2023-04-07,Malaysia,Barat Daya,4
2023-04-07,Malaysia,Kuala Selangor,1
2023-11-02,Malaysia,Cameron Highlands,1
2023-11-02,Malaysia,Port Dickson,40
2023-11-03,Malaysia,Shah Alam,24
2023-11-03,Malaysia,Kuala Lumpur,982
2023-09-18,Malaysia,Kulaijaya,15
2023-09-18,Malaysia,Shah Alam,11
2023-06-20,Malaysia,Kota Bharu,2
2023-11-18,Malaysia,Seberang Perai Tengah,23
2023-09-17,Malaysia,Kuala Pilah,1
2023-09-17,Malaysia,Bentong,26
2023-09-17,Malaysia,Batu Pahat,2
2023-05-14,Malaysia,Batu Pahat,12
2023-09-19,Malaysia,Johor Bahru,259
2023-05-27,Malaysia,Perlis,4
2023-05-27,Malaysia,Langkawi,48
2023-05-12,Malaysia,Hulu Langat,10
2023-05-12,Malaysia,Tambunan,1
2023-04-29,Malaysia,Temerloh,3
2023-03-08,Malaysia,Penang Island,266
2023-03-08,Malaysia,Manjung,11
2023-01-31,Malaysia,Bintulu,1
2023-11-01,Malaysia,Bentong,5
2023-08-19,Malaysia,Jempol,6
2023-08-05,Malaysia,Ledang,1
2023-04-14,Malaysia,Pekan,1
2023-04-14,Malaysia,Tambunan,1
2023-04-28,Malaysia,Miri,1
2023-04-28,Malaysia,Bera,1
2023-09-12,Malaysia,Perak Tengah,2
2023-11-15,Malaysia,Kuching,22
2023-03-07,Malaysia,Segamat,1
2023-08-04,Malaysia,Perlis,2
2023-08-04,Malaysia,Kota Setar,1
2023-08-18,Malaysia,Seremban,31
2023-04-13,Malaysia,Kuching,32
2023-06-30,Malaysia,Pekan,1
2023-10-09,Malaysia,Port Dickson,6
2023-09-14,Malaysia,Penang Island,200
2023-09-14,Malaysia,Kuala Selangor,1
2023-09-28,Malaysia,Muar,12
2023-09-28,Malaysia,Klang,27
2023-11-13,Malaysia,Samarahan,1
2023-11-13,Malaysia,Malacca City,142
2023-11-13,Malaysia,Seberang Perai Selatan,15
2023-08-07,Malaysia,Kuching,19
2023-08-07,Malaysia,Kuala Muda,6
2023-05-24,Malaysia,Kota Bharu,3
2023-11-01,Malaysia,Seberang Perai Selatan,4
2023-05-23,Malaysia,Bentong,36
2023-01-30,Malaysia,Kuala Muda,6
2023-06-30,Malaysia,Cameron Highlands,5
2023-06-30,Malaysia,Kinta,30
2023-06-30,Malaysia,Tawau,1
2023-09-27,Malaysia,Tampin,2
2023-04-01,Malaysia,Bentong,29
2023-03-09,Malaysia,Johor Bahru,314
2023-03-09,Malaysia,Langkawi,87
2023-03-09,Malaysia,Kuala Lumpur,537
2023-03-09,Malaysia,Kota Kinabalu,4
2023-05-22,Malaysia,Kota Kinabalu,7
2023-11-12,Malaysia,Hulu Langat,2
2023-01-01,Malaysia,Barat Daya,2
2023-01-01,Malaysia,Ledang,3
2023-08-06,Malaysia,Bentong,17
2023-04-01,Malaysia,Ranau,1
2023-05-22,Malaysia,Port Dickson,7
2023-04-02,Malaysia,Kampar,5
2023-06-26,Malaysia,Kota Tinggi,21
2023-05-05,Malaysia,Kulaijaya,13
2023-05-05,Malaysia,Perlis,1
2023-01-18,Malaysia,Kluang,1
2023-02-10,Malaysia,Barat Daya,5
2023-02-10,Malaysia,Kubang Pasu,4
2023-10-30,Malaysia,Kota Bharu,11
2023-10-30,Malaysia,Port Dickson,20
2023-01-29,Malaysia,Keningau,1
2023-05-05,Malaysia,Labuan,1
2023-05-05,Malaysia,Rompin,1
2023-07-22,Malaysia,Penang Island,180
2023-07-22,Malaysia,Kuching,32
2023-02-10,Malaysia,Kluang,3
2023-07-22,Malaysia,Batang Padang,6
2023-03-31,Malaysia,Kota Bharu,4
2023-06-29,Malaysia,Penang Island,165
2023-05-19,Malaysia,Kuala Terengganu,8
2023-05-08,Malaysia,Kinta,41
2023-01-15,Malaysia,Kota Kinabalu,11
2023-01-14,Malaysia,Hulu Langat,3
2023-01-14,Malaysia,Kota Tinggi,13
2023-04-09,Malaysia,Kulaijaya,7
2023-04-09,Malaysia,Batu Pahat,1
2023-04-09,Malaysia,Raub,1
2023-01-11,Malaysia,Kuantan,17
2023-06-28,Malaysia,Kinta,31
2023-07-20,Malaysia,Malacca City,165
2023-07-20,Malaysia,Jempol,3
2023-05-07,Malaysia,Malacca City,117
2023-05-07,Malaysia,Kuantan,7
2023-02-23,Malaysia,Kuala Selangor,1
2023-04-08,Malaysia,Batang Padang,1
2023-01-24,Malaysia,Manjung,1
2023-01-24,Malaysia,Barat Daya,1
2023-05-15,Malaysia,Kluang,4
2023-05-15,Malaysia,Batang Padang,3
2023-01-10,Malaysia,Kemaman,1
2023-01-10,Malaysia,Kota Bharu,5
2023-01-16,Malaysia,Kuala Lumpur,212
2023-01-16,Malaysia,Miri,3
2023-09-05,Malaysia,Bentong,49
2023-01-25,Malaysia,Kuala Lumpur,233
2023-09-06,Malaysia,Kota Kinabalu,2
2023-02-24,Malaysia,Barat Daya,16
2023-02-24,Malaysia,Mersing,1
2023-02-24,Malaysia,Ranau,2
2023-01-11,Malaysia,Seberang Perai Selatan,1
2023-09-05,Malaysia,Temerloh,3
2023-09-05,Malaysia,Muar,8
2023-01-28,Malaysia,Seberang Perai Tengah,5
2023-09-08,Malaysia,Kuching,31
2023-05-18,Malaysia,Kota Tinggi,12
2023-05-18,Malaysia,Kluang,13
2023-11-07,Malaysia,Shah Alam,16
2023-11-07,Malaysia,Hulu Langat,8
2023-11-07,Malaysia,Kuala Pilah,5
2023-02-20,Malaysia,Seberang Perai Tengah,25
2023-02-20,Malaysia,Kota Kinabalu,8
2023-05-04,Malaysia,Langkawi,58
2023-05-04,Malaysia,Sibu,1
2023-06-21,Malaysia,Klang,31
2023-11-06,Malaysia,Perlis,2
2023-06-24,Malaysia,Kuantan,3
2023-01-27,Malaysia,Muar,14
2023-06-10,Malaysia,Kubang Pasu,2
2023-06-10,Malaysia,Raub,2
2023-05-17,Malaysia,Keningau,5
2023-09-08,Malaysia,Manjung,2
2023-09-08,Malaysia,Muar,5
2023-07-31,Malaysia,Seberang Perai Selatan,5
2023-07-31,Malaysia,Kuala Selangor,1
2023-09-07,Malaysia,Hulu Langat,3
2023-07-30,Malaysia,Miri,2
2023-07-30,Malaysia,Ranau,1
2023-07-30,Malaysia,Kampar,5
2023-07-30,Malaysia,Cameron Highlands,2
2023-07-30,Malaysia,Seberang Perai Tengah,9
2023-05-03,Malaysia,Pasir Putih,3
2023-11-08,Malaysia,Bintulu,4
2023-01-26,Malaysia,Ranau,1
2023-02-17,Malaysia,Hulu Langat,13
2023-02-17,Malaysia,Kota Setar,2
2023-08-21,Malaysia,Penang Island,155
2023-04-30,Malaysia,Mersing,1
2023-10-23,Malaysia,Seberang Perai Utara,1
2023-06-07,Malaysia,Muar,16
2023-02-02,Malaysia,Seberang Perai Utara,4
2023-02-02,Malaysia,Sri Aman,1
2023-03-23,Malaysia,Hulu Langat,5
2023-03-23,Malaysia,Batu Pahat,3
2023-03-23,Malaysia,Kota Bharu,4
2023-08-20,Malaysia,Kluang,10
2023-02-16,Malaysia,Besut,4
2023-07-13,Malaysia,Kota Tinggi,14
2023-07-13,Malaysia,Batu Pahat,4
2023-02-01,Malaysia,Kota Bharu,1
2023-07-27,Malaysia,Cameron Highlands,6
2023-02-15,Malaysia,Batu Pahat,6
2023-02-15,Malaysia,Bentong,18
2023-02-05,Malaysia,Kinta,54
2023-02-05,Malaysia,Kuala Selangor,2
2023-08-23,Malaysia,Kuala Langat,2
2023-08-23,Malaysia,Sibu,1
2023-07-02,Malaysia,Kuala Terengganu,4
2023-03-26,Malaysia,Bentong,26
2023-03-11,Malaysia,Kuala Muda,6
2023-02-19,Malaysia,Kota Kinabalu,12
2023-02-19,Malaysia,Penampang,1
2023-03-11,Malaysia,Hulu Langat,11
2023-07-16,Malaysia,Kluang,2
2023-02-18,Malaysia,Port Dickson,32
2023-02-18,Malaysia,Pontian,4
2023-07-15,Malaysia,Hulu Langat,4
2023-02-18,Malaysia,Klang,7
2023-07-01,Malaysia,Malacca City,152
2023-07-01,Malaysia,Raub,1
2023-07-01,Malaysia,Kota Bharu,1
2023-07-29,Malaysia,Johor Bahru,206
2023-07-29,Malaysia,Seberang Perai Tengah,8
2023-03-10,Malaysia,Batu Pahat,17
2023-03-10,Malaysia,Kluang,6
2023-03-24,Malaysia,Muar,4
2023-03-24,Malaysia,Kemaman,1
2023-02-27,Malaysia,Port Dickson,31
2023-07-24,Malaysia,Penang Island,166
2023-07-24,Malaysia,Klang,13
2023-02-12,Malaysia,Seberang Perai Utara,6
2023-06-17,Malaysia,Pontian,2
2023-01-05,Malaysia,Malacca City,191
2023-01-05,Malaysia,Langkawi,33
2023-01-05,Malaysia,Seberang Perai Selatan,3
2023-01-05,Malaysia,Kota Tinggi,12
2023-02-26,Malaysia,Seberang Perai Selatan,5
2023-08-30,Malaysia,Barat Daya,23
2023-07-23,Malaysia,Kampar,4
2023-01-19,Malaysia,Serian,1
2023-06-02,Malaysia,Kulaijaya,19
2023-06-02,Malaysia,Kota Marudu,1
2023-06-16,Malaysia,Muar,5
2023-02-25,Malaysia,Port Dickson,54
2023-05-09,Malaysia,Tampin,2
2023-02-11,Malaysia,Penang Island,190
2023-06-05,Malaysia,Perak Tengah,1
2023-01-08,Malaysia,Kuching,11
2023-02-14,Malaysia,Klang,14
2023-02-14,Malaysia,Penampang,5
2023-10-31,Malaysia,Kinta,56
2023-03-21,Malaysia,Seremban,22
2023-02-28,Malaysia,Ranau,1
2023-06-04,Malaysia,Muar,10
2023-06-04,Malaysia,Dungun,1
2023-07-11,Malaysia,Hulu Langat,10
2023-07-11,Malaysia,Kota Kinabalu,6
2023-07-11,Malaysia,Keningau,2
2023-03-20,Malaysia,Hilir Perak,1
2023-03-20,Malaysia,Kota Bharu,1
2023-06-18,Malaysia,Kulim,2
2023-07-10,Malaysia,Malacca City,165
2023-07-10,Malaysia,Klang,4
2023-07-25,Malaysia,Batang Padang,2
2023-02-13,Malaysia,Port Dickson,16
2023-08-31,Malaysia,Penang Island,132
2023-08-31,Malaysia,Bentong,41
2023-04-25,Malaysia,Pasir Putih,2
2023-10-17,Malaysia,Batang Padang,3
2023-10-17,Malaysia,Kuala Selangor,4
2023-08-01,Malaysia,Klang,4
2023-09-22,Malaysia,Kluang,12
2023-09-22,Malaysia,Kuala Muda,2
2023-03-04,Malaysia,Penang Island,278
2023-03-18,Malaysia,Hulu Langat,22
2023-03-18,Malaysia,Port Dickson,18
2023-03-18,Malaysia,Marang,4
2023-08-15,Malaysia,Semporna,1
2023-08-29,Malaysia,Kulaijaya,19
2023-08-29,Malaysia,Ledang,1
2023-08-29,Malaysia,Kota Tinggi,52
2023-05-31,Malaysia,Kuala Lumpur,408
2023-05-31,Malaysia,Seberang Perai Tengah,9
2023-05-31,Malaysia,Kota Tinggi,10
2023-05-31,Malaysia,Klang,4
2023-07-08,Malaysia,Kuantan,2
2023-07-08,Malaysia,Raub,1
2023-04-10,Malaysia,Johor Bahru,220
2023-11-10,Malaysia,Kuala Lumpur,616
2023-11-10,Malaysia,Johor Bahru,200
2023-11-10,Malaysia,Kubang Pasu,2
2023-10-04,Malaysia,Kudat,1
2023-03-17,Malaysia,Seberang Perai Tengah,16
2023-03-17,Malaysia,Tawau,5
2023-03-17,Malaysia,Perlis,1
2023-05-30,Malaysia,Cameron Highlands,8
2023-05-30,Malaysia,Seberang Perai Tengah,21
2023-05-30,Malaysia,Klang,5
2023-07-07,Malaysia,Port Dickson,50
2023-08-14,Malaysia,Penang Island,171
2023-08-14,Malaysia,Muar,7
2023-08-14,Malaysia,Lawas,2
2023-03-02,Malaysia,Penang Island,341
2023-03-02,Malaysia,Johor Bahru,354
2023-03-02,Malaysia,Kulaijaya,20
2023-03-02,Malaysia,Seberang Perai Utara,1
2023-03-02,Malaysia,Penampang,1
2023-09-10,Malaysia,Penang Island,133
2023-04-23,Malaysia,Kluang,4
2023-11-11,Malaysia,Pasir Putih,2
2023-10-29,Malaysia,Temerloh,4
2023-04-27,Malaysia,Muar,6
2023-04-27,Malaysia,Jempol,3
2023-03-06,Malaysia,Seremban,44
2023-10-15,Malaysia,Genting Highlands,44
2023-10-15,Malaysia,Seberang Perai Utara,1
2023-10-01,Malaysia,Muar,15
2023-11-22,Malaysia,Kulaijaya,1
2023-09-24,Malaysia,Barat Daya,8
2023-03-05,Malaysia,Kuala Pilah,2
2023-04-12,Malaysia,Barat Daya,8
2023-03-19,Malaysia,Kuantan,14
2023-08-02,Malaysia,Seberang Perai Selatan,7
2023-04-26,Malaysia,Penang Island,215
2023-07-09,Malaysia,Bentong,39
2023-10-13,Malaysia,Langkawi,93
2023-10-13,Malaysia,Seberang Perai Tengah,6
2023-02-07,Malaysia,Port Dickson,18
2023-02-07,Malaysia,Miri,3
2023-02-07,Malaysia,Pasir Putih,1
2023-08-11,Malaysia,Putrajaya,1
2023-07-04,Malaysia,Cameron Highlands,4
2023-07-18,Malaysia,Kota Setar,4
2023-11-20,Malaysia,Bentong,1
2023-02-06,Malaysia,Temerloh,1
2023-07-03,Malaysia,Seberang Perai Selatan,1
2023-07-03,Malaysia,Cameron Highlands,4
2023-07-03,Malaysia,Kota Tinggi,9
2023-10-14,Malaysia,Lawas,1
2023-10-14,Malaysia,Kuantan,18
2023-10-14,Malaysia,Kota Tinggi,12
2023-08-24,Malaysia,Kuala Lumpur,449
2023-08-24,Malaysia,Batang Padang,2
2023-07-17,Malaysia,Seberang Perai Utara,2
2023-03-12,Malaysia,Seremban,32
2023-03-12,Malaysia,Kulaijaya,18
2023-03-12,Malaysia,Lawas,1
2023-11-21,Malaysia,Kluang,12
2023-03-16,Malaysia,Seberang Perai Tengah,13
2023-09-20,Malaysia,Muar,4
2023-09-20,Malaysia,Hulu Langat,4
2023-10-11,Malaysia,Klang,23
2023-02-09,Malaysia,Seberang Perai Tengah,5
2023-02-09,Malaysia,Klang,9
2023-03-01,Malaysia,Shah Alam,40
2023-07-06,Malaysia,Hulu Langat,12
2023-07-06,Malaysia,Kota Tinggi,12
2023-08-12,Malaysia,Malacca City,153
2023-08-12,Malaysia,Jempol,7
2023-04-22,Malaysia,Bentong,43
2023-03-14,Malaysia,Bentong,20
2023-03-14,Malaysia,Ledang,1
2023-04-05,Malaysia,Port Dickson,6
2023-04-05,Malaysia,Rompin,1
2023-11-04,Malaysia,Perlis,1
2023-11-04,Malaysia,Bintulu,3
2023-09-02,Malaysia,Kuala Lumpur,375
2023-09-02,Malaysia,Seberang Perai Tengah,5
2023-11-19,Malaysia,Tampin,1
2023-11-19,Malaysia,Seberang Perai Selatan,10
2023-01-21,Malaysia,Penang Island,89
2023-01-21,Malaysia,Kuantan,14
2023-04-19,Malaysia,Klang,6
2023-09-16,Malaysia,Rompin,4
2023-05-25,Malaysia,Perlis,6
2023-04-04,Malaysia,Kuala Muda,5
2023-11-16,Malaysia,Kinta,59
2023-11-16,Malaysia,Bintulu,1
2023-09-29,Malaysia,Tampin,2
2023-11-05,Malaysia,Kuala Lumpur,464
2023-11-05,Malaysia,Kota Kinabalu,8
2023-05-10,Malaysia,Seremban,11
2023-04-07,Malaysia,Penang Island,202
2023-08-08,Malaysia,Kota Setar,3
2023-08-08,Malaysia,Tawau,1
2023-11-02,Malaysia,Kuching,24
2023-11-02,Malaysia,Muar,30
2023-11-02,Malaysia,Kampar,5
2023-09-29,Malaysia,Mersing,1
2023-05-28,Malaysia,Johor Bahru,291
2023-05-28,Malaysia,Kota Setar,3
2023-09-04,Malaysia,Segamat,2
2023-11-17,Malaysia,Tuaran,1
2023-06-20,Malaysia,Kuching,48
2023-06-20,Malaysia,Kulaijaya,20
2023-11-18,Malaysia,Kuala Langat,1
2023-09-17,Malaysia,Cameron Highlands,2
2023-05-13,Malaysia,Seberang Perai Selatan,1
2023-05-13,Malaysia,Kuantan,6
2023-05-13,Malaysia,Kluang,3
2023-05-14,Malaysia,Shah Alam,14
2023-05-14,Malaysia,Ranau,1
2023-09-19,Malaysia,Kampar,4
2023-09-19,Malaysia,Kuching,29
2023-05-27,Malaysia,Kota Kinabalu,7
2023-05-27,Malaysia,Semporna,1
2023-05-27,Malaysia,Pontian,1
2023-05-12,Malaysia,Seberang Perai Selatan,4
2023-05-12,Malaysia,Cameron Highlands,2
2023-05-12,Malaysia,Batu Pahat,6
2023-04-15,Malaysia,Labuan,2
2023-04-06,Malaysia,Kota Tinggi,9
2023-10-07,Malaysia,Temerloh,3
2023-04-29,Malaysia,Tawau,7
2023-03-08,Malaysia,Kuala Selangor,2
2023-05-21,Malaysia,Temerloh,6
2023-01-31,Malaysia,Kinta,58
2023-11-01,Malaysia,Port Dickson,19
2023-11-01,Malaysia,Samarahan,1
2023-08-19,Malaysia,Kuala Muda,1
2023-10-08,Malaysia,Johor Bahru,199
2023-04-14,Malaysia,Kuala Langat,2
2023-04-14,Malaysia,Kampar,5
2023-01-31,Malaysia,Bentong,35
2023-09-11,Malaysia,Manjung,2
2023-03-07,Malaysia,Lahad Datu,4
2023-08-04,Malaysia,Rompin,2
2023-04-13,Malaysia,Penang Island,197
2023-04-13,Malaysia,Kuala Langat,3
2023-09-25,Malaysia,Kota Bharu,2
2023-09-25,Malaysia,Batang Padang,4
2023-10-09,Malaysia,Manjung,3
2023-10-09,Malaysia,Kota Tinggi,20
2023-09-28,Malaysia,Besut,1
2023-09-28,Malaysia,Segamat,2
2023-08-07,Malaysia,Tampin,3
2023-08-07,Malaysia,Muar,9
2023-04-17,Malaysia,Shah Alam,3
2023-05-24,Malaysia,Alor Gajah,2
2023-04-16,Malaysia,Penampang,5
2023-05-23,Malaysia,Kuala Langat,3
2023-01-30,Malaysia,Bentong,29
2023-06-30,Malaysia,Langkawi,58
2023-06-30,Malaysia,Shah Alam,6
2023-06-30,Malaysia,Kota Bharu,5
2023-09-27,Malaysia,Putrajaya,4
2023-10-05,Malaysia,Langkawi,116
2023-10-05,Malaysia,Kota Tinggi,18
2023-10-05,Malaysia,Perak Tengah,1
2023-03-09,Malaysia,Port Dickson,74
2023-11-12,Malaysia,Kuala Lumpur,510
2023-11-12,Malaysia,Genting Highlands,31
2023-11-12,Malaysia,Temerloh,1
2023-02-22,Malaysia,Kuching,28
2023-02-22,Malaysia,Kinta,78
2023-05-06,Malaysia,Kota Bharu,1
2023-09-13,Malaysia,Alor Gajah,5
2023-04-01,Malaysia,Kuala Muda,6
2023-05-22,Malaysia,Temerloh,5
2023-04-02,Malaysia,Kinta,34
2023-04-02,Malaysia,Port Dickson,7
2023-05-05,Malaysia,Kluang,2
2023-01-18,Malaysia,Pasir Putih,1
2023-01-18,Malaysia,Kubang Pasu,1
2023-02-21,Malaysia,Seberang Perai Tengah,15
2023-06-01,Malaysia,Cameron Highlands,4
2023-06-01,Malaysia,Larut and Matang,3
2023-10-30,Malaysia,Johor Bahru,278
2023-10-30,Malaysia,Kuala Selangor,1
2023-05-05,Malaysia,Kota Setar,6
2023-07-22,Malaysia,Kampar,4
2023-02-10,Malaysia,Segamat,1
2023-02-10,Malaysia,Ranau,9
2023-03-31,Malaysia,Kuala Lumpur,327
2023-03-31,Malaysia,Keningau,7
2023-03-31,Malaysia,Tawau,3
2023-03-31,Malaysia,Perak Tengah,1
2023-05-19,Malaysia,Kuala Muda,18
2023-05-19,Malaysia,Keningau,2
2023-05-08,Malaysia,Rompin,1
2023-01-15,Malaysia,Port Dickson,20
2023-01-15,Malaysia,Semporna,1
2023-01-15,Malaysia,Kemaman,2
2023-01-17,Malaysia,Penang Island,135
2023-01-17,Malaysia,Kuala Lumpur,227
2023-06-12,Malaysia,Pekan,1
2023-06-12,Malaysia,Batang Padang,4
2023-06-14,Malaysia,Kuala Muda,7
2023-06-15,Malaysia,Port Dickson,31
2023-06-15,Malaysia,Kluang,9
2023-06-23,Malaysia,Port Dickson,17
2023-01-11,Malaysia,Kuching,19
2023-06-28,Malaysia,Kuala Langat,1
2023-05-07,Malaysia,Johor Bahru,248
2023-05-07,Malaysia,Hulu Selangor,1
2023-03-30,Malaysia,Kluang,2
2023-02-23,Malaysia,Seberang Perai Utara,1
2023-05-15,Malaysia,Sabak Bernam,1
2023-09-09,Malaysia,Kuala Muda,2
2023-01-10,Malaysia,Shah Alam,9
2023-05-16,Malaysia,Kluang,1
2023-05-29,Malaysia,Temerloh,8
2023-01-25,Malaysia,Segamat,5
2023-02-24,Malaysia,Kinta,77
2023-02-24,Malaysia,Langkawi,81
2023-02-24,Malaysia,Kluang,2
2023-02-24,Malaysia,Jempol,8
2023-07-21,Malaysia,Bentong,20
2023-07-21,Malaysia,Cameron Highlands,2
2023-05-01,Malaysia,Johor Bahru,251
2023-09-05,Malaysia,Kulaijaya,16
2023-01-28,Malaysia,Kuala Lumpur,194
2023-01-28,Malaysia,Barat Daya,10
2023-05-18,Malaysia,Kota Setar,11
2023-06-21,Malaysia,Penang Island,224
2023-06-21,Malaysia,Raub,9
2023-11-06,Malaysia,Kuching,20
2023-05-03,Malaysia,Malacca City,195
2023-05-03,Malaysia,Kuala Selangor,2
2023-05-03,Malaysia,Batang Padang,1
2023-06-24,Malaysia,Kuala Terengganu,5
2023-01-27,Malaysia,Lawas,2
2023-01-12,Malaysia,Kuala Terengganu,1
2023-01-26,Malaysia,Kuala Selangor,6
2023-05-17,Malaysia,Tawau,12
2023-07-30,Malaysia,Kuala Selangor,4
2023-05-03,Malaysia,Kota Tinggi,8
2023-05-03,Malaysia,Lawas,4
2023-02-17,Malaysia,Kinta,70
2023-02-17,Malaysia,Kulim,1
2023-02-17,Malaysia,Larut and Matang,1
2023-08-21,Malaysia,Kubang Pasu,3
2023-07-14,Malaysia,Miri,4
2023-07-14,Malaysia,Kemaman,1
2023-06-07,Malaysia,Jempol,1
2023-07-28,Malaysia,Langkawi,49
2023-07-28,Malaysia,Batang Padang,3
2023-02-02,Malaysia,Barat Daya,4
2023-02-02,Malaysia,Ranau,2
2023-02-02,Malaysia,Manjung,2
2023-02-02,Malaysia,Kemaman,1
2023-08-20,Malaysia,Kuala Terengganu,2
2023-02-16,Malaysia,Barat Daya,18
2023-07-13,Malaysia,Kampar,7
2023-01-09,Malaysia,Kuala Terengganu,2
2023-02-01,Malaysia,Seremban,25
2023-02-01,Malaysia,Barat Daya,8
2023-02-01,Malaysia,Sabak Bernam,1
2023-03-22,Malaysia,Manjung,2
2023-06-06,Malaysia,Langkawi,39
2023-07-27,Malaysia,Seberang Perai Utara,3
2023-07-27,Malaysia,Batang Padang,8
2023-10-10,Malaysia,Malacca City,182
2023-10-10,Malaysia,Barat Daya,2
2023-02-05,Malaysia,Seberang Perai Tengah,4
2023-03-26,Malaysia,Penang Island,126
2023-02-19,Malaysia,Penang Island,167
2023-03-11,Malaysia,Batu Pahat,27
2023-07-16,Malaysia,Penang Island,168
2023-07-16,Malaysia,Kota Tinggi,14
2023-07-16,Malaysia,Bentong,29
2023-07-16,Malaysia,Kota Bharu,2
2023-03-25,Malaysia,Batu Pahat,1
2023-03-25,Malaysia,Ranau,2
2023-08-22,Malaysia,Perlis,1
2023-08-22,Malaysia,Cameron Highlands,8
2023-08-22,Malaysia,Shah Alam,6
2023-08-22,Malaysia,Batu Pahat,11
2023-02-18,Malaysia,Barat Daya,7
2023-07-01,Malaysia,Ranau,5
2023-10-22,Malaysia,Barat Daya,2
2023-10-22,Malaysia,Penang Island,171
2023-10-22,Malaysia,Kuala Terengganu,3
2023-07-29,Malaysia,Rompin,1
2023-03-10,Malaysia,Keningau,5
2023-02-27,Malaysia,Kuantan,45
2023-02-27,Malaysia,Sabak Bernam,2
2023-07-24,Malaysia,Perak Tengah,1
2023-06-03,Malaysia,Muar,11
2023-02-12,Malaysia,Malacca City,107
2023-02-12,Malaysia,Tawau,2
2023-06-17,Malaysia,Seberang Perai Utara,1
2023-01-05,Malaysia,Kuching,22
2023-01-05,Malaysia,Ledang,1
2023-02-26,Malaysia,Kota Setar,6
2023-02-26,Malaysia,Kampar,3
2023-01-19,Malaysia,Kuching,18
2023-06-02,Malaysia,Miri,1
2023-06-02,Malaysia,Kuala Terengganu,7
2023-06-16,Malaysia,Kota Bharu,5
2023-05-09,Malaysia,Malacca City,130
2023-05-09,Malaysia,Kuching,29
2023-05-09,Malaysia,Seremban,18
2023-05-09,Malaysia,Kuala Muda,8
2023-10-20,Malaysia,Kampar,5
2023-10-20,Malaysia,Perlis,2
2023-10-20,Malaysia,Perak Tengah,1
2023-02-25,Malaysia,Pasir Putih,1
2023-07-12,Malaysia,Seremban,28
2023-07-12,Malaysia,Seberang Perai Tengah,10
2023-06-05,Malaysia,Klang,3
2023-06-05,Malaysia,Kubang Pasu,2
2023-06-19,Malaysia,Bentong,48
2023-06-19,Malaysia,Kubang Pasu,1
2023-02-14,Malaysia,Mersing,2
2023-03-21,Malaysia,Kota Bharu,1
2023-02-28,Malaysia,Seberang Perai Tengah,18
2023-02-28,Malaysia,Ledang,1
2023-06-04,Malaysia,Kinta,22
2023-01-07,Malaysia,Seberang Perai Selatan,2
2023-01-07,Malaysia,Kota Kinabalu,6
2023-06-18,Malaysia,Kuching,26
2023-06-18,Malaysia,Kota Bharu,1
2023-02-13,Malaysia,Klang,18
2023-02-13,Malaysia,Bachok,1
2023-02-13,Malaysia,Mersing,1
2023-08-31,Malaysia,Muar,9
2023-10-17,Malaysia,Seberang Perai Tengah,10
2023-08-01,Malaysia,Cameron Highlands,5
2023-09-22,Malaysia,Muar,4
2023-03-04,Malaysia,Langkawi,102
2023-03-04,Malaysia,Hulu Selangor,2
2023-03-04,Malaysia,Alor Gajah,1
2023-08-15,Malaysia,Batu Pahat,1
2023-08-15,Malaysia,Batang Padang,6
2023-08-29,Malaysia,Langkawi,72
2023-05-31,Malaysia,Seremban,31
2023-05-31,Malaysia,Kota Kinabalu,7
2023-07-08,Malaysia,Johor Bahru,339
2023-07-08,Malaysia,Tampin,1
2023-03-03,Malaysia,Ranau,1
2023-04-10,Malaysia,Kota Bharu,4
2023-11-10,Malaysia,Kuala Pilah,2
2023-09-21,Malaysia,Cameron Highlands,1
2023-10-04,Malaysia,Shah Alam,15
2023-10-04,Malaysia,Muar,9
2023-10-04,Malaysia,Kluang,8
2023-03-17,Malaysia,Kota Setar,16
2023-03-17,Malaysia,Ledang,3
2023-05-30,Malaysia,Semporna,1
2023-07-07,Malaysia,Penang Island,236
2023-07-07,Malaysia,Kuala Muda,12
2023-07-07,Malaysia,Raub,2
2023-08-14,Malaysia,Seberang Perai Selatan,6
2023-08-14,Malaysia,Kuantan,1
2023-03-02,Malaysia,Kampar,8
2023-09-10,Malaysia,Kota Tinggi,23
2023-09-10,Malaysia,Cameron Highlands,2
2023-10-19,Malaysia,Jempol,1
2023-04-23,Malaysia,Kuala Lumpur,161
2023-11-11,Malaysia,Hulu Langat,7
2023-04-27,Malaysia,Tawau,1
2023-03-06,Malaysia,Pontian,1
2023-10-15,Malaysia,Kluang,7
2023-08-03,Malaysia,Barat Daya,7
2023-08-03,Malaysia,Jempol,9
2023-08-03,Malaysia,Kuala Selangor,3
2023-08-17,Malaysia,Mersing,2
2023-10-01,Malaysia,Port Dickson,13
2023-04-12,Malaysia,Kinta,22
2023-04-12,Malaysia,Muar,1
2023-04-12,Malaysia,Bentong,45
2023-03-19,Malaysia,Kampar,2
2023-03-19,Malaysia,Putrajaya,1
2023-10-02,Malaysia,Cameron Highlands,3
2023-04-26,Malaysia,Kuching,32
2023-04-26,Malaysia,Batu Pahat,4
2023-09-23,Malaysia,Shah Alam,10
2023-09-23,Malaysia,Kota Bharu,3
2023-07-09,Malaysia,Setiu,1
2023-10-27,Malaysia,Kuala Lumpur,617
2023-04-11,Malaysia,Malacca City,152
2023-10-13,Malaysia,Barat Daya,2
2023-07-04,Malaysia,Jempol,2
2023-07-04,Malaysia,Labuan,1
2023-07-04,Malaysia,Kuala Selangor,4
2023-08-25,Malaysia,Segamat,1
2023-07-18,Malaysia,Barat Daya,8
2023-07-18,Malaysia,Kampar,4
2023-03-27,Malaysia,Seberang Perai Selatan,1
2023-02-06,Malaysia,Kampar,1
2023-02-06,Malaysia,Kuala Muda,10
2023-02-06,Malaysia,Jempol,1
2023-08-10,Malaysia,Jempol,10
2023-03-13,Malaysia,Kota Setar,3
2023-03-13,Malaysia,Rompin,1
2023-10-14,Malaysia,Barat Daya,3
2023-10-14,Malaysia,Kuala Terengganu,6
2023-07-17,Malaysia,Kota Setar,2
2023-03-12,Malaysia,Batu Pahat,18
2023-10-25,Malaysia,Kuala Muda,2
2023-10-25,Malaysia,Seberang Perai Selatan,7
2023-09-20,Malaysia,Bentong,37
2023-10-11,Malaysia,Port Dickson,18
2023-10-11,Malaysia,Langkawi,99
2023-10-11,Malaysia,Kota Setar,10
2023-02-09,Malaysia,Perak Tengah,2
2023-07-06,Malaysia,Seberang Perai Tengah,18
2023-03-01,Malaysia,Jempol,7
2023-03-01,Malaysia,Kuala Muda,12
2023-03-15,Malaysia,Kuching,34
2023-03-15,Malaysia,Kota Setar,4
2023-03-15,Malaysia,Jempol,1
2023-03-15,Malaysia,Tawau,3
2023-04-22,Malaysia,Seremban,17
2023-02-08,Malaysia,Seremban,42
2023-02-08,Malaysia,Kulaijaya,15
2023-02-08,Malaysia,Bentong,44
2023-04-21,Malaysia,Kuching,26
2023-04-21,Malaysia,Rompin,1
2023-07-19,Malaysia,Batu Pahat,1
2023-03-14,Malaysia,Hulu Langat,15
2023-03-14,Malaysia,Kinta,35
2023-03-14,Malaysia,Kota Bharu,4
2023-11-04,Malaysia,Kulaijaya,42
2023-09-02,Malaysia,Miri,1
2023-01-21,Malaysia,Kuching,27
2023-09-16,Malaysia,Bentong,17
2023-09-16,Malaysia,Kuantan,15
2023-08-09,Malaysia,Langkawi,70
2023-08-09,Malaysia,Barat Daya,2
2023-05-26,Malaysia,Barat Daya,5
2023-03-14,Malaysia,Seberang Perai Utara,1
2023-05-25,Malaysia,Pasir Putih,1
2023-04-04,Malaysia,Kuantan,14
2023-01-20,Malaysia,Muar,6
2023-01-20,Malaysia,Serian,3
2023-01-20,Malaysia,Kampar,1
2023-01-20,Malaysia,Kuantan,21
2023-09-15,Malaysia,Kluang,9
2023-11-05,Malaysia,Seberang Perai Utara,5
2023-11-16,Malaysia,Kuala Muda,12
2023-11-03,Malaysia,Klang,31
2023-11-03,Malaysia,Kota Setar,13
2023-11-03,Malaysia,Perak Tengah,1
2023-06-20,Malaysia,Seremban,12
2023-06-20,Malaysia,Kuala Pilah,1
2023-01-22,Malaysia,Serian,1
2023-11-18,Malaysia,Kuala Selangor,3
2023-09-17,Malaysia,Kuching,22
2023-05-13,Malaysia,Kuching,22
2023-09-19,Malaysia,Kota Setar,19
2023-09-19,Malaysia,Hulu Langat,8
2023-09-19,Malaysia,Batang Padang,3
2023-04-15,Malaysia,Seberang Perai Tengah,9
2023-04-06,Malaysia,Bentong,56
2023-04-06,Malaysia,Jempol,1
2023-10-07,Malaysia,Lawas,1
2023-04-29,Malaysia,Kinta,36
2023-03-08,Malaysia,Langkawi,68
2023-03-08,Malaysia,Seberang Perai Selatan,4
2023-03-08,Malaysia,Kampar,5
2023-09-26,Malaysia,Kota Setar,15
2023-01-31,Malaysia,Seberang Perai Tengah,18
2023-01-31,Malaysia,Kuala Muda,10
2023-10-08,Malaysia,Batang Padang,2
2023-09-11,Malaysia,Seberang Perai Tengah,12
2023-05-20,Malaysia,Penang Island,201
2023-05-20,Malaysia,Johor Bahru,382
2023-05-20,Malaysia,Perlis,6
2023-04-28,Malaysia,Kota Kinabalu,10
2023-09-12,Malaysia,Batu Pahat,5
2023-09-12,Malaysia,Kubang Pasu,1
2023-11-15,Malaysia,Malacca City,183
2023-08-04,Malaysia,Barat Daya,5
2023-08-04,Malaysia,Batang Padang,6
2023-08-04,Malaysia,Kuala Terengganu,2
2023-04-13,Malaysia,Ledang,1
2023-04-17,Malaysia,Kuala Lumpur,251
2023-04-17,Malaysia,Bera,2
2023-05-24,Malaysia,Seremban,29
2023-05-24,Malaysia,Sabak Bernam,1
2023-04-16,Malaysia,Seremban,22
2023-05-23,Malaysia,Semporna,1
2023-05-23,Malaysia,Lahad Datu,1
2023-01-30,Malaysia,Larut and Matang,1
2023-01-30,Malaysia,Kuantan,23
2023-01-30,Malaysia,Seberang Perai Tengah,16
2023-04-03,Malaysia,Seberang Perai Tengah,12
2023-06-30,Malaysia,Kuala Langat,2
2023-10-05,Malaysia,Kampar,5
2023-10-05,Malaysia,Malacca City,170
2023-06-13,Malaysia,Besut,1
2023-03-09,Malaysia,Jempol,4
2023-11-12,Malaysia,Tampin,1
2023-01-01,Malaysia,Muar,8
2023-01-01,Malaysia,Shah Alam,4
2023-02-22,Malaysia,Langkawi,88
2023-02-22,Malaysia,Manjung,3
2023-08-06,Malaysia,Kuala Lumpur,387
2023-05-06,Malaysia,Kuantan,7
2023-05-06,Malaysia,Kuala Muda,2
2023-05-06,Malaysia,Kuala Terengganu,4
2023-05-22,Malaysia,Perlis,5
2023-06-27,Malaysia,Bentong,39
2023-06-27,Malaysia,Miri,3
2023-05-05,Malaysia,Kuala Lumpur,312
2023-02-21,Malaysia,Pontian,2
2023-06-01,Malaysia,Johor Bahru,346
2023-06-01,Malaysia,Port Dickson,55
2023-06-01,Malaysia,Kuala Selangor,2
2023-02-10,Malaysia,Penampang,8
2023-02-10,Malaysia,Kota Bharu,6
2023-10-30,Malaysia,Kampar,8
2023-01-29,Malaysia,Kota Tinggi,14
2023-01-29,Malaysia,Perlis,4
2023-05-05,Malaysia,Kampar,5
2023-05-19,Malaysia,Bentong,31
2023-07-22,Malaysia,Bentong,23
2023-03-31,Malaysia,Seberang Perai Tengah,17
2023-06-29,Malaysia,Klang,5
2023-05-08,Malaysia,Hulu Langat,9
2023-01-14,Malaysia,Kluang,1
2023-01-14,Malaysia,Mersing,1
2023-01-02,Malaysia,Malacca City,133
2023-01-02,Malaysia,Kuantan,12
2023-06-12,Malaysia,Perlis,1
2023-06-12,Malaysia,Miri,3
2023-06-14,Malaysia,Muar,12
2023-06-14,Malaysia,Kluang,7
2023-06-15,Malaysia,Manjung,5
2023-06-15,Malaysia,Pontian,2
2023-06-15,Malaysia,Rompin,4
2023-04-09,Malaysia,Labuan,2
2023-04-09,Malaysia,Kota Kinabalu,5
2023-06-23,Malaysia,Kuala Lumpur,473
2023-06-23,Malaysia,Seberang Perai Tengah,9
2023-06-28,Malaysia,Seremban,12
2023-06-28,Malaysia,Rompin,3
2023-07-20,Malaysia,Muar,3
2023-05-07,Malaysia,Barat Daya,5
2023-05-07,Malaysia,Batang Padang,1
2023-03-30,Malaysia,Barat Daya,10
2023-03-30,Malaysia,Kota Tinggi,2
2023-01-03,Malaysia,Shah Alam,6
2023-06-23,Malaysia,Kampar,9
2023-04-08,Malaysia,Bentong,17
2023-04-08,Malaysia,Raub,1
2023-01-24,Malaysia,Kampar,5
2023-01-24,Malaysia,Kota Bharu,3
2023-09-09,Malaysia,Segamat,1
2023-01-10,Malaysia,Hulu Langat,4
2023-01-10,Malaysia,Kinta,35
2023-01-16,Malaysia,Serian,1
2023-05-29,Malaysia,Kuala Lumpur,480
2023-05-29,Malaysia,Tampin,2
2023-09-05,Malaysia,Kuala Lumpur,494
2023-01-25,Malaysia,Seberang Perai Utara,1
2023-01-25,Malaysia,Pekan,1
2023-01-25,Malaysia,Marang,1
2023-09-06,Malaysia,Jempol,1
2023-09-06,Malaysia,Seremban,33
2023-02-24,Malaysia,Pekan,2
2023-02-24,Malaysia,Sandakan,1
2023-05-01,Malaysia,Perlis,1
2023-09-05,Malaysia,Tampin,2
2023-09-05,Malaysia,Sabak Bernam,1
2023-09-05,Malaysia,Alor Gajah,4
2023-01-13,Malaysia,Port Dickson,12
2023-01-13,Malaysia,Seberang Perai Tengah,4
2023-01-13,Malaysia,Kuala Kangsar,1
2023-01-28,Malaysia,Penampang,2
2023-09-08,Malaysia,Bentong,35
2023-05-18,Malaysia,Seremban,19
2023-05-18,Malaysia,Seberang Perai Tengah,21
2023-06-22,Malaysia,Kinta,19
2023-11-07,Malaysia,Klang,38
2023-05-04,Malaysia,Barat Daya,5
2023-06-21,Malaysia,Kuala Lumpur,520
2023-05-03,Malaysia,Penang Island,204
2023-01-12,Malaysia,Muar,17
2023-01-12,Malaysia,Seremban,34
2023-06-25,Malaysia,Malacca City,100
2023-05-17,Malaysia,Miri,11
2023-05-17,Malaysia,Perlis,9
2023-09-07,Malaysia,Barat Daya,2
2023-11-08,Malaysia,Langkawi,97
2023-11-08,Malaysia,Kota Setar,14
2023-11-08,Malaysia,Seberang Perai Selatan,11
2023-02-17,Malaysia,Mersing,2
2023-08-21,Malaysia,Kuantan,3
2023-08-21,Malaysia,Seberang Perai Selatan,3
2023-04-30,Malaysia,Tampin,2
2023-04-30,Malaysia,Kota Tinggi,3
2023-10-23,Malaysia,Manjung,1
2023-10-23,Malaysia,Shah Alam,14
2023-07-28,Malaysia,Kota Kinabalu,7
2023-08-20,Malaysia,Temerloh,1
2023-08-20,Malaysia,Perak Tengah,1
2023-02-16,Malaysia,Setiu,1
2023-02-16,Malaysia,Rompin,2
2023-10-24,Malaysia,Batang Padang,1
2023-01-09,Malaysia,Port Dickson,15
2023-01-09,Malaysia,Cameron Highlands,4
2023-02-01,Malaysia,Kuala Lumpur,225
2023-03-22,Malaysia,Kota Kinabalu,14
2023-06-06,Malaysia,Port Dickson,17
2023-07-27,Malaysia,Kuching,34
2023-07-27,Malaysia,Malacca City,168
2023-07-27,Malaysia,Kuala Muda,6
2023-02-15,Malaysia,Kota Setar,9
2023-02-15,Malaysia,Kulaijaya,7
2023-02-15,Malaysia,Tawau,3
2023-10-10,Malaysia,Kinta,48
2023-02-05,Malaysia,Jeli,1
2023-08-23,Malaysia,Kluang,10
2023-07-02,Malaysia,Kuching,21
2023-07-02,Malaysia,Kota Bharu,3
2023-03-11,Malaysia,Kuala Terengganu,4
2023-07-16,Malaysia,Temerloh,1
2023-02-04,Malaysia,Kota Setar,8
2023-02-04,Malaysia,Kulaijaya,2
2023-10-21,Malaysia,Perlis,1
2023-03-25,Malaysia,Johor Bahru,219
2023-06-09,Malaysia,Kulim,1
2023-06-09,Malaysia,Kuala Selangor,2
2023-02-18,Malaysia,Kuala Terengganu,3
2023-07-01,Malaysia,Kuala Muda,6
2023-07-01,Malaysia,Tambunan,1
2023-07-15,Malaysia,Tampin,1
2023-03-10,Malaysia,Kota Bharu,6
2023-06-08,Malaysia,Penang Island,183
2023-06-08,Malaysia,Kuala Selangor,1
2023-03-24,Malaysia,Barat Daya,11
2023-02-03,Malaysia,Penang Island,154
2023-02-03,Malaysia,Manjung,1
2023-02-03,Malaysia,Kemaman,1
2023-01-06,Malaysia,Serian,1
2023-02-27,Malaysia,Kuala Pilah,1
2023-06-03,Malaysia,Kulim,1
2023-06-03,Malaysia,Raub,1
2023-06-03,Malaysia,Pekan,1
2023-02-12,Malaysia,Kota Kinabalu,43
2023-02-12,Malaysia,Seberang Perai Selatan,2
2023-02-12,Malaysia,Kampar,4
2023-02-12,Malaysia,Seberang Perai Tengah,7
2023-06-17,Malaysia,Rompin,1
2023-02-26,Malaysia,Seberang Perai Tengah,5
2023-07-23,Malaysia,Batang Padang,5
2023-07-23,Malaysia,Kuala Terengganu,6
2023-01-19,Malaysia,Klang,9
2023-06-02,Malaysia,Ranau,3
2023-06-16,Malaysia,Batu Pahat,11
2023-06-16,Malaysia,Sandakan,2
2023-02-11,Malaysia,Kinta,51
2023-02-11,Malaysia,Seberang Perai Tengah,2
2023-02-11,Malaysia,Miri,14
2023-02-11,Malaysia,Kulaijaya,6
2023-02-11,Malaysia,Pontian,2
2023-02-25,Malaysia,Seberang Perai Tengah,21
2023-07-12,Malaysia,Bentong,27
2023-06-05,Malaysia,Port Dickson,12
2023-07-12,Malaysia,Besut,1
2023-07-26,Malaysia,Penang Island,207
2023-07-26,Malaysia,Port Dickson,28
2023-02-14,Malaysia,Malacca City,110
2023-03-21,Malaysia,Kulim,1
2023-02-28,Malaysia,Cameron Highlands,2
2023-06-04,Malaysia,Lawas,1
2023-03-20,Malaysia,Kuala Langat,2
2023-06-18,Malaysia,Hulu Langat,4
2023-06-18,Malaysia,Kota Kinabalu,7
2023-06-18,Malaysia,Kubang Pasu,1
2023-07-25,Malaysia,Kuala Muda,8
2023-07-25,Malaysia,Rompin,2
2023-02-13,Malaysia,Ranau,7
2023-02-13,Malaysia,Putatan,1
2023-04-25,Malaysia,Kota Setar,9
2023-04-25,Malaysia,Segamat,2
2023-10-17,Malaysia,Manjung,1
2023-08-01,Malaysia,Batang Padang,7
2023-09-22,Malaysia,Kulaijaya,22
2023-09-22,Malaysia,Barat Daya,7
2023-10-03,Malaysia,Kota Setar,4
2023-10-03,Malaysia,Kota Kinabalu,1
2023-03-04,Malaysia,Muar,7
2023-03-04,Malaysia,Klang,12
2023-08-29,Malaysia,Batu Pahat,8
2023-08-29,Malaysia,Rompin,2
2023-05-31,Malaysia,Tawau,2
2023-03-03,Malaysia,Hulu Langat,15
2023-03-03,Malaysia,Jempol,6
2023-07-08,Malaysia,Lawas,1
2023-04-10,Malaysia,Kuala Terengganu,1
2023-10-04,Malaysia,Seberang Perai Tengah,11
2023-03-17,Malaysia,Seberang Perai Utara,3
2023-03-17,Malaysia,Pasir Putih,2
2023-03-17,Malaysia,Sandakan,2
2023-10-18,Malaysia,Genting Highlands,41
2023-05-30,Malaysia,Johor Bahru,396
2023-05-30,Malaysia,Kuala Lumpur,503
2023-07-07,Malaysia,Klang,10
2023-07-07,Malaysia,Jempol,3
2023-08-14,Malaysia,Seberang Perai Tengah,5
2023-08-14,Malaysia,Port Dickson,43
2023-08-28,Malaysia,Johor Bahru,299
2023-08-28,Malaysia,Batu Pahat,4
2023-03-02,Malaysia,Seberang Perai Selatan,4
2023-09-10,Malaysia,Kinta,27
2023-09-10,Malaysia,Batu Pahat,2
2023-09-10,Malaysia,Kuala Selangor,5
2023-04-27,Malaysia,Manjung,1
2023-03-06,Malaysia,Seberang Perai Selatan,4
2023-10-15,Malaysia,Kuala Pilah,1
2023-10-15,Malaysia,Batang Padang,1
2023-08-17,Malaysia,Kuala Pilah,1
2023-08-17,Malaysia,Kuala Terengganu,18
2023-10-01,Malaysia,Alor Gajah,3
2023-11-22,Malaysia,Genting Highlands,7
2023-09-24,Malaysia,Kluang,10
2023-10-16,Malaysia,Barat Daya,3
2023-03-19,Malaysia,Segamat,3
2023-08-02,Malaysia,Putrajaya,1
2023-04-26,Malaysia,Tawau,5
2023-04-26,Malaysia,Rompin,3
2023-04-26,Malaysia,Kota Bharu,3
2023-09-23,Malaysia,Seberang Perai Tengah,8
2023-07-09,Malaysia,Port Dickson,32
2023-07-09,Malaysia,Kulim,2
2023-07-09,Malaysia,Rompin,1
2023-10-27,Malaysia,Mersing,1
2023-10-27,Malaysia,Kota Tinggi,9
2023-08-11,Malaysia,Mersing,1
2023-08-11,Malaysia,Alor Gajah,2
2023-07-04,Malaysia,Kuching,40
2023-07-04,Malaysia,Tampin,4
2023-08-25,Malaysia,Kuala Selangor,3
2023-11-20,Malaysia,Temerloh,4
2023-03-27,Malaysia,Shah Alam,9
2023-03-27,Malaysia,Kuala Terengganu,2
2023-03-27,Malaysia,Pekan,2
2023-02-06,Malaysia,Kuala Lumpur,211
2023-02-06,Malaysia,Muar,12
2023-02-06,Malaysia,Klang,12
2023-07-03,Malaysia,Kuala Lumpur,462
2023-10-28,Malaysia,Langkawi,64
2023-10-28,Malaysia,Batang Padang,1
2023-07-03,Malaysia,Keningau,1
2023-07-17,Malaysia,Kuala Lumpur,554
2023-07-17,Malaysia,Kluang,4
2023-07-17,Malaysia,Klang,9
2023-11-21,Malaysia,Kota Kinabalu,1
2023-03-16,Malaysia,Tawau,3
2023-10-25,Malaysia,Langkawi,141
2023-10-25,Malaysia,Pasir Putih,1
2023-10-25,Malaysia,Sabak Bernam,3
2023-09-20,Malaysia,Kluang,9
2023-09-30,Malaysia,Seremban,29
2023-10-11,Malaysia,Kuala Lumpur,598
2023-10-11,Malaysia,Seberang Perai Selatan,6
2023-08-27,Malaysia,Perlis,3
2023-07-06,Malaysia,Seremban,30
2023-07-06,Malaysia,Shah Alam,28
2023-08-13,Malaysia,Seremban,24
2023-03-01,Malaysia,Port Dickson,55
2023-03-01,Malaysia,Seberang Perai Selatan,5
2023-03-01,Malaysia,Kinta,98
2023-10-26,Malaysia,Mersing,1
2023-10-26,Malaysia,Temerloh,3
2023-07-06,Malaysia,Pontian,3
2023-03-29,Malaysia,Kubang Pasu,3
2023-03-01,Malaysia,Keningau,3
2023-07-19,Malaysia,Kuala Selangor,1
2023-07-05,Malaysia,Kluang,7
2023-03-14,Malaysia,Cameron Highlands,1
2023-09-02,Malaysia,Kluang,5
2023-11-19,Malaysia,Kluang,5
2023-08-09,Malaysia,Kuala Selangor,3
2023-05-26,Malaysia,Kinta,39
2023-05-26,Malaysia,Seberang Perai Tengah,13
2023-05-25,Malaysia,Cameron Highlands,2
2023-04-04,Malaysia,Seberang Perai Selatan,2
2023-04-04,Malaysia,Kota Setar,7
2023-01-20,Malaysia,Larut and Matang,1
2023-09-15,Malaysia,Malacca City,144
2023-04-18,Malaysia,Barat Daya,4
2023-04-18,Malaysia,Kampar,4
2023-11-16,Malaysia,Putrajaya,2
2023-09-29,Malaysia,Cameron Highlands,6
2023-11-05,Malaysia,Manjung,6
2023-06-20,Malaysia,Kota Setar,6
2023-09-04,Malaysia,Kota Bharu,3
2023-11-03,Malaysia,Seberang Perai Tengah,37
2023-01-23,Malaysia,Johor Bahru,179
2023-11-17,Malaysia,Kuala Muda,6
2023-11-17,Malaysia,Seberang Perai Utara,2
2023-01-22,Malaysia,Seberang Perai Selatan,1
2023-11-18,Malaysia,Muar,2
2023-09-19,Malaysia,Muar,9
2023-01-22,Malaysia,Ledang,1
2023-01-22,Malaysia,Tawau,1
2023-05-27,Malaysia,Kuala Muda,14
2023-04-15,Malaysia,Kuala Muda,9
2023-04-15,Malaysia,Klang,7
2023-10-07,Malaysia,Kampar,2
2023-11-01,Malaysia,Temerloh,3
2023-08-19,Malaysia,Kinta,27
2023-04-14,Malaysia,Bintulu,1
2023-04-14,Malaysia,Temerloh,1
2023-01-31,Malaysia,Cameron Highlands,3
2023-11-15,Malaysia,Penang Island,332
2023-08-18,Malaysia,Johor Bahru,238
2023-08-18,Malaysia,Kota Kinabalu,4
2023-04-13,Malaysia,Lahad Datu,2
2023-04-13,Malaysia,Batu Pahat,2
2023-09-25,Malaysia,Kuala Lumpur,466
2023-09-28,Malaysia,Ranau,1
2023-11-13,Malaysia,Jempol,2
2023-08-07,Malaysia,Kinta,40
2023-09-14,Malaysia,Batu Pahat,1
2023-05-24,Malaysia,Bentong,46
2023-05-23,Malaysia,Keningau,3
2023-05-23,Malaysia,Pendang,1
2023-01-30,Malaysia,Keningau,1
2023-01-30,Malaysia,Perlis,3
2023-01-30,Malaysia,Mersing,1
2023-04-03,Malaysia,Seberang Perai Selatan,1
2023-04-03,Malaysia,Segamat,3
2023-04-03,Malaysia,Pontian,1
2023-09-27,Malaysia,Jempol,7
2023-10-05,Malaysia,Kulaijaya,19
2023-10-05,Malaysia,Kota Kinabalu,6
2023-10-05,Malaysia,Seberang Perai Tengah,9
2023-06-13,Malaysia,Kuantan,10
2023-06-13,Malaysia,Bera,4
2023-06-13,Malaysia,Bachok,1
2023-03-09,Malaysia,Seberang Perai Tengah,21
2023-03-09,Malaysia,Shah Alam,15
2023-11-13,Malaysia,Kuala Pilah,2
2023-11-12,Malaysia,Kulim,1
2023-02-22,Malaysia,Kuala Lumpur,361
2023-08-06,Malaysia,Kulaijaya,15
2023-08-06,Malaysia,Lawas,2
2023-05-06,Malaysia,Tampin,3
2023-05-06,Malaysia,Ranau,2
2023-09-13,Malaysia,Kuala Pilah,1
2023-04-01,Malaysia,Hulu Langat,16
2023-04-01,Malaysia,Barat Daya,7
2023-04-02,Malaysia,Tawau,1
2023-04-02,Malaysia,Batang Padang,1
2023-04-02,Malaysia,Lawas,1
2023-06-27,Malaysia,Kuala Muda,7
2023-06-27,Malaysia,Marang,1
2023-02-21,Malaysia,Kuala Pilah,2
2023-02-21,Malaysia,Batu Pahat,12
2023-02-21,Malaysia,Lahad Datu,3
2023-02-21,Malaysia,Labuan,1
2023-06-01,Malaysia,Keningau,2
2023-02-10,Malaysia,Kota Tinggi,11
2023-02-10,Malaysia,Keningau,6
2023-10-30,Malaysia,Perak Tengah,2
2023-05-05,Malaysia,Keningau,1
2023-07-22,Malaysia,Seremban,27
2023-02-10,Malaysia,Seberang Perai Selatan,2
2023-02-10,Malaysia,Kuala Selangor,1
2023-03-31,Malaysia,Kota Tinggi,5
2023-06-29,Malaysia,Seberang Perai Tengah,7
2023-06-29,Malaysia,Rompin,4
2023-06-29,Malaysia,Lawas,1
2023-05-19,Malaysia,Perlis,1
2023-05-08,Malaysia,Malacca City,173
2023-05-08,Malaysia,Kuantan,10
2023-05-08,Malaysia,Kota Kinabalu,9
2023-01-15,Malaysia,Seberang Perai Selatan,1
2023-01-14,Malaysia,Kota Bharu,1
2023-01-17,Malaysia,Seberang Perai Tengah,3
2023-01-17,Malaysia,Ledang,1
2023-01-17,Malaysia,Lawas,1
2023-01-17,Malaysia,Alor Gajah,1
2023-01-02,Malaysia,Johor Bahru,112
2023-06-15,Malaysia,Batang Padang,1
2023-04-09,Malaysia,Seberang Perai Selatan,2
2023-06-26,Malaysia,Batu Pahat,3
2023-06-23,Malaysia,Cameron Highlands,3
2023-06-23,Malaysia,Ranau,3
2023-01-11,Malaysia,Kuala Lumpur,308
2023-06-28,Malaysia,Langkawi,44
2023-05-02,Malaysia,Batu Pahat,8
2023-07-20,Malaysia,Cameron Highlands,9
2023-07-20,Malaysia,Klang,6
2023-07-20,Malaysia,Kota Tinggi,19
2023-05-07,Malaysia,Langkawi,28
2023-03-30,Malaysia,Bentong,54
2023-03-30,Malaysia,Kota Bharu,4
2023-02-23,Malaysia,Kampar,4
2023-06-23,Malaysia,Mersing,8
2023-06-23,Malaysia,Kluang,11
2023-04-08,Malaysia,Penang Island,127
2023-01-16,Malaysia,Penang Island,121
2023-01-16,Malaysia,Bentong,17
2023-09-06,Malaysia,Kota Bharu,2
2023-02-24,Malaysia,Kota Kinabalu,19
2023-02-24,Malaysia,Kampar,7
2023-07-21,Malaysia,Kuching,36
2023-07-21,Malaysia,Pekan,3
2023-07-21,Malaysia,Sandakan,3
2023-05-01,Malaysia,Kinta,39
2023-01-13,Malaysia,Barat Daya,2
2023-01-28,Malaysia,Seremban,37
2023-01-28,Malaysia,Port Dickson,23
2023-01-28,Malaysia,Besut,1
2023-01-28,Malaysia,Seberang Perai Utara,3
2023-09-08,Malaysia,Seberang Perai Utara,1
2023-06-22,Malaysia,Ranau,1
2023-11-07,Malaysia,Putrajaya,1
2023-02-20,Malaysia,Ledang,2
2023-05-04,Malaysia,Bentong,37
2023-05-04,Malaysia,Kuala Selangor,1
2023-06-21,Malaysia,Kinta,34
2023-06-21,Malaysia,Barat Daya,6
2023-11-06,Malaysia,Kuala Muda,9
2023-06-10,Malaysia,Hulu Langat,2
2023-06-24,Malaysia,Larut and Matang,1
2023-01-27,Malaysia,Malacca City,136
2023-01-26,Malaysia,Jempol,4
2023-06-25,Malaysia,Johor Bahru,255
2023-09-07,Malaysia,Ledang,1
2023-09-07,Malaysia,Lawas,1
2023-07-30,Malaysia,Seremban,22
2023-07-30,Malaysia,Kota Kinabalu,3
2023-02-17,Malaysia,Seberang Perai Tengah,15
2023-02-17,Malaysia,Cameron Highlands,2
2023-04-30,Malaysia,Malacca City,167
2023-06-07,Malaysia,Miri,3
2023-06-07,Malaysia,Kuala Terengganu,5
2023-06-07,Malaysia,Kuala Muda,6
2023-06-07,Malaysia,Kluang,5
2023-07-28,Malaysia,Kuantan,4
2023-02-02,Malaysia,Kampar,12
2023-03-23,Malaysia,Langkawi,53
2023-08-20,Malaysia,Alor Gajah,1
2023-10-24,Malaysia,Kampar,4
2023-10-24,Malaysia,Manjung,3
2023-10-24,Malaysia,Larut and Matang,1
2023-10-24,Malaysia,Seberang Perai Utara,2
2023-01-09,Malaysia,Putrajaya,2
2023-03-22,Malaysia,Langkawi,40
2023-06-06,Malaysia,Seberang Perai Selatan,3
2023-07-27,Malaysia,Kuantan,4
2023-02-15,Malaysia,Malacca City,113
2023-02-15,Malaysia,Muar,22
2023-02-15,Malaysia,Kubang Pasu,4
2023-02-15,Malaysia,Tambunan,1
2023-02-05,Malaysia,Bintulu,2
2023-08-23,Malaysia,Batu Pahat,12
2023-03-26,Malaysia,Miri,2
2023-03-26,Malaysia,Port Dickson,5
2023-02-19,Malaysia,Kota Tinggi,10
2023-02-19,Malaysia,Kubang Pasu,2
2023-03-11,Malaysia,Shah Alam,6
2023-07-16,Malaysia,Miri,4
2023-02-04,Malaysia,Larut and Matang,2
2023-02-04,Malaysia,Marang,1
2023-03-25,Malaysia,Hulu Langat,21
2023-03-25,Malaysia,Labuan,1
2023-06-09,Malaysia,Langkawi,36
2023-06-09,Malaysia,Rompin,3
2023-07-15,Malaysia,Bintulu,1
2023-02-18,Malaysia,Mersing,2
2023-07-01,Malaysia,Kuala Lumpur,348
2023-07-01,Malaysia,Tawau,1
2023-10-22,Malaysia,Kampar,2
2023-07-29,Malaysia,Manjung,1
2023-03-10,Malaysia,Kulaijaya,15
2023-03-10,Malaysia,Segamat,3
2023-06-08,Malaysia,Kinta,47
2023-06-08,Malaysia,Klang,6
2023-06-08,Malaysia,Jempol,1
2023-03-24,Malaysia,Kuala Muda,8
2023-02-03,Malaysia,Kota Tinggi,19
2023-02-03,Malaysia,Lahad Datu,2
2023-02-03,Malaysia,Perak Tengah,1
2023-01-06,Malaysia,Jeli,1
2023-02-27,Malaysia,Klang,4
2023-02-27,Malaysia,Ranau,1
2023-07-24,Malaysia,Shah Alam,11
2023-02-12,Malaysia,Kuching,12
2023-02-12,Malaysia,Cameron Highlands,7
2023-02-12,Malaysia,Tuaran,1
2023-06-17,Malaysia,Manjung,3
2023-01-19,Malaysia,Kampar,2
2023-06-02,Malaysia,Hulu Langat,7
2023-06-16,Malaysia,Cameron Highlands,2
2023-06-16,Malaysia,Alor Gajah,1
2023-02-11,Malaysia,Kota Tinggi,14
2023-02-11,Malaysia,Batang Padang,1
2023-10-20,Malaysia,Muar,12
2023-10-20,Malaysia,Kota Setar,7
2023-10-20,Malaysia,Seberang Perai Selatan,5
2023-07-12,Malaysia,Kuching,19
2023-06-05,Malaysia,Kuala Lumpur,408
2023-01-04,Malaysia,Seberang Perai Tengah,3
2023-07-12,Malaysia,Mersing,18
2023-01-08,Malaysia,Klang,2
2023-07-26,Malaysia,Klang,13
2023-07-26,Malaysia,Johor Bahru,170
2023-06-19,Malaysia,Seremban,14
2023-06-19,Malaysia,Raub,8
2023-02-14,Malaysia,Semporna,2
2023-10-31,Malaysia,Kulaijaya,22
2023-03-21,Malaysia,Seberang Perai Tengah,7
2023-02-14,Malaysia,Kemaman,3
2023-02-28,Malaysia,Tawau,2
2023-02-28,Malaysia,Mersing,1
2023-06-04,Malaysia,Kuala Terengganu,2
2023-07-11,Malaysia,Klang,6
2023-06-18,Malaysia,Kuala Terengganu,9
2023-07-25,Malaysia,Miri,1
2023-07-25,Malaysia,Sibu,1
2023-02-13,Malaysia,Hulu Langat,16
2023-08-31,Malaysia,Kota Kinabalu,1
2023-04-25,Malaysia,Batu Pahat,2
2023-03-04,Malaysia,Bentong,32
2023-03-04,Malaysia,Pekan,2
2023-10-03,Malaysia,Segamat,1
2023-08-15,Malaysia,Miri,1
2023-08-15,Malaysia,Kuala Muda,9
2023-08-29,Malaysia,Kampar,4
2023-08-29,Malaysia,Kuala Selangor,3
2023-05-31,Malaysia,Penang Island,177
2023-05-31,Malaysia,Kulaijaya,14
2023-05-31,Malaysia,Cameron Highlands,4
2023-05-31,Malaysia,Ranau,3
2023-05-31,Malaysia,Kota Bharu,1
2023-07-08,Malaysia,Penang Island,210
2023-07-08,Malaysia,Kulaijaya,31
2023-04-10,Malaysia,Kuching,18
2023-04-10,Malaysia,Batang Padang,1
2023-11-10,Malaysia,Kuala Langat,1
2023-09-21,Malaysia,Seberang Perai Selatan,7
2023-10-04,Malaysia,Port Dickson,17
2023-10-04,Malaysia,Malacca City,195
2023-03-17,Malaysia,Penang Island,167
2023-03-17,Malaysia,Malacca City,118
2023-10-18,Malaysia,Penang Island,223
2023-07-07,Malaysia,Perlis,3
2023-08-28,Malaysia,Tuaran,1
2023-03-02,Malaysia,Kuching,52
2023-03-02,Malaysia,Putrajaya,1
2023-03-02,Malaysia,Tawau,1
2023-09-10,Malaysia,Hulu Langat,5
2023-10-19,Malaysia,Barat Daya,8
2023-10-19,Malaysia,Seberang Perai Selatan,8
2023-04-23,Malaysia,Batu Pahat,2
2023-11-11,Malaysia,Muar,11
2023-11-11,Malaysia,Manjung,4
2023-04-27,Malaysia,Kuala Muda,8
2023-03-06,Malaysia,Labuan,1
2023-10-15,Malaysia,Klang,13
2023-10-15,Malaysia,Kubang Pasu,1
2023-10-01,Malaysia,Langkawi,81
2023-11-22,Malaysia,Seremban,4
2023-04-12,Malaysia,Kulim,1
2023-04-12,Malaysia,Port Dickson,4
2023-04-12,Malaysia,Kuala Langat,3
2023-03-19,Malaysia,Kulim,1
2023-03-19,Malaysia,Kota Setar,13
2023-03-19,Malaysia,Kuala Muda,5
2023-09-23,Malaysia,Kulaijaya,17
2023-07-09,Malaysia,Seberang Perai Selatan,1
2023-07-09,Malaysia,Tampin,1
2023-10-27,Malaysia,Malacca City,208
2023-04-11,Malaysia,Rompin,1
2023-02-07,Malaysia,Ranau,1
2023-08-11,Malaysia,Seremban,34
2023-07-04,Malaysia,Kuala Lumpur,448
2023-04-20,Malaysia,Kinta,40
2023-04-20,Malaysia,Kuala Selangor,4
2023-04-20,Malaysia,Kulaijaya,13
2023-04-20,Malaysia,Hulu Langat,4
2023-07-18,Malaysia,Seremban,21
2023-07-18,Malaysia,Langkawi,63
2023-11-20,Malaysia,Kulaijaya,29
2023-03-27,Malaysia,Batang Padang,1
2023-08-10,Malaysia,Kota Bharu,3
2023-08-10,Malaysia,Batang Padang,8
2023-03-13,Malaysia,Klang,8
2023-03-13,Malaysia,Manjung,2
2023-07-03,Malaysia,Shah Alam,14
2023-03-12,Malaysia,Manjung,2
2023-10-25,Malaysia,Genting Highlands,50
2023-10-25,Malaysia,Batu Pahat,7
2023-09-30,Malaysia,Seberang Perai Tengah,8
2023-10-11,Malaysia,Tawau,1
2023-02-09,Malaysia,Kinta,60
2023-02-09,Malaysia,Kuala Terengganu,10
2023-08-27,Malaysia,Johor Bahru,221
2023-07-06,Malaysia,Segamat,2
2023-03-15,Malaysia,Kuala Pilah,2
2023-03-15,Malaysia,Bentong,22
2023-03-15,Malaysia,Alor Gajah,1
2023-03-29,Malaysia,Jempol,1
2023-03-29,Malaysia,Kampar,5
2023-02-08,Malaysia,Kota Bharu,2
2023-08-26,Malaysia,Besut,2
2023-08-26,Malaysia,Kubang Pasu,1
2023-08-26,Malaysia,Batang Padang,2
2023-04-21,Malaysia,Kota Kinabalu,7
2023-04-21,Malaysia,Segamat,1
2023-04-21,Malaysia,Manjung,1
2023-10-12,Malaysia,Penang Island,238
2023-07-19,Malaysia,Langkawi,46
2023-07-19,Malaysia,Kuala Terengganu,10
2023-07-05,Malaysia,Muar,5
2023-07-05,Malaysia,Kota Kinabalu,6
2023-03-14,Malaysia,Penang Island,171
2023-11-04,Malaysia,Kota Kinabalu,2
2023-04-19,Malaysia,Kota Kinabalu,7
2023-08-09,Malaysia,Seberang Perai Tengah,6
2023-08-09,Malaysia,Tampin,1
2023-05-26,Malaysia,Langkawi,57
2023-05-26,Malaysia,Port Dickson,39
2023-05-26,Malaysia,Penampang,3
2023-05-26,Malaysia,Pontian,2
2023-01-20,Malaysia,Seberang Perai Tengah,2
2023-09-15,Malaysia,Kota Bharu,1
2023-04-18,Malaysia,Bentong,40
2023-09-29,Malaysia,Barat Daya,4
2023-08-08,Malaysia,Barat Daya,8
2023-08-08,Malaysia,Pendang,1
2023-11-02,Malaysia,Kuala Lumpur,865
2023-05-28,Malaysia,Penang Island,190
2023-09-04,Malaysia,Port Dickson,29
2023-09-04,Malaysia,Kuantan,18
2023-09-04,Malaysia,Alor Gajah,1
2023-11-03,Malaysia,Kota Tinggi,31
2023-09-18,Malaysia,Johor Bahru,265
2023-09-18,Malaysia,Cameron Highlands,2
2023-09-18,Malaysia,Seberang Perai Selatan,10
2023-01-23,Malaysia,Jempol,1
2023-11-17,Malaysia,Kuala Terengganu,2
2023-06-20,Malaysia,Seberang Perai Tengah,8
2023-01-22,Malaysia,Kota Setar,4
2023-01-22,Malaysia,Seremban,35
2023-01-22,Malaysia,Kuching,14
2023-11-18,Malaysia,Hulu Langat,10
2023-05-13,Malaysia,Malacca City,103
2023-05-13,Malaysia,Kota Kinabalu,4
2023-09-03,Malaysia,Kulaijaya,19
2023-09-03,Malaysia,Seremban,23
2023-09-03,Malaysia,Kota Tinggi,18
2023-05-12,Malaysia,Kuching,25
2023-05-12,Malaysia,Kampar,6
2023-04-15,Malaysia,Shah Alam,10
2023-04-29,Malaysia,Johor Bahru,279
2023-09-26,Malaysia,Kuantan,28
2023-11-01,Malaysia,Perlis,2
2023-10-08,Malaysia,Kuala Pilah,3
2023-10-08,Malaysia,Port Dickson,23
2023-09-26,Malaysia,Lawas,1
2023-01-31,Malaysia,Miri,1
2023-09-11,Malaysia,Hulu Selangor,1
2023-05-20,Malaysia,Miri,10
2023-04-28,Malaysia,Port Dickson,16
2023-04-28,Malaysia,Kampar,10
2023-09-12,Malaysia,Kuching,22
2023-09-12,Malaysia,Kota Bharu,1
2023-09-12,Malaysia,Malacca City,185
2023-11-15,Malaysia,Kota Tinggi,23
2023-03-07,Malaysia,Langkawi,80
2023-03-07,Malaysia,Penampang,1
2023-03-07,Malaysia,Hulu Langat,26
2023-03-07,Malaysia,Seremban,38
2023-03-07,Malaysia,Cameron Highlands,5
2023-08-04,Malaysia,Manjung,3
2023-08-18,Malaysia,Barat Daya,14
2023-04-13,Malaysia,Cameron Highlands,1
2023-04-13,Malaysia,Pasir Putih,1
2023-04-13,Malaysia,Rompin,1
2023-09-25,Malaysia,Seberang Perai Selatan,5
2023-10-09,Malaysia,Kuala Terengganu,4
2023-09-14,Malaysia,Kuching,22
2023-09-28,Malaysia,Kinta,51
2023-09-28,Malaysia,Kota Bharu,1
2023-11-13,Malaysia,Langkawi,95
2023-05-24,Malaysia,Kubang Pasu,3
2023-04-16,Malaysia,Port Dickson,6
2023-04-16,Malaysia,Mersing,3
2023-04-16,Malaysia,Tawau,3
2023-10-06,Malaysia,Manjung,1
2023-05-23,Malaysia,Kuala Pilah,2
2023-05-23,Malaysia,Kluang,1
2023-01-30,Malaysia,Kuala Lumpur,230
2023-01-30,Malaysia,Batu Pahat,12
2023-04-03,Malaysia,Penang Island,168
2023-04-03,Malaysia,Lahad Datu,1
2023-06-30,Malaysia,Ledang,1
2023-03-09,Malaysia,Kota Setar,17
2023-05-22,Malaysia,Kuala Lumpur,456
2023-11-12,Malaysia,Kuching,21
2023-11-12,Malaysia,Kuala Muda,13
2023-09-13,Malaysia,Kuala Terengganu,3
2023-05-22,Malaysia,Cameron Highlands,1
2023-04-02,Malaysia,Kulim,2
2023-06-26,Malaysia,Kinta,22
2023-05-05,Malaysia,Lawas,1
2023-01-18,Malaysia,Johor Bahru,140
2023-02-21,Malaysia,Kulaijaya,17
2023-02-21,Malaysia,Langkawi,67
2023-02-21,Malaysia,Kuala Langat,3
2023-06-01,Malaysia,Kluang,4
2023-06-01,Malaysia,Kemaman,1
2023-06-11,Malaysia,Jempol,1
2023-01-29,Malaysia,Segamat,7
2023-05-05,Malaysia,Kuala Pilah,1
2023-05-05,Malaysia,Kota Kinabalu,9
2023-07-22,Malaysia,Barat Daya,3
2023-03-31,Malaysia,Malacca City,80
2023-03-31,Malaysia,Barat Daya,9
2023-06-29,Malaysia,Kuantan,4
2023-05-08,Malaysia,Pasir Putih,1
2023-01-14,Malaysia,Jeli,1
2023-01-17,Malaysia,Kuala Muda,3
2023-01-17,Malaysia,Setiu,1
2023-01-02,Malaysia,Langkawi,37
2023-01-02,Malaysia,Tawau,3
2023-06-14,Malaysia,Kota Bharu,4
2023-06-14,Malaysia,Raub,1
2023-06-15,Malaysia,Seberang Perai Utara,2
2023-06-26,Malaysia,Tampin,1
2023-06-23,Malaysia,Perak Tengah,1
2023-06-28,Malaysia,Barat Daya,4
2023-06-28,Malaysia,Tampin,1
2023-07-20,Malaysia,Kuala Muda,7
2023-07-20,Malaysia,Keningau,1
2023-05-07,Malaysia,Muar,3
2023-05-07,Malaysia,Batu Pahat,4
2023-05-07,Malaysia,Pekan,1
2023-03-30,Malaysia,Muar,6
2023-03-30,Malaysia,Shah Alam,9
2023-03-30,Malaysia,Pontian,3
2023-03-30,Malaysia,Kota Kinabalu,6
2023-04-08,Malaysia,Alor Gajah,2
2023-01-24,Malaysia,Tawau,1
2023-05-15,Malaysia,Kuantan,17
2023-01-10,Malaysia,Kuching,25
2023-01-10,Malaysia,Muar,16
2023-01-10,Malaysia,Larut and Matang,1
2023-05-16,Malaysia,Kota Setar,9
2023-01-16,Malaysia,Pontian,1
2023-05-29,Malaysia,Malacca City,199
2023-09-05,Malaysia,Kluang,13
2023-09-06,Malaysia,Barat Daya,3
2023-09-06,Malaysia,Kota Tinggi,19
2023-02-24,Malaysia,Hulu Langat,29
2023-02-24,Malaysia,Lahad Datu,2
2023-02-24,Malaysia,Ledang,1
2023-05-01,Malaysia,Larut and Matang,1
2023-05-01,Malaysia,Bentong,26
2023-05-01,Malaysia,Kubang Pasu,1
2023-09-05,Malaysia,Kota Setar,1
2023-01-13,Malaysia,Ledang,1
2023-01-28,Malaysia,Kuala Terengganu,1
2023-09-08,Malaysia,Malacca City,190
2023-02-20,Malaysia,Johor Bahru,220
2023-05-04,Malaysia,Kemaman,1
2023-06-21,Malaysia,Seberang Perai Selatan,3
2023-05-03,Malaysia,Seremban,30
2023-06-10,Malaysia,Johor Bahru,222
2023-06-10,Malaysia,Temerloh,1
2023-06-10,Malaysia,Kota Setar,7
2023-06-10,Malaysia,Pekan,1
2023-06-10,Malaysia,Seberang Perai Utara,1
2023-01-12,Malaysia,Semporna,1
2023-01-12,Malaysia,Kota Bharu,9
2023-01-26,Malaysia,Penang Island,122
2023-01-26,Malaysia,Kota Tinggi,7
2023-01-26,Malaysia,Langkawi,65
2023-05-17,Malaysia,Kota Tinggi,13
2023-05-17,Malaysia,Kuala Langat,2
2023-09-08,Malaysia,Hulu Langat,4
2023-09-08,Malaysia,Kuala Muda,2
2023-09-08,Malaysia,Batang Padang,3
2023-09-08,Malaysia,Kota Bharu,2
2023-07-31,Malaysia,Batang Padang,12
2023-09-07,Malaysia,Perlis,2
2023-09-07,Malaysia,Kinta,50
2023-09-07,Malaysia,Kota Bharu,2
2023-07-30,Malaysia,Rompin,3
2023-11-08,Malaysia,Manjung,5
2023-08-21,Malaysia,Kuala Selangor,2
2023-07-14,Malaysia,Malacca City,147
2023-07-14,Malaysia,Bentong,33
2023-04-30,Malaysia,Hulu Langat,8
2023-04-30,Malaysia,Batu Pahat,1
2023-10-23,Malaysia,Barat Daya,11
2023-10-23,Malaysia,Hulu Langat,5
2023-10-23,Malaysia,Malacca City,167
2023-07-28,Malaysia,Johor Bahru,229
2023-07-28,Malaysia,Kuala Pilah,1
2023-03-23,Malaysia,Kuching,22
2023-02-16,Malaysia,Shah Alam,60
2023-02-16,Malaysia,Manjung,3
2023-01-09,Malaysia,Kluang,1
2023-02-01,Malaysia,Rompin,1
2023-03-22,Malaysia,Shah Alam,7
2023-06-06,Malaysia,Klang,3
2023-06-06,Malaysia,Ranau,3
2023-07-27,Malaysia,Lawas,1
2023-02-15,Malaysia,Kota Bharu,9
2023-10-10,Malaysia,Kota Kinabalu,3
2023-02-05,Malaysia,Jempol,3
2023-08-23,Malaysia,Johor Bahru,253
2023-07-02,Malaysia,Kuala Lumpur,403
2023-07-02,Malaysia,Cameron Highlands,5
2023-07-02,Malaysia,Sibu,1
2023-07-02,Malaysia,Manjung,2
2023-03-26,Malaysia,Kinta,22
2023-03-11,Malaysia,Kinta,19
2023-03-11,Malaysia,Kota Setar,5
2023-02-19,Malaysia,Bintulu,2
2023-07-16,Malaysia,Kuching,18
2023-07-16,Malaysia,Kuala Terengganu,7
2023-07-16,Malaysia,Samarahan,1
2023-02-04,Malaysia,Bera,1
2023-03-25,Malaysia,Perak Tengah,2
2023-02-18,Malaysia,Penang Island,223
2023-02-18,Malaysia,Kubang Pasu,4
2023-07-01,Malaysia,Hulu Langat,3
2023-03-10,Malaysia,Seberang Perai Tengah,13
2023-03-10,Malaysia,Kuching,38
2023-03-10,Malaysia,Klang,11
2023-02-03,Malaysia,Barat Daya,2
2023-02-03,Malaysia,Pontian,1
2023-02-27,Malaysia,Ledang,1
2023-07-24,Malaysia,Kinta,36
2023-07-24,Malaysia,Kulaijaya,21
2023-06-03,Malaysia,Kemaman,3
2023-02-12,Malaysia,Kinta,41
2023-02-12,Malaysia,Port Dickson,8
2023-02-12,Malaysia,Batu Pahat,1
2023-06-17,Malaysia,Perlis,2
2023-06-17,Malaysia,Kluang,1
2023-06-17,Malaysia,Kemaman,1
2023-01-05,Malaysia,Kampar,6
2023-01-05,Malaysia,Kota Bharu,3
2023-07-23,Malaysia,Kulim,1
2023-07-23,Malaysia,Manjung,1
2023-01-19,Malaysia,Miri,4
2023-06-02,Malaysia,Rompin,2
2023-06-16,Malaysia,Kuala Langat,2
2023-05-09,Malaysia,Batu Pahat,5
2023-05-09,Malaysia,Kota Tinggi,11
2023-02-11,Malaysia,Shah Alam,19
2023-02-11,Malaysia,Kuala Muda,7
2023-10-20,Malaysia,Hulu Langat,4
2023-10-20,Malaysia,Kuala Terengganu,7
2023-02-25,Malaysia,Kuala Muda,1
2023-02-25,Malaysia,Lahad Datu,3
2023-06-05,Malaysia,Kuantan,7
2023-06-05,Malaysia,Lawas,2
2023-07-12,Malaysia,Batang Padang,3
2023-01-08,Malaysia,Seberang Perai Selatan,3
2023-07-26,Malaysia,Kuala Muda,9
2023-02-14,Malaysia,Bintulu,1
2023-02-14,Malaysia,Tawau,10
2023-10-31,Malaysia,Shah Alam,14
2023-03-21,Malaysia,Segamat,3
2023-02-28,Malaysia,Penang Island,252
2023-02-28,Malaysia,Malacca City,163
2023-02-28,Malaysia,Larut and Matang,1
2023-02-28,Malaysia,Perlis,10
2023-01-07,Malaysia,Jempol,1
2023-03-20,Malaysia,Perak Tengah,1
2023-06-18,Malaysia,Kota Setar,4
2023-07-10,Malaysia,Port Dickson,31
2023-07-25,Malaysia,Muar,5
2023-02-13,Malaysia,Shah Alam,29
2023-02-13,Malaysia,Maran,2
2023-08-31,Malaysia,Kuala Lumpur,418
2023-08-31,Malaysia,Batu Pahat,6
2023-08-31,Malaysia,Bintulu,1
2023-08-31,Malaysia,Rompin,4
2023-04-25,Malaysia,Seremban,24
2023-04-25,Malaysia,Seberang Perai Tengah,13
2023-04-25,Malaysia,Kampar,6
2023-04-25,Malaysia,Lahad Datu,1
2023-10-17,Malaysia,Tampin,1
2023-08-01,Malaysia,Kuala Muda,14
2023-09-22,Malaysia,Ranau,1
2023-03-04,Malaysia,Manjung,1
2023-03-18,Malaysia,Segamat,2
2023-08-29,Malaysia,Jempol,2
2023-03-03,Malaysia,Kulaijaya,13
2023-04-10,Malaysia,Kota Setar,5
2023-04-10,Malaysia,Kota Tinggi,4
2023-11-10,Malaysia,Shah Alam,23
2023-11-10,Malaysia,Kampar,8
2023-09-21,Malaysia,Rompin,2
2023-10-04,Malaysia,Kota Kinabalu,5
2023-03-17,Malaysia,Hilir Perak,2
2023-10-18,Malaysia,Johor Bahru,192
2023-10-18,Malaysia,Kuala Selangor,1
2023-05-30,Malaysia,Malacca City,211
2023-05-30,Malaysia,Kluang,13
2023-05-30,Malaysia,Ranau,4
2023-07-07,Malaysia,Kota Kinabalu,7
2023-08-14,Malaysia,Malacca City,194
2023-08-28,Malaysia,Tampin,1
2023-03-02,Malaysia,Kinta,80
2023-03-02,Malaysia,Shah Alam,31
2023-09-10,Malaysia,Seberang Perai Tengah,9
2023-09-10,Malaysia,Kuala Terengganu,5
2023-11-11,Malaysia,Jempol,4
2023-10-29,Malaysia,Kota Tinggi,11
2023-10-29,Malaysia,Kuala Terengganu,8
2023-03-06,Malaysia,Temerloh,2
2023-10-15,Malaysia,Barat Daya,6
2023-08-17,Malaysia,Kota Bharu,4
2023-08-17,Malaysia,Batu Pahat,1
2023-03-05,Malaysia,Kampar,4
2023-04-12,Malaysia,Alor Gajah,1
2023-03-19,Malaysia,Miri,7
2023-10-02,Malaysia,Kuching,30
2023-10-02,Malaysia,Seberang Perai Selatan,10
2023-08-02,Malaysia,Penang Island,175
2023-08-02,Malaysia,Muar,8
2023-08-02,Malaysia,Shah Alam,11
2023-04-26,Malaysia,Mersing,1
2023-07-09,Malaysia,Kuala Selangor,3
2023-02-07,Malaysia,Penampang,5
2023-07-04,Malaysia,Bentong,36
2023-07-04,Malaysia,N/A,1
2023-08-25,Malaysia,Port Dickson,56
2023-04-20,Malaysia,Kota Tinggi,9
2023-07-18,Malaysia,Kuala Pilah,1
2023-07-18,Malaysia,Port Dickson,22
2023-03-27,Malaysia,Seremban,13
2023-03-27,Malaysia,Lawas,3
2023-02-06,Malaysia,Johor Bahru,224
2023-02-06,Malaysia,Segamat,1
2023-07-03,Malaysia,Perak Tengah,1
2023-10-28,Malaysia,Kampar,2
2023-10-28,Malaysia,Temerloh,3
2023-10-28,Malaysia,Johor Bahru,230
2023-07-03,Malaysia,Kuala Muda,8
2023-07-03,Malaysia,Pontian,1
2023-10-14,Malaysia,Kuala Lumpur,421
2023-10-14,Malaysia,Genting Highlands,35
2023-10-14,Malaysia,Seberang Perai Utara,5
2023-07-17,Malaysia,Kota Kinabalu,3
2023-03-12,Malaysia,Kulim,2
2023-11-21,Malaysia,Malacca City,168
2023-10-25,Malaysia,Shah Alam,18
2023-09-20,Malaysia,Kulaijaya,24
2023-10-11,Malaysia,Cameron Highlands,2
2023-02-09,Malaysia,Segamat,5
2023-02-09,Malaysia,Kota Bharu,14
2023-08-27,Malaysia,Perak Tengah,1
2023-08-13,Malaysia,Penang Island,160
2023-08-13,Malaysia,Kota Setar,2
2023-08-13,Malaysia,Shah Alam,2
2023-08-13,Malaysia,Kuala Selangor,2
2023-03-01,Malaysia,Seberang Perai Tengah,18
2023-10-26,Malaysia,Putatan,1
2023-03-15,Malaysia,Kinta,21
2023-03-15,Malaysia,Kubang Pasu,2
2023-03-29,Malaysia,Ledang,1
2023-02-08,Malaysia,Rompin,2
2023-08-26,Malaysia,Kota Kinabalu,6
2023-08-26,Malaysia,Kluang,5
2023-08-26,Malaysia,Pasir Putih,1
2023-04-21,Malaysia,Kuala Selangor,3
2023-10-12,Malaysia,Johor Bahru,214
2023-10-12,Malaysia,Malacca City,178
2023-07-19,Malaysia,Kubang Pasu,1
2023-07-19,Malaysia,Bintulu,1
2023-03-14,Malaysia,Ranau,4
2023-11-04,Malaysia,Kluang,4
2023-09-02,Malaysia,Seberang Perai Selatan,7
2023-09-02,Malaysia,Hulu Langat,4
2023-01-21,Malaysia,Seberang Perai Tengah,3
2023-01-21,Malaysia,Kuala Selangor,3
2023-04-19,Malaysia,Putrajaya,3
2023-08-09,Malaysia,Port Dickson,34
2023-05-26,Malaysia,Kuala Selangor,2
2023-05-26,Malaysia,Kota Tinggi,22
2023-05-11,Malaysia,Kuching,29
2023-09-01,Malaysia,Larut and Matang,1
2023-04-04,Malaysia,Penampang,1
2023-01-20,Malaysia,Malacca City,130
2023-01-20,Malaysia,Batu Pahat,15
2023-01-20,Malaysia,Batang Padang,1
2023-09-15,Malaysia,Kulaijaya,19
2023-09-15,Malaysia,Kota Setar,20
2023-04-18,Malaysia,Segamat,2
2023-11-16,Malaysia,Johor Bahru,175
2023-11-16,Malaysia,Miri,3
2023-11-05,Malaysia,Penang Island,185
2023-04-07,Malaysia,Kota Setar,10
2023-04-07,Malaysia,Langkawi,53
2023-04-07,Malaysia,Kota Bharu,4
2023-11-02,Malaysia,Segamat,1
2023-11-16,Malaysia,Manjung,4
2023-09-29,Malaysia,Kuala Pilah,1
2023-05-28,Malaysia,Kuala Pilah,2
2023-06-20,Malaysia,Penang Island,225
2023-11-03,Malaysia,Jasin,1
2023-11-03,Malaysia,Tawau,2
2023-09-18,Malaysia,Kuching,21
2023-09-18,Malaysia,Seremban,35
2023-09-18,Malaysia,Batu Pahat,3
2023-01-23,Malaysia,Kuching,18
2023-01-23,Malaysia,Kota Bharu,4
2023-01-22,Malaysia,Hulu Langat,5
2023-09-17,Malaysia,Muar,3
2023-05-13,Malaysia,Kinta,32
2023-05-13,Malaysia,Barat Daya,1
2023-05-14,Malaysia,Seberang Perai Tengah,5
2023-05-12,Malaysia,Kulaijaya,22
2023-11-14,Malaysia,Manjung,3
2023-11-14,Malaysia,Seremban,18
2023-04-15,Malaysia,Penampang,3
2023-04-15,Malaysia,Kota Tinggi,7
2023-04-06,Malaysia,Shah Alam,10
2023-04-06,Malaysia,Batu Pahat,3
2023-04-06,Malaysia,Labuan,4
2023-04-29,Malaysia,Kuala Lumpur,350
2023-03-08,Malaysia,Kuala Pilah,2
2023-03-08,Malaysia,Temerloh,2
2023-09-26,Malaysia,Langkawi,102
2023-05-21,Malaysia,Kuching,18
2023-05-21,Malaysia,Bentong,38
2023-05-21,Malaysia,Batang Padang,2
2023-11-01,Malaysia,Kuching,16
2023-05-12,Malaysia,Pekan,2
2023-10-08,Malaysia,Jempol,3
2023-10-08,Malaysia,Cameron Highlands,3
2023-09-26,Malaysia,Kampar,7
2023-04-14,Malaysia,Kuala Lumpur,313
2023-01-31,Malaysia,Kubang Pasu,1
2023-01-31,Malaysia,Kuala Langat,1
2023-09-11,Malaysia,Bentong,35
2023-05-20,Malaysia,Seberang Perai Tengah,16
2023-04-28,Malaysia,Tawau,3
2023-04-28,Malaysia,Dungun,1
2023-09-12,Malaysia,Kuantan,15
2023-03-07,Malaysia,Shah Alam,15
2023-03-07,Malaysia,Kota Kinabalu,5
2023-03-07,Malaysia,Kanowit,1
2023-03-07,Malaysia,Bera,2
2023-03-07,Malaysia,Perak Tengah,1
2023-08-04,Malaysia,Shah Alam,10
2023-08-18,Malaysia,Kinta,38
2023-08-18,Malaysia,Kuala Selangor,1
2023-06-30,Malaysia,Perak Tengah,2
2023-10-09,Malaysia,Kota Setar,19
2023-10-09,Malaysia,Seberang Perai Tengah,17
2023-09-14,Malaysia,Seremban,27
2023-09-28,Malaysia,Langkawi,81
2023-09-28,Malaysia,Sabak Bernam,2
2023-10-06,Malaysia,Pekan,1
2023-08-07,Malaysia,Shah Alam,15
2023-04-17,Malaysia,Malacca City,114
2023-05-24,Malaysia,Kuala Langat,1
2023-05-24,Malaysia,Jempol,2
2023-05-24,Malaysia,Ranau,4
2023-04-16,Malaysia,Keningau,3
2023-04-03,Malaysia,Malacca City,113
2023-04-03,Malaysia,Shah Alam,6
2023-06-30,Malaysia,Kota Tinggi,8
2023-06-13,Malaysia,Malacca City,165
2023-09-27,Malaysia,Langkawi,87
2023-06-13,Malaysia,Rompin,3
2023-03-09,Malaysia,Kinta,25
2023-01-01,Malaysia,Kinta,16
2023-01-01,Malaysia,Kota Tinggi,10
2023-02-22,Malaysia,Kuantan,22
2023-08-06,Malaysia,Port Dickson,34
2023-08-06,Malaysia,Kuala Selangor,2
2023-05-06,Malaysia,Perlis,1
2023-09-13,Malaysia,Hulu Langat,4
2023-09-13,Malaysia,Kuala Muda,4
2023-01-18,Malaysia,Kuala Selangor,1
2023-01-18,Malaysia,Hulu Selangor,2
2023-06-01,Malaysia,Kinta,37
2023-06-01,Malaysia,Pontian,1
2023-06-11,Malaysia,Kluang,9
2023-01-29,Malaysia,Shah Alam,17
2023-01-29,Malaysia,Perak Tengah,1
2023-05-05,Malaysia,Cameron Highlands,2
2023-05-19,Malaysia,Seberang Perai Selatan,4
2023-06-29,Malaysia,Langkawi,45
2023-05-08,Malaysia,Batu Pahat,6
2023-01-15,Malaysia,Kluang,2
2023-01-14,Malaysia,Johor Bahru,150
2023-01-14,Malaysia,Penampang,2
2023-01-02,Malaysia,Kuala Lumpur,192
2023-01-02,Malaysia,Kulaijaya,22
2023-06-12,Malaysia,Kuching,28
2023-06-14,Malaysia,Bintulu,2
2023-06-15,Malaysia,Shah Alam,19
2023-06-28,Malaysia,Kota Setar,9
2023-05-02,Malaysia,Jempol,4
2023-05-02,Malaysia,Pasir Putih,1
2023-07-20,Malaysia,Perlis,3
2023-05-07,Malaysia,Jempol,2
2023-05-07,Malaysia,Pendang,2
2023-03-30,Malaysia,Tawau,2
2023-01-03,Malaysia,Port Dickson,12
2023-04-08,Malaysia,Muar,2
2023-04-08,Malaysia,Kampar,2
2023-11-09,Malaysia,Port Dickson,55
2023-01-24,Malaysia,Penang Island,135
2023-05-15,Malaysia,Seberang Perai Selatan,3
2023-01-10,Malaysia,Malacca City,159
2023-01-16,Malaysia,Jempol,1
2023-05-29,Malaysia,Penampang,10
2023-09-05,Malaysia,Malacca City,154
2023-01-25,Malaysia,Labuan,3
2023-09-06,Malaysia,Kinta,35
2023-09-06,Malaysia,Kampar,5
2023-07-21,Malaysia,Klang,7
2023-07-21,Malaysia,Perak Tengah,1
2023-05-01,Malaysia,Kuala Lumpur,234
2023-05-01,Malaysia,Kluang,2
2023-01-13,Malaysia,Kota Bharu,7
2023-01-13,Malaysia,Klang,5
2023-02-20,Malaysia,Seberang Perai Selatan,8
2023-02-20,Malaysia,Segamat,1
2023-02-20,Malaysia,Kuantan,18
2023-05-04,Malaysia,Kuantan,12
2023-06-21,Malaysia,Seremban,15
2023-05-03,Malaysia,Kuala Lumpur,301
2023-05-03,Malaysia,Ranau,5
2023-06-24,Malaysia,Hulu Langat,2
2023-06-24,Malaysia,Mersing,5
2023-01-27,Malaysia,Port Dickson,28
2023-06-10,Malaysia,Port Dickson,20
2023-06-10,Malaysia,Cameron Highlands,5
2023-06-25,Malaysia,Langkawi,37
2023-05-17,Malaysia,Malacca City,164
2023-05-03,Malaysia,Kampar,6
2023-02-17,Malaysia,Miri,3
2023-04-30,Malaysia,Muar,1
2023-10-23,Malaysia,Klang,30
2023-06-07,Malaysia,Malacca City,162
2023-06-07,Malaysia,Batu Pahat,11
2023-06-07,Malaysia,Kulaijaya,9
2023-06-07,Malaysia,Kubang Pasu,1
2023-07-28,Malaysia,Semporna,1
2023-03-23,Malaysia,N/A,2
2023-02-16,Malaysia,Larut and Matang,1
2023-10-24,Malaysia,Klang,21
2023-07-13,Malaysia,Kuala Lumpur,587
2023-07-13,Malaysia,Port Dickson,18
2023-07-13,Malaysia,Batang Padang,3
2023-02-01,Malaysia,Klang,6
2023-06-06,Malaysia,Johor Bahru,282
2023-06-06,Malaysia,Keningau,1
2023-02-15,Malaysia,Johor Bahru,210
2023-02-15,Malaysia,Ranau,4
2023-10-10,Malaysia,Jempol,3
2023-08-23,Malaysia,Jempol,1
2023-03-26,Malaysia,Langkawi,48
2023-03-26,Malaysia,Batu Pahat,4
2023-03-11,Malaysia,Kuala Pilah,3
2023-03-11,Malaysia,Manjung,7
2023-07-16,Malaysia,Cameron Highlands,3
2023-07-16,Malaysia,Seberang Perai Tengah,8
2023-07-16,Malaysia,Muar,5
2023-07-16,Malaysia,Kampar,2
2023-02-04,Malaysia,Kampar,4
2023-10-21,Malaysia,Kota Tinggi,11
2023-06-09,Malaysia,Batu Pahat,12
2023-08-22,Malaysia,Hulu Langat,6
2023-08-22,Malaysia,Kampar,11
2023-08-22,Malaysia,Klang,6
2023-07-29,Malaysia,Batang Padang,7
2023-06-08,Malaysia,Seberang Perai Tengah,10
2023-03-24,Malaysia,Hulu Langat,11
2023-02-03,Malaysia,Cameron Highlands,5
2023-07-24,Malaysia,Seberang Perai Selatan,3
2023-07-24,Malaysia,Rompin,5
2023-02-12,Malaysia,Hulu Langat,14
2023-02-12,Malaysia,Kuantan,20
2023-02-12,Malaysia,Kota Tinggi,24
2023-06-17,Malaysia,Shah Alam,8
2023-06-17,Malaysia,Kota Bharu,2
2023-01-05,Malaysia,Kuala Pilah,2
2023-01-05,Malaysia,Kota Setar,15
2023-06-02,Malaysia,Bintulu,1
2023-06-02,Malaysia,Raub,3
2023-06-02,Malaysia,Batang Padang,2
2023-06-02,Malaysia,Kubang Pasu,2
2023-06-02,Malaysia,Alor Gajah,2
2023-06-16,Malaysia,Kuala Lumpur,527
2023-06-16,Malaysia,Seremban,21
2023-06-16,Malaysia,Tampin,3
2023-02-25,Malaysia,Kuala Pilah,4
2023-05-09,Malaysia,Klang,15
2023-05-09,Malaysia,Mersing,2
2023-02-11,Malaysia,Kampar,8
2023-02-11,Malaysia,Kuala Langat,2
2023-10-20,Malaysia,Langkawi,74
2023-01-08,Malaysia,Kuala Muda,5
2023-02-14,Malaysia,Manjung,6
2023-03-21,Malaysia,Malacca City,91
2023-03-21,Malaysia,Kuantan,15
2023-02-28,Malaysia,Johor Bahru,318
2023-01-07,Malaysia,Penampang,1
2023-07-11,Malaysia,Pekan,2
2023-07-11,Malaysia,Kuala Selangor,3
2023-03-20,Malaysia,Kuching,20
2023-03-20,Malaysia,Kuantan,7
2023-03-20,Malaysia,Pasir Putih,1
2023-06-18,Malaysia,Johor Bahru,239
2023-07-10,Malaysia,Kuala Lumpur,491
2023-07-10,Malaysia,Shah Alam,30
2023-07-10,Malaysia,Pontian,1
2023-07-25,Malaysia,Kuala Selangor,1
2023-02-13,Malaysia,Dungun,1
2023-04-25,Malaysia,Miri,2
2023-04-25,Malaysia,Ranau,4
2023-10-17,Malaysia,Malacca City,178
2023-08-01,Malaysia,Johor Bahru,201
2023-09-22,Malaysia,Jempol,4
2023-10-03,Malaysia,Johor Bahru,236
2023-03-04,Malaysia,Kinta,60
2023-03-04,Malaysia,Kota Kinabalu,12
2023-03-04,Malaysia,Kuantan,18
2023-03-04,Malaysia,Tawau,1
2023-03-18,Malaysia,Malacca City,97
2023-03-18,Malaysia,Tampin,1
2023-07-08,Malaysia,Batang Padang,4
2023-07-08,Malaysia,Setiu,1
2023-03-03,Malaysia,Pontian,2
2023-04-10,Malaysia,Muar,2
2023-04-24,Malaysia,Seberang Perai Tengah,11
2023-11-10,Malaysia,Seberang Perai Tengah,21
2023-11-10,Malaysia,Muar,7
2023-05-30,Malaysia,Hulu Langat,5
2023-05-30,Malaysia,Pontian,1
2023-07-07,Malaysia,Seberang Perai Tengah,16
2023-07-07,Malaysia,Malacca City,169
2023-08-28,Malaysia,Seberang Perai Tengah,10
2023-03-02,Malaysia,Bentong,43
2023-09-10,Malaysia,Sabak Bernam,2
2023-10-29,Malaysia,Klang,16
2023-10-29,Malaysia,Genting Highlands,34
2023-10-29,Malaysia,Kluang,7
2023-03-06,Malaysia,Hulu Langat,21
2023-03-06,Malaysia,Cameron Highlands,2
2023-03-06,Malaysia,Kuala Terengganu,1
2023-08-03,Malaysia,Penang Island,215
2023-08-03,Malaysia,Kuala Pilah,2
2023-08-03,Malaysia,Manjung,1
2023-08-17,Malaysia,Langkawi,63
2023-11-22,Malaysia,Kota Setar,1
2023-11-22,Malaysia,Malacca City,14
2023-10-16,Malaysia,Bentong,7
2023-10-16,Malaysia,Cameron Highlands,1
2023-04-12,Malaysia,Langkawi,71
2023-04-12,Malaysia,Kuala Terengganu,11
2023-03-19,Malaysia,Seberang Perai Utara,2
2023-08-02,Malaysia,Kuala Lumpur,497
2023-08-02,Malaysia,Kuala Selangor,4
2023-04-26,Malaysia,Penampang,1
2023-09-23,Malaysia,Cameron Highlands,4
2023-08-16,Malaysia,Besut,1
2023-07-09,Malaysia,Batu Pahat,1
2023-07-09,Malaysia,Batang Padang,2
2023-07-09,Malaysia,Cameron Highlands,3
2023-10-27,Malaysia,Kuching,15
2023-04-11,Malaysia,Kulim,3
2023-02-07,Malaysia,Kemaman,2
2023-08-11,Malaysia,Kota Setar,3
2023-04-20,Malaysia,Barat Daya,8
2023-07-18,Malaysia,Rompin,5
2023-11-20,Malaysia,Jempol,3
2023-11-20,Malaysia,Shah Alam,37
2023-11-20,Malaysia,Kuala Selangor,3
2023-03-27,Malaysia,Hulu Langat,12
2023-02-06,Malaysia,Seremban,25
2023-02-06,Malaysia,Bintulu,4
2023-02-06,Malaysia,Besut,1
2023-08-10,Malaysia,Kampar,6
2023-08-10,Malaysia,Rompin,6
2023-03-13,Malaysia,Tawau,1
2023-03-13,Malaysia,Jeli,1
2023-07-03,Malaysia,Malacca City,186
2023-08-24,Malaysia,Kuala Terengganu,6
2023-03-12,Malaysia,Segamat,4
2023-03-12,Malaysia,Larut and Matang,1
2023-11-21,Malaysia,Sabak Bernam,2
2023-03-16,Malaysia,Kota Kinabalu,11
2023-03-16,Malaysia,Kulaijaya,13
2023-03-16,Malaysia,Keningau,2
2023-10-25,Malaysia,Kota Bharu,4
2023-10-25,Malaysia,Johor Bahru,268
2023-09-20,Malaysia,Kuala Pilah,1
2023-10-11,Malaysia,Kuala Muda,1
2023-08-27,Malaysia,Cameron Highlands,5
2023-08-13,Malaysia,Langkawi,37
2023-08-12,Malaysia,Rompin,4
2023-04-22,Malaysia,Port Dickson,15
2023-04-22,Malaysia,Ranau,1
2023-03-29,Malaysia,Kota Bharu,5
2023-02-08,Malaysia,Kota Tinggi,11
2023-02-08,Malaysia,Cameron Highlands,5
2023-08-26,Malaysia,Hulu Langat,3
2023-08-26,Malaysia,Bintulu,2
2023-08-26,Malaysia,Kota Setar,8
2023-07-19,Malaysia,Shah Alam,21
2023-04-05,Malaysia,Batu Pahat,1
2023-04-05,Malaysia,Seberang Perai Selatan,1
2023-11-04,Malaysia,Klang,22
2023-04-19,Malaysia,Pontian,1
2023-09-16,Malaysia,Kota Tinggi,16
2023-05-11,Malaysia,Shah Alam,12
2023-05-11,Malaysia,Kuantan,21
2023-09-01,Malaysia,Kuala Muda,3
2023-09-01,Malaysia,Seberang Perai Selatan,6
2023-01-20,Malaysia,Kuala Muda,2
2023-09-15,Malaysia,Seberang Perai Utara,1
2023-09-15,Malaysia,Cameron Highlands,6
2023-04-18,Malaysia,Klang,4
2023-09-29,Malaysia,Kuala Terengganu,6
2023-11-05,Malaysia,Seremban,16
2023-05-10,Malaysia,Barat Daya,3
2023-05-10,Malaysia,Kota Bharu,2
2023-04-07,Malaysia,Bintulu,1
2023-08-08,Malaysia,Kulaijaya,14
2023-08-08,Malaysia,Temerloh,1
2023-11-16,Malaysia,Kota Setar,15
2023-05-28,Malaysia,Labuan,1
2023-09-04,Malaysia,Kulaijaya,11
2023-09-18,Malaysia,Barat Daya,6
2023-11-17,Malaysia,Bentong,11
2023-11-17,Malaysia,Alor Gajah,3
2023-11-17,Malaysia,Kota Tinggi,42
2023-06-20,Malaysia,Semporna,1
2023-11-18,Malaysia,Barat Daya,4
2023-09-17,Malaysia,Malacca City,113
2023-09-17,Malaysia,Seberang Perai Tengah,6
2023-09-17,Malaysia,Klang,4
2023-09-19,Malaysia,Kluang,5
2023-09-19,Malaysia,Shah Alam,12
2023-09-19,Malaysia,Kuala Lumpur,456
2023-05-27,Malaysia,Bentong,44
2023-05-27,Malaysia,Labuan,1
2023-11-14,Malaysia,Barat Daya,5
2023-11-14,Malaysia,Perak Tengah,2
2023-04-15,Malaysia,Kluang,4
2023-04-15,Malaysia,Bintulu,2
2023-04-06,Malaysia,Port Dickson,8
2023-10-07,Malaysia,Seremban,31
2023-04-29,Malaysia,Kuantan,40
2023-04-29,Malaysia,Alor Gajah,2
2023-03-08,Malaysia,Hulu Langat,23
2023-03-08,Malaysia,Jeli,1
2023-03-08,Malaysia,Kuala Langat,3
2023-03-08,Malaysia,Maran,1
2023-09-26,Malaysia,Kuala Lumpur,478
2023-05-21,Malaysia,Kubang Pasu,2
2023-05-21,Malaysia,Bera,1
2023-08-19,Malaysia,Segamat,2
2023-10-08,Malaysia,Seremban,21
2023-10-08,Malaysia,Kota Bharu,1
2023-09-26,Malaysia,Alor Gajah,1
2023-09-26,Malaysia,Pasir Putih,3
2023-04-14,Malaysia,Kinta,30
2023-04-14,Malaysia,Hulu Langat,10
2023-08-05,Malaysia,Port Dickson,29
2023-09-11,Malaysia,Seremban,48
2023-04-29,Malaysia,Ranau,1
2023-09-12,Malaysia,Kota Tinggi,27
2023-09-12,Malaysia,Kuala Lumpur,468
2023-03-07,Malaysia,Johor Bahru,331
2023-09-25,Malaysia,Kota Kinabalu,1
2023-10-09,Malaysia,Kampar,5
2023-10-09,Malaysia,Alor Gajah,1
2023-09-14,Malaysia,Johor Bahru,316
2023-09-14,Malaysia,Kota Setar,5
2023-09-28,Malaysia,Kuching,15
2023-09-14,Malaysia,Barat Daya,5
2023-09-14,Malaysia,Kluang,5
2023-05-24,Malaysia,Hulu Langat,6
2023-05-24,Malaysia,Rompin,2
2023-05-24,Malaysia,Lawas,1
2023-04-16,Malaysia,Perlis,2
2023-11-01,Malaysia,Segamat,2
2023-05-23,Malaysia,Malacca City,153
2023-06-30,Malaysia,Kuala Terengganu,7
2023-06-30,Malaysia,Ranau,2
2023-06-13,Malaysia,Penang Island,201
2023-09-27,Malaysia,Seberang Perai Utara,1
2023-05-22,Malaysia,Kluang,9
2023-11-12,Malaysia,Tawau,1
2023-01-01,Malaysia,Kota Bharu,3
2023-02-22,Malaysia,Semporna,1
2023-04-16,Malaysia,Segamat,2
2023-05-06,Malaysia,Kota Kinabalu,7
2023-09-13,Malaysia,Perak Tengah,3
2023-04-02,Malaysia,Ranau,2
2023-02-21,Malaysia,Kubang Pasu,4
2023-02-21,Malaysia,Perak Tengah,1
2023-06-01,Malaysia,Shah Alam,18
2023-06-01,Malaysia,Temerloh,10
2023-06-01,Malaysia,Ledang,2
2023-06-11,Malaysia,Kota Setar,4
2023-06-11,Malaysia,Ledang,1
2023-02-10,Malaysia,Seremban,29
2023-02-10,Malaysia,Kampar,6
2023-10-30,Malaysia,Kuala Terengganu,11
2023-07-22,Malaysia,Kluang,4
2023-03-31,Malaysia,Johor Bahru,225
2023-06-29,Malaysia,Malacca City,165
2023-06-29,Malaysia,Kuala Lumpur,399
2023-06-29,Malaysia,Miri,3
2023-05-08,Malaysia,Kampar,5
2023-01-15,Malaysia,Ledang,1
2023-06-12,Malaysia,Shah Alam,17
2023-06-12,Malaysia,Langkawi,44
2023-06-14,Malaysia,Port Dickson,20
2023-06-14,Malaysia,Kuala Terengganu,12
2023-04-09,Malaysia,Penang Island,133
2023-04-09,Malaysia,Klang,6
2023-04-09,Malaysia,Kota Tinggi,7
2023-05-02,Malaysia,Pendang,1
2023-07-20,Malaysia,Batu Pahat,5
2023-03-30,Malaysia,Kuala Selangor,1
2023-02-23,Malaysia,Langkawi,84
2023-02-23,Malaysia,Kuala Pilah,3
2023-02-23,Malaysia,Kluang,2
2023-04-08,Malaysia,Klang,7
2023-11-09,Malaysia,Jempol,3
2023-11-09,Malaysia,Kampar,6
2023-11-09,Malaysia,Ledang,2
2023-01-24,Malaysia,Johor Bahru,182
2023-01-24,Malaysia,Segamat,7
2023-05-15,Malaysia,Barat Daya,8
2023-01-10,Malaysia,Johor Bahru,144
2023-05-29,Malaysia,Kubang Pasu,3
2023-05-29,Malaysia,Miri,7
2023-01-25,Malaysia,Jerantut,3
2023-09-06,Malaysia,Kuala Lumpur,525
2023-09-05,Malaysia,Seberang Perai Utara,3
2023-01-28,Malaysia,Kuching,21
2023-11-07,Malaysia,Kuching,29
2023-05-04,Malaysia,Tampin,1
2023-05-04,Malaysia,Kuala Muda,5
2023-06-21,Malaysia,Ledang,1
2023-11-06,Malaysia,Johor Bahru,312
2023-05-03,Malaysia,Kuala Terengganu,11
2023-06-24,Malaysia,Penang Island,155
2023-06-24,Malaysia,Seremban,17
2023-06-24,Malaysia,Shah Alam,12
2023-06-24,Malaysia,Tawau,1
2023-01-27,Malaysia,Jempol,1
2023-01-12,Malaysia,Kinta,38
2023-01-12,Malaysia,Cameron Highlands,1
2023-06-25,Malaysia,Raub,7
2023-05-17,Malaysia,Barat Daya,11
2023-05-17,Malaysia,Bera,1
2023-07-31,Malaysia,Cameron Highlands,3
2023-09-07,Malaysia,Seberang Perai Tengah,10
2023-09-07,Malaysia,Klang,18
2023-07-30,Malaysia,Kuala Pilah,1
2023-02-17,Malaysia,Bintulu,2
2023-02-17,Malaysia,Perlis,1
2023-04-30,Malaysia,Port Dickson,10
2023-10-23,Malaysia,Muar,18
2023-10-23,Malaysia,Temerloh,3
2023-10-23,Malaysia,Genting Highlands,23
2023-07-28,Malaysia,Shah Alam,17
2023-08-20,Malaysia,Lawas,1
2023-08-20,Malaysia,Johor Bahru,205
2023-08-20,Malaysia,Port Dickson,27
2023-02-16,Malaysia,Kota Kinabalu,46
2023-02-16,Malaysia,Kota Bharu,6
2023-10-24,Malaysia,Genting Highlands,20
2023-07-13,Malaysia,Penang Island,198
2023-02-01,Malaysia,Kluang,1
2023-03-22,Malaysia,Kubang Pasu,2
2023-07-27,Malaysia,Kuala Pilah,3
2023-07-27,Malaysia,Manjung,1
2023-02-15,Malaysia,Batang Padang,1
2023-10-10,Malaysia,Seberang Perai Utara,3
2023-10-10,Malaysia,Kuala Muda,2
2023-10-10,Malaysia,Kuala Pilah,1
2023-10-10,Malaysia,Cameron Highlands,2
2023-02-05,Malaysia,Keningau,2
2023-02-05,Malaysia,Cameron Highlands,5
2023-08-23,Malaysia,Port Dickson,44
2023-08-23,Malaysia,Kuala Lumpur,441
2023-03-26,Malaysia,Pontian,5
2023-03-11,Malaysia,Kulaijaya,14
2023-02-19,Malaysia,Kuching,24
2023-02-19,Malaysia,Bentong,26
2023-02-19,Malaysia,Kampar,6
2023-02-19,Malaysia,Mersing,1
2023-07-16,Malaysia,Kubang Pasu,3
2023-07-16,Malaysia,Pekan,1
2023-03-25,Malaysia,Shah Alam,13
2023-06-09,Malaysia,Raub,3
2023-06-09,Malaysia,Lawas,1
2023-08-22,Malaysia,Barat Daya,14
2023-02-18,Malaysia,Johor Bahru,273
2023-07-15,Malaysia,Klang,3
2023-07-15,Malaysia,Tawau,1
2023-07-01,Malaysia,Kota Setar,5
2023-07-01,Malaysia,Kuala Langat,1
2023-10-22,Malaysia,Manjung,1
2023-10-22,Malaysia,Genting Highlands,28
2023-07-29,Malaysia,Kuala Langat,2
2023-03-10,Malaysia,Kuala Lumpur,624
2023-03-10,Malaysia,Kuala Selangor,3
2023-06-08,Malaysia,Manjung,3
2023-06-08,Malaysia,Bintulu,3
2023-03-24,Malaysia,Seremban,43
2023-03-24,Malaysia,Kuala Terengganu,1
2023-02-03,Malaysia,Bentong,30
2023-01-06,Malaysia,Penang Island,120
2023-01-06,Malaysia,Ranau,1
2023-07-24,Malaysia,Port Dickson,23
2023-02-12,Malaysia,Sibu,1
2023-06-17,Malaysia,Kota Setar,2
2023-06-17,Malaysia,Ledang,1
2023-06-17,Malaysia,Kuala Muda,5
2023-01-05,Malaysia,Kinta,23
2023-01-05,Malaysia,Barat Daya,1
2023-08-30,Malaysia,Kampar,7
2023-07-23,Malaysia,Seremban,28
2023-07-23,Malaysia,Hulu Langat,4
2023-07-23,Malaysia,Port Dickson,28
2023-06-02,Malaysia,Bentong,43
2023-05-09,Malaysia,Bentong,38
2023-10-20,Malaysia,Manjung,1
2023-02-25,Malaysia,Jempol,4
2023-07-12,Malaysia,Malacca City,175
2023-07-12,Malaysia,Langkawi,53
2023-07-12,Malaysia,Kinta,48
2023-07-12,Malaysia,Seberang Perai Utara,1
2023-01-08,Malaysia,Cameron Highlands,3
2023-06-19,Malaysia,Kota Tinggi,10
2023-02-14,Malaysia,Muar,11
2023-10-31,Malaysia,Alor Gajah,4
2023-02-28,Malaysia,Seberang Perai Utara,4
2023-06-04,Malaysia,Kuala Selangor,2
2023-07-11,Malaysia,Seberang Perai Tengah,14
2023-03-20,Malaysia,Kuala Muda,2
2023-02-13,Malaysia,Segamat,3
2023-02-13,Malaysia,Keningau,3
2023-02-13,Malaysia,Perak Tengah,2
2023-08-31,Malaysia,Jempol,1
2023-08-01,Malaysia,Kampar,8
2023-08-01,Malaysia,Rompin,4
2023-09-22,Malaysia,Kota Tinggi,20
2023-09-22,Malaysia,Malacca City,170
2023-09-22,Malaysia,Seberang Perai Selatan,5
2023-10-03,Malaysia,Kuching,13
2023-10-17,Malaysia,Muar,1
2023-03-04,Malaysia,Shah Alam,33
2023-03-18,Malaysia,Penang Island,141
2023-08-15,Malaysia,Perlis,1
2023-08-15,Malaysia,Kuala Lumpur,382
2023-08-29,Malaysia,Kuala Lumpur,450
2023-08-29,Malaysia,Bintulu,1
2023-08-29,Malaysia,Pasir Putih,1
2023-08-29,Malaysia,Tuaran,1
2023-07-08,Malaysia,Kota Setar,9
2023-04-10,Malaysia,Labuan,4
2023-11-10,Malaysia,Seremban,26
2023-10-04,Malaysia,Seremban,28
2023-10-04,Malaysia,Barat Daya,2
2023-10-04,Malaysia,Cameron Highlands,2
2023-03-17,Malaysia,Seremban,27
2023-03-17,Malaysia,Hulu Langat,23
2023-03-17,Malaysia,Kota Bharu,4
2023-05-30,Malaysia,Penampang,2
2023-08-28,Malaysia,Kuala Langat,4
2023-03-02,Malaysia,Kulim,1
2023-03-02,Malaysia,Klang,11
2023-09-10,Malaysia,Seberang Perai Selatan,4
2023-10-19,Malaysia,Langkawi,82
2023-10-29,Malaysia,Segamat,2
2023-10-29,Malaysia,Batang Padang,1
2023-04-27,Malaysia,Kota Kinabalu,7
2023-04-27,Malaysia,Seberang Perai Selatan,3
2023-03-06,Malaysia,Kota Setar,2
2023-03-06,Malaysia,Kota Tinggi,4
2023-03-06,Malaysia,Pasir Putih,1
2023-10-15,Malaysia,Ranau,2
2023-10-15,Malaysia,Hulu Langat,3
2023-10-15,Malaysia,Seberang Perai Selatan,2
2023-08-03,Malaysia,Kota Kinabalu,1
2023-10-01,Malaysia,Kluang,5
2023-10-01,Malaysia,Perlis,1
2023-10-01,Malaysia,Hulu Langat,4
2023-10-01,Malaysia,Kota Kinabalu,1
2023-11-22,Malaysia,Pendang,1
2023-11-22,Malaysia,Penang Island,30
2023-09-24,Malaysia,Kuantan,11
2023-09-24,Malaysia,Kuala Terengganu,4
2023-10-16,Malaysia,Kota Bharu,1
2023-10-16,Malaysia,Kuala Terengganu,6
2023-04-12,Malaysia,Malacca City,125
2023-04-12,Malaysia,Klang,9
2023-04-12,Malaysia,Kuala Lumpur,316
2023-04-12,Malaysia,Ledang,3
2023-03-19,Malaysia,Kota Bharu,1
2023-03-19,Malaysia,Bera,2
2023-10-02,Malaysia,Putrajaya,5
2023-09-23,Malaysia,Perak Tengah,3
2023-08-16,Malaysia,Seberang Perai Tengah,7
2023-08-02,Malaysia,Kuala Pilah,1
2023-10-27,Malaysia,Seremban,25
2023-04-11,Malaysia,Ledang,1
2023-10-13,Malaysia,Tampin,3
2023-02-07,Malaysia,Kuantan,13
2023-02-07,Malaysia,Kota Kinabalu,44
2023-02-07,Malaysia,Machang,1
2023-08-11,Malaysia,Manjung,3
2023-07-04,Malaysia,Perlis,1
2023-08-25,Malaysia,Sabak Bernam,1
2023-04-20,Malaysia,Sabak Bernam,1
2023-03-28,Malaysia,Seberang Perai Utara,3
2023-03-28,Malaysia,Kuantan,10
2023-03-28,Malaysia,Kuala Krai,1
2023-07-18,Malaysia,Kinta,32
2023-08-10,Malaysia,Mersing,1
2023-03-13,Malaysia,Seremban,28
2023-07-03,Malaysia,Langkawi,67
2023-10-14,Malaysia,Kluang,4
2023-08-24,Malaysia,Johor Bahru,279
2023-11-21,Malaysia,Ranau,3
2023-11-21,Malaysia,Hulu Langat,2
2023-09-30,Malaysia,Kota Bharu,1
2023-10-11,Malaysia,Johor Bahru,231
2023-10-11,Malaysia,Shah Alam,26
2023-08-13,Malaysia,Hulu Langat,13
2023-08-13,Malaysia,Kuantan,1
2023-10-26,Malaysia,Seberang Perai Tengah,11
2023-08-12,Malaysia,Kuala Pilah,1
2023-08-12,Malaysia,Kinta,37
2023-04-22,Malaysia,Kuantan,13
2023-02-08,Malaysia,Ranau,6
2023-08-26,Malaysia,Ledang,1
2023-10-12,Malaysia,Kuching,23
2023-10-12,Malaysia,Kuala Selangor,2
2023-07-05,Malaysia,Perlis,3
2023-07-05,Malaysia,Shah Alam,22
2023-07-05,Malaysia,Kuala Pilah,1
2023-07-05,Malaysia,Kuala Terengganu,8
2023-03-14,Malaysia,Kulaijaya,13
2023-04-05,Malaysia,Malacca City,134
2023-04-05,Malaysia,Labuan,1
2023-04-05,Malaysia,Batang Padang,1
2023-11-04,Malaysia,Seberang Perai Tengah,23
2023-04-19,Malaysia,Seberang Perai Tengah,15
2023-04-19,Malaysia,Tawau,1
2023-09-16,Malaysia,Muar,8
2023-05-26,Malaysia,Hulu Langat,8
2023-05-25,Malaysia,Semporna,1
2023-09-01,Malaysia,Malacca City,127
2023-09-01,Malaysia,Kinta,40
2023-09-15,Malaysia,Kudat,1
2023-09-29,Malaysia,Kuantan,24
2023-05-10,Malaysia,Segamat,1
2023-04-07,Malaysia,Segamat,3
2023-08-08,Malaysia,Port Dickson,40
2023-11-16,Malaysia,Kota Kinabalu,1
2023-09-04,Malaysia,Barat Daya,8
2023-11-03,Malaysia,Sabak Bernam,1
2023-06-20,Malaysia,Pasir Putih,1
2023-01-22,Malaysia,Bentong,14
2023-05-28,Malaysia,Lawas,1
2023-05-14,Malaysia,Kota Setar,8
2023-05-14,Malaysia,Kubang Pasu,1
2023-09-19,Malaysia,Penang Island,180
2023-05-12,Malaysia,Seberang Perai Tengah,13
2023-05-12,Malaysia,Klang,9
2023-05-12,Malaysia,Alor Gajah,3
2023-11-14,Malaysia,Temerloh,3
2023-11-14,Malaysia,Kuala Lumpur,518
2023-04-15,Malaysia,Port Dickson,11
2023-04-06,Malaysia,Kuala Terengganu,5
2023-10-07,Malaysia,Perlis,1
2023-04-29,Malaysia,Kluang,2
2023-05-21,Malaysia,Muar,8
2023-05-21,Malaysia,Shah Alam,22
2023-08-19,Malaysia,Seberang Perai Selatan,7
2023-08-19,Malaysia,Penampang,1
2023-08-19,Malaysia,Kota Setar,1
2023-08-19,Malaysia,Batu Pahat,3
2023-08-05,Malaysia,Penang Island,137
2023-10-08,Malaysia,Muar,12
2023-09-26,Malaysia,Temerloh,1
2023-04-14,Malaysia,Barat Daya,20
2023-09-11,Malaysia,Johor Bahru,399
2023-09-11,Malaysia,Tampin,2
2023-05-20,Malaysia,Penampang,5
2023-04-28,Malaysia,Batu Pahat,2
2023-04-28,Malaysia,Kluang,2
2023-09-12,Malaysia,Tampin,2
2023-09-12,Malaysia,Seberang Perai Utara,1
2023-03-07,Malaysia,Bentong,63
2023-08-04,Malaysia,Pendang,1
2023-08-18,Malaysia,Muar,5
2023-08-18,Malaysia,Kuala Langat,2
2023-04-13,Malaysia,Malacca City,153
2023-04-13,Malaysia,Seberang Perai Tengah,27
2023-09-25,Malaysia,Kluang,14
2023-06-30,Malaysia,Kuala Muda,15
2023-11-13,Malaysia,Batu Pahat,5
2023-08-07,Malaysia,Kuala Selangor,2
2023-09-14,Malaysia,Cameron Highlands,6
2023-09-14,Malaysia,Mersing,1
2023-05-24,Malaysia,Penang Island,204
2023-05-24,Malaysia,Kuala Terengganu,14
2023-05-24,Malaysia,Seberang Perai Tengah,15
2023-04-16,Malaysia,Pekan,1
2023-11-01,Malaysia,Muar,16
2023-05-23,Malaysia,Ranau,4
2023-05-23,Malaysia,Alor Gajah,1
2023-04-03,Malaysia,Kluang,1
2023-04-03,Malaysia,Rompin,1
2023-06-30,Malaysia,Perlis,3
2023-06-30,Malaysia,Klang,17
2023-06-30,Malaysia,Kuantan,5
2023-10-05,Malaysia,Besut,1
2023-03-09,Malaysia,Kulaijaya,8
2023-03-09,Malaysia,Keningau,1
2023-03-09,Malaysia,Kota Bharu,3
2023-11-13,Malaysia,Seberang Perai Utara,1
2023-11-12,Malaysia,Kuala Terengganu,3
2023-02-22,Malaysia,Port Dickson,32
2023-02-22,Malaysia,Kuala Langat,4
2023-09-13,Malaysia,Kota Kinabalu,1
2023-04-01,Malaysia,Kulim,1
2023-05-22,Malaysia,Kuala Muda,20
2023-04-02,Malaysia,Lahad Datu,1
2023-06-27,Malaysia,Perak Tengah,1
2023-06-26,Malaysia,Seremban,11
2023-05-05,Malaysia,Kuantan,13
2023-05-05,Malaysia,Kuching,25
2023-06-11,Malaysia,Segamat,1
2023-06-11,Malaysia,Cameron Highlands,1
2023-06-11,Malaysia,Pontian,1
2023-02-10,Malaysia,Maran,1
2023-10-30,Malaysia,Kulaijaya,23
2023-05-05,Malaysia,Klang,27
2023-05-19,Malaysia,Malacca City,168
2023-07-22,Malaysia,Hulu Langat,7
2023-02-10,Malaysia,Batu Pahat,4
2023-05-19,Malaysia,Ledang,1
2023-05-08,Malaysia,Johor Bahru,329
2023-05-08,Malaysia,Shah Alam,14
2023-05-08,Malaysia,Kota Setar,10
2023-01-15,Malaysia,Kulaijaya,15
2023-01-15,Malaysia,Hulu Langat,2
2023-01-17,Malaysia,Kuching,20
2023-01-17,Malaysia,Pontian,2
2023-01-02,Malaysia,Bentong,17
2023-06-12,Malaysia,Kampar,1
2023-06-15,Malaysia,Tampin,2
2023-04-09,Malaysia,Batang Padang,1
2023-06-26,Malaysia,Muar,1
2023-06-23,Malaysia,Kinta,36
2023-06-28,Malaysia,Kuala Pilah,2
2023-05-02,Malaysia,Kota Setar,9
2023-05-02,Malaysia,Langkawi,49
2023-05-02,Malaysia,Kuala Muda,4
2023-05-02,Malaysia,Tuaran,1
2023-04-08,Malaysia,Johor Bahru,144
2023-01-24,Malaysia,Shah Alam,20
2023-05-15,Malaysia,Kuala Lumpur,291
2023-05-15,Malaysia,Kuala Muda,6
2023-09-09,Malaysia,Malacca City,185
2023-01-10,Malaysia,Seberang Perai Selatan,3
2023-05-16,Malaysia,Seberang Perai Tengah,17
2023-01-16,Malaysia,Seberang Perai Tengah,5
2023-01-16,Malaysia,Klang,5
2023-01-16,Malaysia,Penampang,1
2023-05-29,Malaysia,Kluang,18
2023-01-25,Malaysia,Johor Bahru,218
2023-01-25,Malaysia,Kota Setar,3
2023-01-25,Malaysia,Alor Gajah,1
2023-02-24,Malaysia,Kuala Langat,3
2023-02-24,Malaysia,Serian,3
2023-07-21,Malaysia,Kota Kinabalu,14
2023-07-21,Malaysia,Kuala Muda,7
2023-07-21,Malaysia,Kudat,1
2023-01-11,Malaysia,Kuala Terengganu,2
2023-05-01,Malaysia,Tampin,1
2023-01-13,Malaysia,Jeli,2
2023-01-28,Malaysia,Kinta,39
2023-01-28,Malaysia,Klang,7
2023-05-18,Malaysia,Bintulu,5
2023-06-22,Malaysia,Kluang,13
2023-11-07,Malaysia,Kota Bharu,6
2023-02-20,Malaysia,Malacca City,128
2023-06-21,Malaysia,Kampar,4
2023-11-06,Malaysia,Seberang Perai Utara,7
2023-05-03,Malaysia,Perlis,1
2023-05-03,Malaysia,Klang,10
2023-06-10,Malaysia,Seberang Perai Tengah,8
2023-01-27,Malaysia,Kinta,44
2023-01-12,Malaysia,Kuala Selangor,1
2023-01-12,Malaysia,Jeli,1
2023-01-26,Malaysia,Kuala Muda,3
2023-06-25,Malaysia,Kuala Lumpur,394
2023-05-17,Malaysia,Kota Kinabalu,20
2023-05-17,Malaysia,Dungun,1
2023-05-17,Malaysia,Kuala Terengganu,4
2023-09-08,Malaysia,Kuala Langat,1
2023-09-07,Malaysia,Kuching,20
2023-09-07,Malaysia,Kuala Selangor,4
2023-11-08,Malaysia,Kluang,8
2023-11-08,Malaysia,Tampin,1
2023-11-08,Malaysia,Batu Pahat,12
2023-07-14,Malaysia,Cameron Highlands,3
2023-10-23,Malaysia,Langkawi,75
2023-06-07,Malaysia,Port Dickson,13
2023-07-28,Malaysia,Kota Setar,4
2023-07-28,Malaysia,Jempol,3
2023-02-02,Malaysia,Langkawi,64
2023-02-02,Malaysia,Labuan,3
2023-02-02,Malaysia,Marang,4
2023-02-02,Malaysia,Kota Bharu,2
2023-08-20,Malaysia,Batang Padang,1
2023-02-16,Malaysia,Lahad Datu,1
2023-07-13,Malaysia,Raub,2
2023-01-09,Malaysia,Kuala Kangsar,1
2023-02-01,Malaysia,Shah Alam,20
2023-03-22,Malaysia,Kota Tinggi,8
2023-03-22,Malaysia,Hulu Langat,12
2023-07-27,Malaysia,Semporna,1
2023-02-15,Malaysia,Lawas,2
2023-10-10,Malaysia,Seberang Perai Tengah,12
2023-08-23,Malaysia,Seberang Perai Tengah,10
2023-08-23,Malaysia,Kuala Muda,3
2023-08-23,Malaysia,Labuan,3
2023-08-23,Malaysia,Kubang Pasu,1
2023-07-02,Malaysia,Seberang Perai Selatan,2
2023-02-19,Malaysia,Langkawi,70
2023-07-16,Malaysia,Kuala Lumpur,477
2023-07-16,Malaysia,Batang Padang,9
2023-02-04,Malaysia,Kota Kinabalu,35
2023-02-04,Malaysia,Kuala Lumpur,184
2023-03-25,Malaysia,Segamat,4
2023-03-25,Malaysia,Kuala Langat,1
2023-03-25,Malaysia,Port Dickson,11
2023-06-09,Malaysia,Temerloh,2
2023-08-22,Malaysia,Langkawi,60
2023-02-18,Malaysia,Kuala Lumpur,347
2023-02-18,Malaysia,Langkawi,57
2023-02-18,Malaysia,Kota Setar,1
2023-02-18,Malaysia,Kota Bharu,8
2023-07-01,Malaysia,Kota Tinggi,8
2023-07-01,Malaysia,Kuala Selangor,1
2023-07-15,Malaysia,Jempol,3
2023-07-29,Malaysia,Keningau,2
2023-03-10,Malaysia,Tambunan,1
2023-06-08,Malaysia,Perlis,4
2023-03-24,Malaysia,Segamat,4
2023-03-24,Malaysia,Kubang Pasu,4
2023-02-03,Malaysia,Kuching,28
2023-01-06,Malaysia,Kuching,14
2023-01-06,Malaysia,Kota Tinggi,14
2023-01-06,Malaysia,Kuantan,13
2023-02-27,Malaysia,Kluang,7
2023-06-03,Malaysia,Cameron Highlands,5
2023-06-03,Malaysia,Rompin,1
2023-02-12,Malaysia,Batang Padang,3
2023-01-05,Malaysia,Bentong,13
2023-01-05,Malaysia,Sandakan,1
2023-01-05,Malaysia,Rompin,1
2023-02-26,Malaysia,Kuala Lumpur,228
2023-02-26,Malaysia,Kanowit,1
2023-08-30,Malaysia,Kuala Lumpur,457
2023-08-30,Malaysia,Segamat,1
2023-08-30,Malaysia,Kota Bharu,2
2023-07-23,Malaysia,Lawas,2
2023-07-23,Malaysia,Kulaijaya,19
2023-01-19,Malaysia,Pontian,1
2023-01-19,Malaysia,Kuala Muda,1
2023-06-02,Malaysia,Temerloh,2
2023-05-09,Malaysia,Hulu Langat,8
2023-05-09,Malaysia,Port Dickson,9
2023-02-11,Malaysia,Port Dickson,21
2023-02-25,Malaysia,Kulim,1
2023-02-25,Malaysia,Ranau,2
2023-02-25,Malaysia,Lawas,1
2023-06-05,Malaysia,Muar,16
2023-06-05,Malaysia,Seremban,21
2023-06-05,Malaysia,Kota Setar,2
2023-06-05,Malaysia,Kulim,1
2023-06-05,Malaysia,Tuaran,1
2023-01-04,Malaysia,Kluang,2
2023-01-08,Malaysia,Shah Alam,4
2023-06-19,Malaysia,Kuching,34
2023-06-19,Malaysia,Cameron Highlands,3
2023-06-19,Malaysia,Kinta,29
2023-06-19,Malaysia,Kota Setar,7
2023-02-14,Malaysia,Shah Alam,34
2023-10-31,Malaysia,Kota Bharu,12
2023-10-31,Malaysia,Kuala Terengganu,11
2023-03-21,Malaysia,Bintulu,1
2023-02-28,Malaysia,Kuala Muda,6
2023-07-11,Malaysia,Batu Pahat,9
2023-06-18,Malaysia,Seremban,14
2023-06-18,Malaysia,Lawas,1
2023-07-25,Malaysia,Kuala Lumpur,517
2023-07-25,Malaysia,Kota Kinabalu,5
2023-07-25,Malaysia,Manjung,1
2023-07-25,Malaysia,Kuala Krai,1
2023-02-13,Malaysia,Pasir Putih,1
2023-04-25,Malaysia,Cameron Highlands,3
2023-09-22,Malaysia,Rompin,3
2023-09-22,Malaysia,Putrajaya,1
2023-08-15,Malaysia,Kuala Terengganu,10
2023-03-03,Malaysia,Seberang Perai Utara,1
2023-04-24,Malaysia,Kuantan,20
2023-04-24,Malaysia,Kota Kinabalu,6
2023-09-21,Malaysia,Seremban,35
2023-09-21,Malaysia,Kuala Terengganu,1
2023-03-17,Malaysia,Kuala Selangor,2
2023-05-30,Malaysia,Perlis,6
2023-07-07,Malaysia,Kota Tinggi,15
2023-08-14,Malaysia,Rompin,1
2023-08-28,Malaysia,Kampar,5
2023-03-02,Malaysia,Langkawi,81
2023-03-02,Malaysia,Port Dickson,58
2023-10-19,Malaysia,Seberang Perai Tengah,11
2023-04-23,Malaysia,Kulaijaya,6
2023-04-23,Malaysia,Kinta,13
2023-10-29,Malaysia,Bentong,2
2023-10-29,Malaysia,Langkawi,51
2023-10-29,Malaysia,Malacca City,172
2023-03-06,Malaysia,Kinta,75
2023-03-06,Malaysia,Kuala Lumpur,610
2023-03-06,Malaysia,Putrajaya,1
2023-10-15,Malaysia,Bentong,4
2023-10-15,Malaysia,Kota Bharu,1
2023-08-03,Malaysia,Kulaijaya,20
2023-08-17,Malaysia,Kuala Lumpur,377
2023-08-17,Malaysia,Seberang Perai Utara,1
2023-08-17,Malaysia,Kuantan,2
2023-08-17,Malaysia,Kuala Selangor,3
2023-10-01,Malaysia,Jempol,7
2023-11-22,Malaysia,Klang,2
2023-11-22,Malaysia,Port Dickson,1
2023-04-12,Malaysia,Seberang Perai Tengah,14
2023-03-19,Malaysia,Manjung,2
2023-10-02,Malaysia,Kinta,60
2023-10-02,Malaysia,Segamat,1
2023-08-02,Malaysia,Hulu Langat,17
2023-04-26,Malaysia,Kuala Muda,13
2023-08-16,Malaysia,Shah Alam,9
2023-08-16,Malaysia,Barat Daya,7
2023-07-09,Malaysia,Kota Bharu,1
2023-10-27,Malaysia,Port Dickson,28
2023-04-11,Malaysia,Kuala Lumpur,341
2023-02-07,Malaysia,Kota Tinggi,12
2023-02-07,Malaysia,Kluang,2
2023-08-11,Malaysia,Kuantan,6
2023-07-04,Malaysia,Port Dickson,17
2023-08-25,Malaysia,Kubang Pasu,2
2023-08-25,Malaysia,Alor Gajah,2
2023-04-20,Malaysia,Bera,1
2023-04-20,Malaysia,Rompin,5
2023-07-18,Malaysia,Batang Padang,1
2023-11-20,Malaysia,Manjung,2
2023-03-27,Malaysia,Kluang,4
2023-02-06,Malaysia,Ranau,5
2023-03-13,Malaysia,Hulu Langat,13
2023-03-13,Malaysia,Bera,1
2023-10-28,Malaysia,Kuantan,14
2023-08-24,Malaysia,Shah Alam,8
2023-07-17,Malaysia,Batu Pahat,2
2023-03-16,Malaysia,Mersing,1
2023-10-25,Malaysia,Penang Island,269
2023-09-20,Malaysia,Kuantan,31
2023-09-20,Malaysia,Penang Island,193
2023-09-30,Malaysia,Kulaijaya,16
2023-10-11,Malaysia,Hulu Langat,4
2023-10-11,Malaysia,Manjung,4
2023-10-11,Malaysia,Alor Gajah,2
2023-08-27,Malaysia,Kuala Lumpur,376
2023-08-13,Malaysia,Kinta,43
2023-10-26,Malaysia,Tampin,1
2023-08-12,Malaysia,Klang,3
2023-03-29,Malaysia,Miri,3
2023-03-29,Malaysia,Bentong,29
2023-02-08,Malaysia,Kubang Pasu,4
2023-02-08,Malaysia,Klang,10
2023-04-21,Malaysia,Seberang Perai Tengah,8
2023-04-21,Malaysia,Batu Pahat,2
2023-07-19,Malaysia,Port Dickson,28
2023-07-05,Malaysia,Klang,14
2023-03-14,Malaysia,Kota Kinabalu,11
2023-04-05,Malaysia,Penang Island,207
2023-11-04,Malaysia,Miri,1
2023-11-04,Malaysia,Tampin,5
2023-11-04,Malaysia,Perak Tengah,2
2023-11-04,Malaysia,Kuala Selangor,1
2023-09-02,Malaysia,Bentong,25
2023-11-19,Malaysia,Kinta,36
2023-11-19,Malaysia,Kota Kinabalu,1
2023-01-21,Malaysia,Ledang,4
2023-11-19,Malaysia,Kubang Pasu,2
2023-04-19,Malaysia,Kuala Lumpur,376
2023-05-26,Malaysia,Malacca City,172
2023-05-26,Malaysia,Shah Alam,19
2023-05-26,Malaysia,Putrajaya,1
2023-05-25,Malaysia,Kampar,2
2023-04-04,Malaysia,Kuching,26
2023-04-04,Malaysia,Sandakan,1
2023-04-04,Malaysia,Kuala Langat,2
2023-01-20,Malaysia,Kuala Pilah,2
2023-01-20,Malaysia,Ranau,3
2023-09-15,Malaysia,Port Dickson,12
2023-09-15,Malaysia,Lawas,1
2023-04-18,Malaysia,Kuantan,10
2023-11-16,Malaysia,Seberang Perai Utara,5
2023-11-16,Malaysia,Langkawi,53
2023-11-16,Malaysia,Genting Highlands,40
2023-11-05,Malaysia,Putrajaya,2
2023-05-10,Malaysia,Klang,15
2023-05-10,Malaysia,Pontian,1
2023-08-08,Malaysia,Alor Gajah,1
2023-11-02,Malaysia,Kuala Langat,1
2023-09-04,Malaysia,Muar,13
2023-09-04,Malaysia,Kota Kinabalu,1
2023-11-03,Malaysia,Genting Highlands,55
2023-11-03,Malaysia,Kuching,31
2023-09-18,Malaysia,Rompin,8
2023-09-18,Malaysia,Kota Tinggi,14
2023-09-18,Malaysia,Kuala Terengganu,2
2023-01-23,Malaysia,Bentong,8
2023-11-17,Malaysia,Klang,21
2023-11-17,Malaysia,Kuantan,3
2023-11-17,Malaysia,Malacca City,163
2023-09-19,Malaysia,Langkawi,85
2023-09-19,Malaysia,Kuala Muda,1
2023-05-27,Malaysia,Johor Bahru,316
2023-05-27,Malaysia,Seberang Perai Selatan,4
2023-09-03,Malaysia,Muar,7
2023-09-03,Malaysia,Bentong,15
2023-04-06,Malaysia,Malacca City,126
2023-04-06,Malaysia,Limbang,1
2023-04-06,Malaysia,Keningau,2
2023-10-07,Malaysia,Kota Setar,13
2023-04-29,Malaysia,Hulu Langat,10
2023-04-29,Malaysia,Seberang Perai Tengah,20
2023-03-08,Malaysia,Klang,12
2023-03-08,Malaysia,Perak Tengah,2
2023-05-21,Malaysia,Sandakan,9
2023-01-31,Malaysia,Johor Bahru,216
2023-11-01,Malaysia,Tampin,2
2023-11-01,Malaysia,Hulu Langat,2
2023-08-05,Malaysia,Bentong,14
2023-04-14,Malaysia,Shah Alam,10
2023-04-14,Malaysia,Klang,7
2023-09-11,Malaysia,Muar,4
2023-04-29,Malaysia,Kuala Muda,6
2023-04-29,Malaysia,Kuala Krai,1
2023-05-20,Malaysia,Kubang Pasu,1
2023-09-12,Malaysia,Rompin,4
2023-09-12,Malaysia,Kuala Muda,5
2023-09-12,Malaysia,Seberang Perai Tengah,9
2023-11-15,Malaysia,Tampin,1
2023-11-15,Malaysia,Segamat,1
2023-03-07,Malaysia,Seberang Perai Tengah,18
2023-04-13,Malaysia,Kota Kinabalu,17
2023-09-14,Malaysia,Kinta,41
2023-09-28,Malaysia,Barat Daya,21
2023-11-13,Malaysia,Kudat,1
2023-11-13,Malaysia,Barat Daya,15
2023-11-13,Malaysia,Kuala Muda,7
2023-08-07,Malaysia,Bachok,1
2023-04-17,Malaysia,Kuching,26
2023-04-17,Malaysia,Barat Daya,1
2023-04-16,Malaysia,Jempol,2
2023-04-16,Malaysia,Bera,1
2023-01-30,Malaysia,Lahad Datu,1
2023-06-13,Malaysia,Kota Kinabalu,12
2023-06-13,Malaysia,Seberang Perai Tengah,15
2023-04-01,Malaysia,Kota Kinabalu,15
2023-03-09,Malaysia,Pekan,2
2023-01-01,Malaysia,Batu Pahat,4
2023-01-01,Malaysia,Klang,4
2023-01-01,Malaysia,Putrajaya,1
2023-02-22,Malaysia,Kulaijaya,8
2023-02-22,Malaysia,Perlis,1
2023-05-06,Malaysia,Malacca City,136
2023-05-06,Malaysia,Kubang Pasu,2
2023-09-13,Malaysia,Kampar,6
2023-04-01,Malaysia,Lahad Datu,2
2023-04-01,Malaysia,Ledang,3
2023-04-01,Malaysia,Rompin,1
2023-04-01,Malaysia,Hulu Selangor,1
2023-05-22,Malaysia,Kinta,43
2023-04-02,Malaysia,Kota Kinabalu,17
2023-04-02,Malaysia,Barat Daya,8
2023-04-02,Malaysia,Kota Setar,9
2023-04-02,Malaysia,Kota Tinggi,4
2023-06-27,Malaysia,Kluang,10
2023-06-26,Malaysia,Klang,8
2023-05-05,Malaysia,Malacca City,150
2023-01-18,Malaysia,Malacca City,113
2023-02-21,Malaysia,Johor Bahru,212
2023-02-21,Malaysia,Maran,1
2023-06-11,Malaysia,Hulu Langat,5
2023-10-30,Malaysia,Genting Highlands,54
2023-07-22,Malaysia,Kulaijaya,16
2023-03-31,Malaysia,Seberang Perai Utara,1
2023-03-31,Malaysia,Lawas,1
2023-06-29,Malaysia,Perlis,1
2023-05-08,Malaysia,Ledang,2
2023-01-14,Malaysia,Seberang Perai Selatan,1
2023-01-17,Malaysia,Rompin,3
2023-06-12,Malaysia,Kuala Selangor,1
2023-06-12,Malaysia,Rompin,4
2023-06-14,Malaysia,Cameron Highlands,2
2023-06-14,Malaysia,Tawau,1
2023-06-15,Malaysia,Penang Island,210
2023-06-15,Malaysia,Kuala Muda,6
2023-06-15,Malaysia,Miri,3
2023-02-21,Malaysia,Lawas,1
2023-04-09,Malaysia,Penampang,1
2023-06-23,Malaysia,Barat Daya,1
2023-06-23,Malaysia,Seremban,18
2023-01-11,Malaysia,Kulaijaya,13
2023-06-28,Malaysia,Mersing,4
2023-05-02,Malaysia,Hulu Langat,3
2023-05-02,Malaysia,Seberang Perai Tengah,15
2023-03-30,Malaysia,Kuching,41
2023-02-23,Malaysia,Kuantan,19
2023-02-23,Malaysia,Kuala Langat,1
2023-01-03,Malaysia,Kluang,5
2023-01-03,Malaysia,Kuala Selangor,1
2023-06-23,Malaysia,Kuala Muda,5
2023-04-08,Malaysia,Seremban,12
2023-11-09,Malaysia,Seberang Perai Selatan,9
2023-01-24,Malaysia,Ledang,1
2023-01-24,Malaysia,Perlis,1
2023-05-15,Malaysia,Kota Kinabalu,9
2023-09-09,Malaysia,Barat Daya,10
2023-09-09,Malaysia,Kuala Selangor,4
2023-01-10,Malaysia,Sri Aman,1
2023-01-16,Malaysia,Hulu Langat,5
2023-09-05,Malaysia,Labuan,3
2023-01-25,Malaysia,Kinta,25
2023-01-25,Malaysia,Ranau,1
2023-09-06,Malaysia,Alor Gajah,1
2023-02-24,Malaysia,Tawau,3
2023-05-01,Malaysia,Shah Alam,5
2023-09-05,Malaysia,Shah Alam,12
2023-09-05,Malaysia,Lawas,3
2023-01-28,Malaysia,Muar,6
2023-05-18,Malaysia,Johor Bahru,387
2023-11-07,Malaysia,Tuaran,1
2023-11-07,Malaysia,Segamat,1
2023-11-07,Malaysia,Seberang Perai Tengah,37
2023-02-20,Malaysia,Bentong,37
2023-02-20,Malaysia,Ranau,1
2023-06-21,Malaysia,Shah Alam,14
2023-11-06,Malaysia,Kemaman,1
2023-11-06,Malaysia,Pendang,1
2023-06-10,Malaysia,Batu Pahat,12
2023-06-24,Malaysia,Manjung,2
2023-01-27,Malaysia,Cameron Highlands,1
2023-06-10,Malaysia,Perlis,1
2023-06-10,Malaysia,Perak Tengah,1
2023-01-12,Malaysia,Hulu Langat,6
2023-06-25,Malaysia,Kota Kinabalu,5
2023-05-17,Malaysia,Rompin,2
2023-07-31,Malaysia,Kota Tinggi,11
2023-07-31,Malaysia,Barat Daya,5
2023-07-31,Malaysia,Lawas,1
2023-07-30,Malaysia,Kuching,19
2023-11-08,Malaysia,Kota Tinggi,38
2023-08-21,Malaysia,Manjung,2
2023-08-21,Malaysia,Lawas,2
2023-07-14,Malaysia,Kota Tinggi,13
2023-07-14,Malaysia,Putrajaya,2
2023-10-23,Malaysia,Kluang,10
2023-06-07,Malaysia,Bera,2
2023-07-28,Malaysia,Segamat,2
2023-02-02,Malaysia,Johor Bahru,273
2023-02-02,Malaysia,Tawau,5
2023-08-20,Malaysia,Kuala Lumpur,313
2023-08-20,Malaysia,Seberang Perai Selatan,3
2023-02-16,Malaysia,Pekan,1
2023-10-24,Malaysia,Sabak Bernam,1
2023-07-13,Malaysia,Mersing,9
2023-07-13,Malaysia,Segamat,1
2023-02-01,Malaysia,Seberang Perai Tengah,9
2023-02-01,Malaysia,Ledang,2
2023-02-01,Malaysia,Cameron Highlands,4
2023-03-22,Malaysia,Kuala Lumpur,263
2023-06-06,Malaysia,Raub,9
2023-07-27,Malaysia,Kinta,52
2023-10-10,Malaysia,Genting Highlands,28
2023-02-05,Malaysia,Kota Setar,7
2023-03-26,Malaysia,Ranau,2
2023-03-11,Malaysia,Johor Bahru,234
2023-02-19,Malaysia,Manjung,3
2023-03-11,Malaysia,Barat Daya,15
2023-02-04,Malaysia,Kuala Langat,3
2023-02-04,Malaysia,Pasir Putih,1
2023-02-04,Malaysia,Perlis,2
2023-10-21,Malaysia,Kota Bharu,1
2023-03-25,Malaysia,Keningau,1
2023-06-09,Malaysia,Johor Bahru,249
2023-08-22,Malaysia,Segamat,1
2023-08-22,Malaysia,Kuantan,21
2023-08-22,Malaysia,Putrajaya,1
2023-10-22,Malaysia,Seberang Perai Selatan,5
2023-03-10,Malaysia,Kulim,1
2023-03-10,Malaysia,Tampin,2
2023-03-10,Malaysia,Jempol,5
2023-03-10,Malaysia,Alor Gajah,1
2023-06-08,Malaysia,Tawau,1
2023-06-08,Malaysia,Sandakan,1
2023-03-24,Malaysia,Langkawi,48
2023-03-24,Malaysia,Tawau,6
2023-02-03,Malaysia,Kinta,36
2023-02-27,Malaysia,Malacca City,160
2023-02-27,Malaysia,Miri,3
2023-07-24,Malaysia,Kuala Muda,3
2023-07-24,Malaysia,Batang Padang,2
2023-06-03,Malaysia,Seremban,35
2023-06-17,Malaysia,Segamat,2
2023-01-05,Malaysia,Kuala Muda,6
2023-01-05,Malaysia,Seberang Perai Utara,2
2023-02-26,Malaysia,Kulim,3
2023-02-26,Malaysia,Kulaijaya,10
2023-07-23,Malaysia,Muar,4
2023-07-23,Malaysia,Cameron Highlands,2
2023-01-19,Malaysia,Seberang Perai Selatan,3
2023-06-02,Malaysia,Ledang,1
2023-02-25,Malaysia,Johor Bahru,211
2023-05-09,Malaysia,Johor Bahru,292
2023-05-09,Malaysia,Kuantan,19
2023-02-11,Malaysia,Johor Bahru,275
2023-10-20,Malaysia,Kluang,7
2023-02-25,Malaysia,Muar,12
2023-07-12,Malaysia,Kuala Terengganu,5
2023-06-05,Malaysia,Malacca City,112
2023-06-05,Malaysia,Kampar,4
2023-01-04,Malaysia,Kuala Lumpur,273
2023-01-04,Malaysia,Kota Kinabalu,11
2023-01-04,Malaysia,Pekan,1
2023-01-04,Malaysia,Kuala Kangsar,1
2023-01-08,Malaysia,Kuala Terengganu,1
2023-07-26,Malaysia,Barat Daya,5
2023-06-19,Malaysia,Kuala Terengganu,10
2023-02-14,Malaysia,Jempol,4
2023-10-31,Malaysia,Segamat,1
2023-02-28,Malaysia,Kota Kinabalu,12
2023-02-28,Malaysia,Klang,10
2023-01-07,Malaysia,Kuching,14
2023-03-20,Malaysia,Langkawi,43
2023-03-20,Malaysia,Jasin,1
2023-03-20,Malaysia,Setiu,1
2023-06-18,Malaysia,Kota Tinggi,10
2023-08-31,Malaysia,Port Dickson,59
2023-08-01,Malaysia,Kuala Lumpur,519
2023-08-01,Malaysia,Lawas,3
2023-09-22,Malaysia,Bentong,27
2023-10-03,Malaysia,Kampar,5
2023-10-03,Malaysia,Kota Tinggi,11
2023-10-03,Malaysia,Kuala Terengganu,10
2023-03-04,Malaysia,Hulu Langat,6
2023-08-15,Malaysia,Hulu Langat,16
2023-08-29,Malaysia,Sabak Bernam,1
2023-05-31,Malaysia,Jempol,4
2023-03-03,Malaysia,Perak Tengah,1
2023-04-10,Malaysia,Langkawi,57
2023-04-10,Malaysia,Kuala Langat,2
2023-04-24,Malaysia,Tampin,1
2023-04-24,Malaysia,Kubang Pasu,3
2023-11-10,Malaysia,Kinta,38
2023-09-21,Malaysia,Langkawi,104
2023-03-17,Malaysia,Kota Kinabalu,25
2023-03-17,Malaysia,Kuala Muda,4
2023-10-18,Malaysia,Shah Alam,14
2023-10-18,Malaysia,Malacca City,174
2023-08-14,Malaysia,Seremban,20
2023-08-28,Malaysia,Penang Island,171
2023-03-02,Malaysia,Kota Kinabalu,17
2023-09-10,Malaysia,Kuantan,33
2023-04-23,Malaysia,Cameron Highlands,1
2023-04-27,Malaysia,Kuching,49
2023-04-27,Malaysia,Kuantan,22
2023-10-15,Malaysia,Johor Bahru,162
2023-08-03,Malaysia,Kuala Lumpur,558
2023-08-03,Malaysia,Kluang,5
2023-08-17,Malaysia,Jempol,4
2023-11-22,Malaysia,Batu Pahat,1
2023-09-24,Malaysia,Kulaijaya,21
2023-09-24,Malaysia,Kuala Muda,4
2023-10-16,Malaysia,Rompin,3
2023-03-19,Malaysia,Kuala Lumpur,195
2023-04-26,Malaysia,Larut and Matang,1
2023-09-23,Malaysia,Klang,10
2023-09-23,Malaysia,Kampar,4
2023-08-16,Malaysia,Tawau,1
2023-08-16,Malaysia,Cameron Highlands,4
2023-08-16,Malaysia,Seberang Perai Selatan,6
2023-07-09,Malaysia,Kuching,24
2023-10-27,Malaysia,Manjung,4
2023-10-27,Malaysia,Putrajaya,3
2023-04-11,Malaysia,Port Dickson,11
2023-10-13,Malaysia,Kuantan,18
2023-10-13,Malaysia,Kota Kinabalu,2
2023-07-04,Malaysia,Penang Island,208
2023-08-25,Malaysia,Bentong,42
2023-08-25,Malaysia,Kota Tinggi,31
2023-04-20,Malaysia,Seberang Perai Tengah,9
2023-03-28,Malaysia,Sibu,2
2023-04-20,Malaysia,Kota Marudu,2
2023-07-18,Malaysia,Shah Alam,15
2023-11-20,Malaysia,Barat Daya,9
2023-11-20,Malaysia,Batu Pahat,8
2023-08-10,Malaysia,Langkawi,63
2023-08-10,Malaysia,Kinta,47
2023-03-13,Malaysia,Miri,2
2023-07-03,Malaysia,Kuala Pilah,1
2023-07-03,Malaysia,Batang Padang,5
2023-08-24,Malaysia,Kota Setar,6
2023-08-24,Malaysia,Alor Gajah,1
2023-07-17,Malaysia,Kuala Langat,3
2023-07-17,Malaysia,Raub,2
2023-03-12,Malaysia,Seberang Perai Selatan,3
2023-03-12,Malaysia,Kuala Muda,6
2023-11-21,Malaysia,Muar,8
2023-11-21,Malaysia,Kampar,6
2023-11-21,Malaysia,Seberang Perai Tengah,14
2023-09-20,Malaysia,Kota Tinggi,10
2023-09-20,Malaysia,Kuala Selangor,1
2023-02-09,Malaysia,Kota Setar,16
2023-03-01,Malaysia,Penang Island,374
2023-10-26,Malaysia,Kuala Lumpur,702
2023-03-15,Malaysia,Langkawi,55
2023-08-12,Malaysia,Port Dickson,26
2023-02-08,Malaysia,Kinta,40
2023-02-08,Malaysia,Bintulu,9
2023-08-26,Malaysia,Penang Island,136
2023-04-21,Malaysia,Penang Island,149
2023-04-21,Malaysia,Johor Bahru,225
2023-04-21,Malaysia,Seberang Perai Utara,1
2023-04-21,Malaysia,Mersing,1
2023-10-12,Malaysia,Bentong,11
2023-07-05,Malaysia,Kampar,6
2023-03-14,Malaysia,Kota Setar,3
2023-04-05,Malaysia,Muar,3
2023-04-05,Malaysia,Alor Gajah,1
2023-11-19,Malaysia,Kota Setar,15
2023-01-21,Malaysia,Miri,3
2023-04-19,Malaysia,Keningau,1
2023-08-09,Malaysia,Bintulu,1
2023-05-26,Malaysia,Penang Island,238
2023-05-26,Malaysia,Kulaijaya,28
2023-05-11,Malaysia,Kota Kinabalu,6
2023-03-14,Malaysia,Segamat,5
2023-05-25,Malaysia,Johor Bahru,391
2023-09-01,Malaysia,Ranau,1
2023-04-04,Malaysia,Malacca City,128
2023-04-04,Malaysia,Bentong,39
2023-01-20,Malaysia,Pekan,4
2023-01-20,Malaysia,Rompin,2
2023-09-15,Malaysia,Penang Island,163
2023-04-18,Malaysia,Kuching,29
2023-04-18,Malaysia,Seremban,15
2023-04-18,Malaysia,Seberang Perai Tengah,7
2023-04-18,Malaysia,Jeli,1
2023-05-10,Malaysia,Kuantan,13
2023-05-10,Malaysia,Kota Tinggi,12
2023-04-07,Malaysia,Kuala Langat,2
2023-04-07,Malaysia,Kuantan,22
2023-04-07,Malaysia,Besut,1
2023-08-08,Malaysia,Batang Padang,10
2023-11-02,Malaysia,Johor Bahru,309
2023-11-02,Malaysia,Seremban,24
2023-11-16,Malaysia,Kuala Pilah,3
2023-09-04,Malaysia,Kuching,19
2023-09-04,Malaysia,Seberang Perai Tengah,7
2023-09-04,Malaysia,Klang,11
2023-11-03,Malaysia,Kuala Pilah,1
2023-09-18,Malaysia,Manjung,1
2023-01-23,Malaysia,Kuala Selangor,2
2023-06-20,Malaysia,Shah Alam,5
2023-06-20,Malaysia,Batu Pahat,8
2023-11-18,Malaysia,Kota Tinggi,31
2023-11-18,Malaysia,Batang Padang,1
2023-09-17,Malaysia,Temerloh,1
2023-05-28,Malaysia,Pasir Putih,1
2023-05-13,Malaysia,Bentong,25
2023-05-14,Malaysia,Jempol,1
2023-09-03,Malaysia,Kuching,13
2023-09-03,Malaysia,Seberang Perai Tengah,2
2023-09-03,Malaysia,Kuantan,18
2023-05-12,Malaysia,Kuala Lumpur,346
2023-05-12,Malaysia,Shah Alam,19
2023-05-12,Malaysia,Kota Tinggi,16
2023-05-12,Malaysia,Miri,1
2023-11-14,Malaysia,Kuala Terengganu,1
2023-04-29,Malaysia,Muar,2
2023-09-26,Malaysia,Perak Tengah,2
2023-05-21,Malaysia,Klang,6
2023-08-05,Malaysia,Lawas,2
2023-09-26,Malaysia,Sabak Bernam,1
2023-08-05,Malaysia,Kota Kinabalu,3
2023-09-11,Malaysia,Klang,8
2023-09-11,Malaysia,Alor Gajah,3
2023-04-29,Malaysia,Kuala Selangor,2
2023-05-20,Malaysia,Barat Daya,5
2023-04-28,Malaysia,Keningau,2
2023-11-15,Malaysia,Muar,25
2023-11-15,Malaysia,Klang,23
2023-11-15,Malaysia,Batu Pahat,6
2023-11-15,Malaysia,Kuala Lumpur,565
2023-11-15,Malaysia,Perak Tengah,1
2023-03-07,Malaysia,Malacca City,147
2023-03-07,Malaysia,Kuala Lumpur,515
2023-03-07,Malaysia,Sandakan,1
2023-08-18,Malaysia,Kampar,3
2023-04-13,Malaysia,Seremban,20
2023-04-13,Malaysia,Penampang,2
2023-04-13,Malaysia,Miri,6
2023-09-25,Malaysia,Kuantan,33
2023-09-14,Malaysia,Malacca City,154
2023-09-28,Malaysia,Jempol,6
2023-09-28,Malaysia,Seremban,21
2023-09-28,Malaysia,Johor Bahru,239
2023-10-06,Malaysia,Kuching,28
2023-08-07,Malaysia,Seberang Perai Utara,2
2023-08-07,Malaysia,Bentong,25
2023-08-07,Malaysia,Barat Daya,2
2023-08-07,Malaysia,Tawau,1
2023-08-07,Malaysia,Batang Padang,1
2023-09-14,Malaysia,Muar,7
2023-05-24,Malaysia,Kulim,2
2023-05-24,Malaysia,Langkawi,46
2023-05-24,Malaysia,Miri,17
2023-05-24,Malaysia,Temerloh,4
2023-04-16,Malaysia,Kuala Pilah,2
2023-04-16,Malaysia,Kampar,4
2023-05-23,Malaysia,Cameron Highlands,3
2023-04-03,Malaysia,Jempol,8
2023-09-27,Malaysia,Lawas,1
2023-09-27,Malaysia,Mersing,2
2023-09-27,Malaysia,Barat Daya,14
2023-09-27,Malaysia,Johor Bahru,230
2023-10-05,Malaysia,N/A,8
2023-10-05,Malaysia,Rompin,1
2023-10-05,Malaysia,Kluang,6
2023-10-05,Malaysia,Kuching,28
2023-06-13,Malaysia,Segamat,3
2023-05-22,Malaysia,Kuantan,12
2023-11-12,Malaysia,Kota Bharu,3
2023-01-01,Malaysia,Pekan,1
2023-02-22,Malaysia,Kuala Muda,13
2023-02-22,Malaysia,Segamat,3
2023-02-22,Malaysia,Pekan,1
2023-08-06,Malaysia,Johor Bahru,179
2023-08-06,Malaysia,Langkawi,58
2023-08-06,Malaysia,Batang Padang,8
2023-05-06,Malaysia,Batu Pahat,3
2023-05-22,Malaysia,Seberang Perai Selatan,2
2023-05-22,Malaysia,Ledang,1
2023-05-22,Malaysia,Sandakan,4
2023-04-02,Malaysia,Kota Bharu,3
2023-06-27,Malaysia,Kuala Lumpur,455
2023-06-27,Malaysia,Kampar,11
2023-06-26,Malaysia,Kuala Pilah,1
2023-06-26,Malaysia,Kota Kinabalu,6
2023-02-21,Malaysia,Seremban,22
2023-06-01,Malaysia,Seremban,44
2023-10-30,Malaysia,Kota Tinggi,15
2023-10-30,Malaysia,Seberang Perai Selatan,7
2023-01-29,Malaysia,Pontian,1
2023-07-22,Malaysia,Kota Setar,5
2023-02-10,Malaysia,Besut,3
2023-03-31,Malaysia,Miri,12
2023-06-29,Malaysia,Jempol,1
2023-06-29,Malaysia,Batang Padang,2
2023-05-19,Malaysia,Jempol,2
2023-05-19,Malaysia,Miri,12
2023-01-14,Malaysia,Kuala Lumpur,222
2023-01-17,Malaysia,Klang,5
2023-01-17,Malaysia,Seberang Perai Utara,2
2023-01-02,Malaysia,Kuala Muda,1
2023-06-14,Malaysia,Johor Bahru,287
2023-06-14,Malaysia,Tuaran,1
2023-06-15,Malaysia,Kuala Pilah,1
2023-06-15,Malaysia,Kuala Langat,3
2023-06-15,Malaysia,Jempol,1
2023-02-21,Malaysia,Tambunan,1
2023-04-09,Malaysia,Segamat,2
2023-06-23,Malaysia,Kuching,37
2023-06-23,Malaysia,Langkawi,57
2023-06-28,Malaysia,Muar,1
2023-06-28,Malaysia,Sandakan,1
2023-07-20,Malaysia,Tampin,1
2023-07-20,Malaysia,Shah Alam,27
2023-07-20,Malaysia,Kluang,4
2023-05-07,Malaysia,Perlis,1
2023-05-07,Malaysia,Kota Bharu,1
2023-03-30,Malaysia,Batu Pahat,3
2023-02-23,Malaysia,Barat Daya,26
2023-01-03,Malaysia,Kuala Lumpur,251
2023-01-03,Malaysia,Hulu Langat,4
2023-01-03,Malaysia,Kuala Terengganu,3
2023-06-23,Malaysia,Hulu Langat,3
2023-01-24,Malaysia,Malacca City,121
2023-01-24,Malaysia,Kinta,49
2023-01-24,Malaysia,Kuantan,16
2023-09-09,Malaysia,Seberang Perai Tengah,8
2023-09-09,Malaysia,Bentong,39
2023-09-09,Malaysia,Seberang Perai Utara,1
2023-01-10,Malaysia,Langkawi,43
2023-01-10,Malaysia,Kuala Langat,2
2023-01-10,Malaysia,Kota Tinggi,9
2023-01-16,Malaysia,Kulaijaya,11
2023-01-25,Malaysia,Batu Pahat,12
2023-02-24,Malaysia,Kuala Lumpur,376
2023-07-21,Malaysia,Kuala Langat,1
2023-01-11,Malaysia,Klang,10
2023-01-11,Malaysia,Rompin,1
2023-01-13,Malaysia,Hulu Langat,8
2023-05-18,Malaysia,Cameron Highlands,1
2023-06-22,Malaysia,Kota Kinabalu,6
2023-02-20,Malaysia,Seremban,38
2023-02-20,Malaysia,Langkawi,69
2023-02-20,Malaysia,Hulu Selangor,1
2023-05-04,Malaysia,Kuala Lumpur,298
2023-06-21,Malaysia,Port Dickson,13
2023-05-03,Malaysia,Langkawi,53
2023-01-27,Malaysia,Batu Pahat,11
2023-01-27,Malaysia,Kuala Muda,7
2023-01-26,Malaysia,Jeli,1
2023-05-17,Malaysia,Jempol,2
2023-05-17,Malaysia,Batang Padang,7
2023-07-31,Malaysia,Seberang Perai Tengah,12
2023-11-08,Malaysia,Perlis,2
2023-11-08,Malaysia,Kuala Selangor,2
2023-02-17,Thailand,Suan Luang,1
2023-08-21,Thailand,Bang Plad,5
2023-08-21,Thailand,Wang Chan,1
2023-07-14,Thailand,Thon Buri,1
2023-04-30,Thailand,Sattahip,1
2023-10-23,Thailand,Wattana,5
2023-10-23,Thailand,Doi Saket,1
2023-07-28,Thailand,Lat Krabang,3
2023-07-28,Thailand,Sathorn,2
2023-02-16,Thailand,Pak Kret,1
2023-02-01,Thailand,Bang Rak,37
2023-03-22,Thailand,Thon Buri,1
2023-07-27,Thailand,Wang Chan,2
2023-10-10,Thailand,Sadao,1
2023-10-10,Thailand,K. Bang Sao Thon,2
2023-02-05,Thailand,Lat Krabang,1
2023-02-05,Thailand,Bang Lamung,3
2023-10-21,Thailand,Khlong Toey,36
2023-03-25,Thailand,Wattana,20
2023-03-25,Thailand,Min Buri,1
2023-10-21,Thailand,Phaya Thai,2
2023-08-22,Thailand,Ko Yao District,1
2023-07-01,Thailand,Khlong San,3
2023-10-22,Thailand,Ko Lanta,3
2023-10-22,Thailand,Bang Lamung,7
2023-10-22,Thailand,Mueang Krabi,43
2023-07-29,Thailand,Phra Nakhon,12
2023-07-29,Thailand,Takua Pa,12
2023-03-10,Thailand,Muang Rayong,1
2023-03-10,Thailand,Muang Chiang Mai,3
2023-03-24,Thailand,Pathum Wan,13
2023-01-06,Thailand,Pathum Wan,7
2023-01-06,Thailand,Wang Thonglang,2
2023-07-24,Thailand,Chatuchak,38
2023-07-24,Thailand,Hua Hin,13
2023-07-24,Thailand,Cha-Am,13
2023-07-24,Thailand,Bang Khae,13
2023-06-03,Thailand,Bang Rak,26
2023-02-12,Thailand,Phra Nakhon,4
2023-02-26,Thailand,Bang Bo,1
2023-08-30,Thailand,Bang Plad,6
2023-06-16,Thailand,Muang Satun,2
2023-02-25,Thailand,Pattaya,53
2023-10-20,Thailand,Bang Khun Thian,1
2023-10-20,Thailand,Muang Khon Kaen,2
2023-02-25,Thailand,Ko Samui,3
2023-02-25,Thailand,Muang Khon Kaen,4
2023-06-05,Thailand,Phuttha Mon Thon,1
2023-06-05,Thailand,Huai Kwang,11
2023-06-05,Thailand,Bang Plee,1
2023-07-12,Thailand,Sadao,1
2023-01-08,Thailand,Phaya Thai,2
2023-06-19,Thailand,Ratchathewi,144
2023-10-31,Thailand,Pak Kret,2
2023-10-31,Thailand,Mueang Krabi,29
2023-02-28,Thailand,Phra Nakhon,10
2023-02-28,Thailand,Phuttha Mon Thon,1
2023-01-07,Thailand,Hat Yai,5
2023-03-20,Thailand,Mueang Krabi,3
2023-07-10,Thailand,Mueang Krabi,21
2023-07-10,Thailand,Thungkru,2
2023-07-10,Thailand,Don Muang,1
2023-07-25,Thailand,Muang Surat Thani,1
2023-10-17,Thailand,Phaya Thai,3
2023-08-01,Thailand,Muang Chiang Rai,1
2023-10-03,Thailand,Khlong San,22
2023-10-03,Thailand,Phra Nakhon,9
2023-10-03,Thailand,Mae Rim,3
2023-03-18,Thailand,Huai Kwang,2
2023-08-15,Thailand,Sattahip,1
2023-07-08,Thailand,Thawi Wattana,2
2023-07-08,Thailand,Bang Kapi,3
2023-03-03,Thailand,Mueang Krabi,7
2023-04-10,Thailand,Bang Rak,11
2023-04-10,Thailand,Takua Pa,6
2023-04-10,Thailand,Din Dang,1
2023-04-24,Thailand,Phra Nakhon,7
2023-09-21,Thailand,Chatuchak,9
2023-10-04,Thailand,Khlong Toey,31
2023-03-17,Thailand,Bang Plad,1
2023-10-18,Thailand,Ko Phangan,2
2023-10-18,Thailand,Phuket Island,78
2023-07-07,Thailand,Hat Yai,4
2023-07-07,Thailand,Phuket Island,27
2023-08-14,Thailand,Prawet,3
2023-08-14,Thailand,Dusit,1
2023-08-28,Thailand,Phra Khanong,9
2023-03-02,Thailand,Ratchathewi,214
2023-03-02,Thailand,K. Bang Sao Thon,1
2023-09-10,Thailand,Lat Phrao,1
2023-10-19,Thailand,Bang Lamung,8
2023-10-19,Thailand,Koh Si Chang,2
2023-04-23,Thailand,Lam Luk Ka,1
2023-11-11,Thailand,Bang Plad,1
2023-11-11,Thailand,Phuttha Mon Thon,2
2023-10-29,Thailand,Din Dang,2
2023-10-29,Thailand,Bang Plee,3
2023-10-29,Thailand,Wang Thonglang,1
2023-04-27,Thailand,Phra Nakhon,7
2023-04-27,Thailand,Muang Khon Kaen,3
2023-04-27,Thailand,Muang Satun,1
2023-08-17,Thailand,Bang Plad,8
2023-10-01,Thailand,Klaeng,2
2023-10-01,Thailand,Samphantawong,6
2023-10-01,Thailand,K. Bang Sao Thon,19
2023-11-22,Thailand,Sattahip,1
2023-09-24,Thailand,Phra Nakhon,10
2023-10-16,Thailand,Pran Buri,1
2023-10-16,Thailand,Khlong Luang,1
2023-04-12,Thailand,Samphantawong,3
2023-10-02,Thailand,Khlong San,15
2023-10-02,Thailand,Suan Luang,1
2023-10-02,Thailand,Bang Saphan,1
2023-08-02,Thailand,Khlong Toey,23
2023-04-26,Thailand,Phuket Island,34
2023-07-09,Thailand,Samphantawong,4
2023-07-09,Thailand,Din Dang,2
2023-07-09,Thailand,Khlong San,7
2023-10-27,Thailand,Lak Si,1
2023-04-11,Thailand,Muang Rayong,1
2023-10-13,Thailand,Muang Kanchanaburi,4
2023-10-13,Thailand,Cha-Am,1
2023-02-07,Thailand,Bang Rak,26
2023-02-07,Thailand,Pom Pram Sattru,2
2023-08-11,Thailand,Phuket Island,46
2023-08-11,Thailand,Bang Khun Thian,2
2023-07-04,Thailand,Muang Nakhon Ratchasima,3
2023-04-20,Thailand,Muang Rayong,2
2023-04-20,Thailand,Phra Nakhon,4
2023-07-18,Thailand,Bang Plee,18
2023-11-20,Thailand,Bang Plad,1
2023-11-20,Thailand,Khan Na Yao,1
2023-03-27,Thailand,Ko Phangan,2
2023-03-27,Thailand,Muang Chiang Rai,8
2023-03-27,Thailand,Hua Hin,8
2023-02-06,Thailand,Pak Chong,1
2023-08-10,Thailand,Si Racha,3
2023-08-10,Thailand,Phuttha Mon Thon,4
2023-08-10,Thailand,Lat Krabang,7
2023-07-03,Thailand,Ratchathewi,119
2023-07-03,Thailand,Muang Chiang Rai,1
2023-10-14,Thailand,K. Ko Chang,2
2023-10-14,Thailand,Muang Nonthaburi,1
2023-08-24,Thailand,Klaeng,1
2023-07-17,Thailand,Chom Thong,1
2023-07-17,Thailand,Ko Samui,6
2023-07-17,Thailand,Din Dang,3
2023-03-12,Thailand,Khlong Toey,23
2023-11-21,Thailand,Lat Krabang,3
2023-03-16,Thailand,San Sai,1
2023-09-20,Thailand,Prawet,3
2023-09-20,Thailand,Bang Saphan,1
2023-09-30,Thailand,Cha-Am,7
2023-09-30,Thailand,Dusit,6
2023-09-30,Thailand,Ban Chang,1
2023-08-13,Thailand,Muang Surat Thani,2
2023-08-13,Thailand,Bang Lamung,11
2023-10-26,Thailand,Ko Samui,5
2023-03-15,Thailand,Khlong Toey,23
2023-03-15,Thailand,Muang Chiang Rai,5
2023-04-22,Thailand,Huai Kwang,10
2023-04-22,Thailand,Hat Yai,5
2023-04-22,Thailand,Pathum Wan,6
2023-03-01,Thailand,Pai,1
2023-04-21,Thailand,Mueang Krabi,5
2023-04-21,Thailand,Din Dang,1
2023-10-12,Thailand,Pattaya,96
2023-07-19,Thailand,Min Buri,2
2023-07-19,Thailand,Phuttha Mon Thon,1
2023-07-19,Thailand,Muang Rayong,1
2023-07-19,Thailand,Bang Khae,9
2023-07-19,Thailand,Takua Pa,4
2023-07-19,Thailand,Klaeng,2
2023-07-05,Thailand,Wattana,16
2023-07-05,Thailand,Muang Kanchanaburi,1
2023-03-14,Thailand,Hat Yai,4
2023-11-04,Thailand,Muang Rayong,1
2023-11-04,Thailand,Aranyaprathet,1
2023-11-04,Thailand,Samphantawong,6
2023-11-19,Thailand,Hat Yai,2
2023-11-19,Thailand,Phra Khanong,1
2023-11-19,Thailand,Suan Luang,15
2023-08-09,Thailand,Phra Nakhon,7
2023-05-11,Thailand,N/A,1
2023-03-14,Thailand,Takua Pa,1
2023-09-01,Thailand,Bang Plad,8
2023-09-01,Thailand,Hua Hin,11
2023-09-01,Thailand,Yannawa,1
2023-01-20,Thailand,Bang Rak,22
2023-11-16,Thailand,Muang Buri Ram,3
2023-11-16,Thailand,Bang Kapi,1
2023-11-16,Thailand,Hat Yai,2
2023-09-29,Thailand,Bangkok Noi,2
2023-11-05,Thailand,Ko Phangan,8
2023-11-05,Thailand,Wattana,11
2023-11-02,Thailand,Phaya Thai,7
2023-09-29,Thailand,Mae Rim,1
2023-05-28,Thailand,Pattaya,29
2023-09-04,Thailand,Phuket Island,47
2023-09-04,Thailand,Thap Sakae,1
2023-09-04,Thailand,Huai Kwang,1
2023-09-18,Thailand,Cha-Am,12
2023-09-18,Thailand,Wattana,14
2023-09-18,Thailand,Wang Thonglang,2
2023-11-18,Thailand,Bang Rak,28
2023-11-18,Thailand,Din Dang,6
2023-11-18,Thailand,Phaya Thai,4
2023-11-18,Thailand,Thawi Wattana,2
2023-09-17,Thailand,Ko Phangan,2
2023-05-14,Thailand,Samphantawong,2
2023-05-27,Thailand,Huai Kwang,10
2023-05-27,Thailand,Cha-Am,1
2023-05-27,Thailand,Pak Kret,5
2023-05-12,Thailand,Phuttha Mon Thon,1
2023-11-14,Thailand,Ko Lanta,2
2023-04-15,Thailand,Phra Khanong,7
2023-04-15,Thailand,Bang Rak,9
2023-04-06,Thailand,Takua Pa,1
2023-10-07,Thailand,Pattaya,99
2023-10-07,Thailand,Ko Lanta,3
2023-10-07,Thailand,Ratchathewi,127
2023-05-21,Thailand,Bang Lamung,40
2023-01-31,Thailand,Pathum Wan,7
2023-08-19,Thailand,Cha-Am,3
2023-05-12,Thailand,Muang Phitsanulok,1
2023-09-26,Thailand,Ko Samui,3
2023-04-14,Thailand,Bang Plee,1
2023-08-05,Thailand,Muang Kanchanaburi,1
2023-09-11,Thailand,Muang Nonthaburi,1
2023-09-11,Thailand,Ko Lanta,1
2023-09-11,Thailand,K. Bang Sao Thon,4
2023-05-20,Thailand,Hat Yai,4
2023-04-28,Thailand,K. Bang Sao Thon,3
2023-11-15,Thailand,Bang Kho Laem,1
2023-11-15,Thailand,Muang Ubon Ratchatani,1
2023-03-07,Thailand,Lak Si,2
2023-03-07,Thailand,Muang Satun,1
2023-03-07,Thailand,Bang Plad,2
2023-03-07,Thailand,Muang Chiang Rai,2
2023-08-18,Thailand,Pak Chong,4
2023-08-18,Thailand,Lat Phrao,1
2023-09-25,Thailand,Hua Hin,19
2023-09-25,Thailand,Bang Kapi,8
2023-09-25,Thailand,K. Bang Sao Thon,2
2023-06-30,Thailand,Lam Luk Ka,3
2023-10-09,Thailand,Prawet,1
2023-09-14,Thailand,Huai Kwang,11
2023-09-28,Thailand,Lam Luk Ka,3
2023-09-28,Thailand,Phuket Island,37
2023-10-06,Thailand,Bang Plad,2
2023-10-06,Thailand,Bang Kho Laem,1
2023-10-06,Thailand,Bang Saphan,1
2023-08-07,Thailand,Samoeng,1
2023-04-16,Thailand,Phaya Thai,7
2023-04-16,Thailand,Muang Chiang Mai,3
2023-11-01,Thailand,Bang Bua Thong,2
2023-04-03,Thailand,Hat Yai,3
2023-10-05,Thailand,Thap Sakae,1
2023-06-13,Thailand,Samphantawong,3
2023-06-13,Thailand,Bang Kruai,1
2023-03-09,Thailand,Pathum Wan,19
2023-03-09,Thailand,Din Dang,1
2023-03-09,Thailand,Sattahip,1
2023-11-12,Thailand,Phra Nakhon,23
2023-02-22,Thailand,Muang Rayong,1
2023-05-06,Thailand,Takua Pa,4
2023-04-01,Thailand,Bang Plad,1
2023-04-01,Thailand,Muang Songkhla,1
2023-04-01,Thailand,K. Bang Sao Thon,3
2023-04-02,Thailand,Phaya Thai,5
2023-04-02,Thailand,Samphantawong,4
2023-05-05,Thailand,Ratchathewi,105
2023-02-21,Thailand,Huai Kwang,7
2023-06-11,Thailand,Muang Nonthaburi,5
2023-10-30,Thailand,Hua Hin,11
2023-10-30,Thailand,Sathorn,4
2023-10-30,Thailand,Don Muang,5
2023-10-30,Thailand,K. Bang Sao Thon,1
2023-02-10,Thailand,Ko Samui,1
2023-07-22,Thailand,Mae Sot,1
2023-03-31,Thailand,Hua Hin,6
2023-03-31,Thailand,Hat Yai,2
2023-06-29,Thailand,Mueang Krabi,19
2023-06-29,Thailand,Bang Bua Thong,1
2023-06-29,Thailand,Muang Chiang Rai,2
2023-01-15,Thailand,Sattahip,1
2023-01-17,Thailand,Bang Lamung,13
2023-06-15,Thailand,Muang Chiang Rai,1
2023-04-09,Thailand,Sathorn,1
2023-06-26,Thailand,Samphantawong,4
2023-06-23,Thailand,Muang Rayong,1
2023-06-28,Thailand,Ko Phangan,2
2023-07-20,Thailand,Hua Hin,8
2023-05-07,Thailand,Pom Pram Sattru,1
2023-03-30,Thailand,Phra Nakhon,10
2023-03-30,Thailand,Sattahip,3
2023-02-23,Thailand,Bang Lamung,2
2023-01-03,Thailand,Phuket Island,12
2023-01-03,Thailand,Bang Rak,11
2023-06-23,Thailand,Phaya Thai,4
2023-04-08,Thailand,Huai Kwang,8
2023-04-08,Thailand,Bang Lamung,15
2023-11-09,Thailand,Bang Lamung,7
2023-01-24,Thailand,Sathorn,1
2023-01-24,Thailand,Don Muang,2
2023-01-10,Thailand,Chatuchak,1
2023-05-16,Thailand,Bang Lamung,15
2023-01-16,Thailand,Thon Buri,1
2023-01-16,Thailand,Don Muang,1
2023-05-29,Thailand,Bang Rak,34
2023-05-29,Thailand,Bang Kapi,1
2023-09-06,Thailand,Mueang Krabi,33
2023-09-06,Thailand,Muang Chiang Rai,3
2023-02-24,Thailand,Khlong Hoi Kong,1
2023-02-24,Thailand,Khlong Toey,10
2023-02-24,Thailand,Din Dang,1
2023-07-21,Thailand,Samphantawong,9
2023-07-21,Thailand,Pathum Wan,21
2023-01-11,Thailand,Phra Nakhon,2
2023-05-01,Thailand,Muang Chumphon,1
2023-01-13,Thailand,Phra Khanong,1
2023-01-13,Thailand,Don Muang,1
2023-01-28,Thailand,Chatuchak,3
2023-09-08,Thailand,Pattaya,126
2023-09-08,Thailand,Hua Hin,17
2023-06-22,Thailand,Bang Rak,18
2023-11-07,Thailand,Ko Phangan,7
2023-05-04,Thailand,Khlong San,17
2023-11-06,Thailand,K. Ko Kut,2
2023-11-06,Thailand,Wang Thonglang,2
2023-05-03,Thailand,Don Muang,3
2023-05-03,Thailand,Bang Rak,9
2023-06-10,Thailand,Bang Khae,1
2023-06-24,Thailand,Hat Yai,2
2023-06-24,Thailand,Phra Khanong,10
2023-01-27,Thailand,Bang Rak,38
2023-01-27,Thailand,Wattana,8
2023-06-25,Thailand,Muang Kanchanaburi,1
2023-05-17,Thailand,Khan Na Yao,1
2023-05-17,Thailand,Huai Kwang,7
2023-09-08,Thailand,Samphantawong,2
2023-09-08,Thailand,Thawi Wattana,1
2023-07-31,Thailand,Pathum Wan,4
2023-07-31,Thailand,Min Buri,1
2023-07-31,Thailand,Thungkru,4
2023-07-31,Thailand,Muang Nakhon Pathom,1
2023-09-07,Thailand,Phuket Island,48
2023-09-07,Thailand,Klaeng,3
2023-11-08,Thailand,Mae Rim,2
2023-11-08,Thailand,Wattana,18
2023-02-17,Thailand,K. Sam Roi Yot,2
2023-02-17,Thailand,Khlong San,18
2023-04-30,Thailand,Takua Pa,1
2023-04-30,Thailand,Pathum Wan,8
2023-10-23,Thailand,Mae Rim,3
2023-10-23,Thailand,Mueang Krabi,40
2023-10-23,Thailand,Phuttha Mon Thon,3
2023-06-07,Thailand,Thon Buri,1
2023-07-28,Thailand,Phimai,1
2023-02-02,Thailand,Muang Khon Kaen,1
2023-03-23,Thailand,Khlong San,13
2023-03-23,Thailand,Bang Plee,1
2023-08-20,Thailand,Khlong San,4
2023-02-16,Thailand,Bang Na,1
2023-10-24,Thailand,Mae Rim,1
2023-10-24,Thailand,Ko Phangan,1
2023-07-13,Thailand,Thungkru,3
2023-06-06,Thailand,Bang Plad,4
2023-06-06,Thailand,K. Bang Sao Thon,2
2023-07-27,Thailand,Bang Plad,8
2023-07-27,Thailand,Bang Plee,14
2023-07-27,Thailand,Ko Phangan,2
2023-10-10,Thailand,Ko Samui,1
2023-08-23,Thailand,Muang Chiang Rai,2
2023-07-02,Thailand,Muang Satun,9
2023-03-26,Thailand,Hat Yai,2
2023-03-26,Thailand,Pua,1
2023-02-19,Thailand,Bang Rak,24
2023-07-16,Thailand,Bang Khae,14
2023-10-21,Thailand,Bang Rak,18
2023-03-25,Thailand,Hat Yai,1
2023-03-25,Thailand,Phra Khanong,5
2023-03-25,Thailand,Chatuchak,3
2023-03-25,Thailand,Sattahip,4
2023-08-22,Thailand,Chatuchak,5
2023-08-22,Thailand,Suan Luang,1
2023-08-22,Thailand,Khan Na Yao,2
2023-02-18,Thailand,Khlong Toey,3
2023-07-01,Thailand,Wattana,22
2023-10-22,Thailand,Pathum Wan,8
2023-10-22,Thailand,K. Ko Chang,2
2023-07-29,Thailand,Doi Saket,1
2023-03-10,Thailand,Thawi Wattana,4
2023-03-10,Thailand,Si Racha,4
2023-06-08,Thailand,Pattaya,42
2023-03-24,Thailand,Ratchathewi,112
2023-02-03,Thailand,Muang Chiang Mai,7
2023-02-27,Thailand,Muang Nakhon Pathom,1
2023-07-24,Thailand,Khlong Luang,1
2023-02-12,Thailand,Wattana,11
2023-06-17,Thailand,Khlong Toey,15
2023-08-30,Thailand,Ko Lanta,1
2023-07-23,Thailand,Bang Plee,22
2023-07-23,Thailand,Khlong San,5
2023-07-23,Thailand,Muang Samut Prakan,1
2023-01-19,Thailand,Pattaya,9
2023-06-02,Thailand,Muang Khon Kaen,1
2023-06-02,Thailand,Pathum Wan,10
2023-06-02,Thailand,Pak Kret,7
2023-05-09,Thailand,Phra Khanong,1
2023-10-20,Thailand,Chatuchak,14
2023-10-20,Thailand,Thap Sakae,1
2023-10-20,Thailand,K. Bang Sao Thon,4
2023-10-20,Thailand,Muang Kanchanaburi,2
2023-07-12,Thailand,Khlong Toey,39
2023-01-08,Thailand,Bang Bo,3
2023-07-26,Thailand,Lat Krabang,4
2023-06-19,Thailand,Mae Rim,1
2023-10-31,Thailand,Sadao,1
2023-03-21,Thailand,Lat Krabang,3
2023-06-04,Thailand,Phuket Island,27
2023-07-11,Thailand,Muang Nakhon Ratchasima,1
2023-07-11,Thailand,Bang Plad,5
2023-07-11,Thailand,Suan Luang,2
2023-06-18,Thailand,Huai Kwang,7
2023-07-10,Thailand,Phuket Island,29
2023-07-10,Thailand,Huai Kwang,5
2023-07-25,Thailand,Thungkru,7
2023-07-25,Thailand,Doi Saket,1
2023-07-25,Thailand,Klaeng,4
2023-08-31,Thailand,Samphantawong,6
2023-08-31,Thailand,Wang Thonglang,3
2023-04-25,Thailand,Khlong Luang,3
2023-10-17,Thailand,Muang Nonthaburi,2
2023-08-01,Thailand,Wattana,13
2023-08-01,Thailand,Klaeng,2
2023-10-03,Thailand,Thon Buri,1
2023-10-03,Thailand,Suan Luang,1
2023-08-15,Thailand,Muang Satun,9
2023-08-15,Thailand,Prawet,1
2023-08-29,Thailand,Khlong Toey,32
2023-08-29,Thailand,Bangkok Noi,3
2023-05-31,Thailand,Hat Yai,7
2023-07-08,Thailand,Muang Chon Buri,1
2023-03-03,Thailand,Thawi Wattana,1
2023-04-10,Thailand,Pathum Wan,22
2023-04-10,Thailand,Muang Khon Kaen,3
2023-11-10,Thailand,K. Ko Kut,1
2023-09-21,Thailand,Lat Phrao,1
2023-09-21,Thailand,Pathum Wan,24
2023-10-04,Thailand,Sathorn,5
2023-10-18,Thailand,Wattana,15
2023-10-18,Thailand,Pathum Wan,12
2023-10-18,Thailand,Phaya Thai,3
2023-10-18,Thailand,Ratchathewi,164
2023-05-30,Thailand,Chatuchak,2
2023-07-07,Thailand,Cha-Am,16
2023-08-14,Thailand,Sattahip,1
2023-08-28,Thailand,Muang Chiang Rai,1
2023-08-28,Thailand,Pak Chong,1
2023-03-02,Thailand,Samphantawong,7
2023-04-23,Thailand,Pattaya,21
2023-04-23,Thailand,Muang Chiang Mai,7
2023-04-23,Thailand,Pak Chong,1
2023-11-11,Thailand,Samphantawong,2
2023-11-11,Thailand,Muang Nonthaburi,4
2023-10-29,Thailand,Si Racha,1
2023-10-29,Thailand,Don Muang,11
2023-10-29,Thailand,Pathum Wan,12
2023-03-06,Thailand,Mueang Krabi,6
2023-09-10,Thailand,Sathorn,2
2023-10-15,Thailand,Chatuchak,19
2023-10-15,Thailand,Wang Thonglang,1
2023-08-03,Thailand,Min Buri,3
2023-08-03,Thailand,Phuttha Mon Thon,3
2023-11-22,Thailand,Phuket Island,8
2023-09-24,Thailand,Phaya Thai,3
2023-10-16,Thailand,Thap Sakae,2
2023-04-12,Thailand,Khlong Luang,1
2023-10-02,Thailand,Bang Plee,1
2023-04-26,Thailand,Khlong Toey,11
2023-04-26,Thailand,Muang Nakhon Ratchasima,4
2023-09-23,Thailand,Pattaya,126
2023-07-09,Thailand,Thungkru,6
2023-07-09,Thailand,Khlong Luang,2
2023-10-13,Thailand,Khlong San,13
2023-02-07,Thailand,Muang Nakhon Ratchasima,1
2023-08-11,Thailand,Khlong Toey,42
2023-08-11,Thailand,Samphantawong,1
2023-08-11,Thailand,Huai Kwang,8
2023-07-04,Thailand,Ratchathewi,140
2023-08-25,Thailand,Khlong Toey,30
2023-08-25,Thailand,Muang Nonthaburi,3
2023-07-18,Thailand,Muang Rayong,1
2023-11-20,Thailand,Prawet,1
2023-11-20,Thailand,Ratchathewi,174
2023-02-06,Thailand,Samphantawong,3
2023-08-10,Thailand,Bangkok Noi,2
2023-08-10,Thailand,Muang Nakhon Ratchasima,2
2023-03-13,Thailand,Muang Rayong,1
2023-07-03,Thailand,Mueang Krabi,22
2023-10-14,Thailand,Ko Lanta,1
2023-10-14,Thailand,Khlong Luang,3
2023-08-24,Thailand,Muang Satun,8
2023-08-24,Thailand,Koh Si Chang,1
2023-08-24,Thailand,Khan Na Yao,1
2023-07-17,Thailand,Cha-Am,15
2023-03-12,Thailand,Cha-Am,1
2023-11-21,Thailand,K. Ko Kut,2
2023-11-21,Thailand,Bang Plad,1
2023-03-16,Thailand,Phra Khanong,2
2023-10-25,Thailand,Bang Na,1
2023-10-25,Thailand,Hua Hin,31
2023-10-25,Thailand,Koh Si Chang,1
2023-09-20,Thailand,Ko Samui,3
2023-09-20,Thailand,Muang Satun,6
2023-09-20,Thailand,Phra Khanong,7
2023-09-30,Thailand,Phra Nakhon,10
2023-10-11,Thailand,Wattana,14
2023-10-11,Thailand,K. Ko Chang,1
2023-02-09,Thailand,Pathum Wan,12
2023-08-27,Thailand,Thawi Wattana,1
2023-07-06,Thailand,Pattaya,59
2023-08-13,Thailand,Muang Samut Prakan,1
2023-10-26,Thailand,Khlong San,14
2023-10-26,Thailand,Kaeng Krachan,1
2023-03-15,Thailand,Bangkok Noi,3
2023-08-12,Thailand,Lat Krabang,5
2023-08-12,Thailand,Cha-Am,9
2023-10-12,Thailand,San Sai,1
2023-07-05,Thailand,Din Dang,4
2023-07-05,Thailand,Muang Chiang Mai,7
2023-03-14,Thailand,Khlong Hoi Kong,1
2023-03-14,Thailand,Si Racha,1
2023-03-14,Thailand,Bangkok Noi,1
2023-03-14,Thailand,K. Bang Sao Thon,1
2023-04-05,Thailand,Phuttha Mon Thon,1
2023-04-05,Thailand,Phra Nakhon,1
2023-09-02,Thailand,Ratchathewi,159
2023-11-19,Thailand,Phaya Thai,2
2023-01-21,Thailand,Huai Kwang,27
2023-04-19,Thailand,Pak Chong,1
2023-04-19,Thailand,K. Bang Sao Thon,8
2023-09-16,Thailand,Muang Nakhon Ratchasima,2
2023-08-09,Thailand,Muang Lampang,1
2023-08-09,Thailand,Si Racha,1
2023-05-26,Thailand,Pak Chong,2
2023-05-26,Thailand,Bangkok Noi,1
2023-05-26,Thailand,Phra Khanong,1
2023-05-11,Thailand,Bang Khun Thian,1
2023-05-25,Thailand,Huai Kwang,10
2023-05-25,Thailand,Pak Chong,2
2023-09-01,Thailand,Phra Nakhon,7
2023-09-01,Thailand,Muang Rayong,2
2023-09-01,Thailand,Bang Khae,2
2023-04-04,Thailand,Hua Hin,1
2023-09-15,Thailand,Thap Sakae,2
2023-09-15,Thailand,Ko Yao District,1
2023-09-15,Thailand,Khan Na Yao,3
2023-04-18,Thailand,Wang Chan,1
2023-11-16,Thailand,Muang Ubon Ratchatani,3
2023-11-16,Thailand,Pattaya,132
2023-09-29,Thailand,Lam Luk Ka,9
2023-11-05,Thailand,Sathorn,3
2023-11-05,Thailand,Bang Saphan,2
2023-05-10,Thailand,Cha-Am,3
2023-04-07,Thailand,Muang Chiang Mai,6
2023-04-07,Thailand,Ko Samui,5
2023-04-07,Thailand,Chatuchak,2
2023-04-07,Thailand,Bang Lamung,28
2023-11-02,Thailand,Muang Khon Kaen,3
2023-11-02,Thailand,Mae Rim,3
2023-11-16,Thailand,Muang Rayong,1
2023-05-28,Thailand,Wattana,31
2023-11-03,Thailand,Phuket Island,74
2023-11-03,Thailand,Bang Rak,47
2023-09-18,Thailand,Lat Phrao,3
2023-06-20,Thailand,Khan Na Yao,2
2023-01-22,Thailand,Samphantawong,1
2023-11-18,Thailand,Phra Nakhon,15
2023-11-18,Thailand,Takua Thung,1
2023-11-18,Thailand,Muang Sukhothai,1
2023-05-28,Thailand,Phra Nakhon,3
2023-05-28,Thailand,Sattahip,1
2023-05-13,Thailand,Pak Chong,2
2023-05-13,Thailand,Muang Khon Kaen,1
2023-09-19,Thailand,Wang Thonglang,2
2023-09-03,Thailand,Takua Pa,5
2023-11-14,Thailand,Phra Nakhon Si Ayutthaya,1
2023-04-15,Thailand,Lat Krabang,1
2023-04-15,Thailand,Muang Chiang Rai,2
2023-04-29,Thailand,Ratchathewi,108
2023-04-29,Thailand,Muang Chiang Rai,4
2023-03-08,Thailand,Lam Luk Ka,1
2023-05-21,Thailand,Pathum Wan,7
2023-11-01,Thailand,Cha-Am,2
2023-08-19,Thailand,Khan Na Yao,2
2023-08-05,Thailand,Bang Rak,25
2023-10-08,Thailand,Wattana,12
2023-10-08,Thailand,Muang Satun,2
2023-10-08,Thailand,Koh Si Chang,1
2023-10-08,Thailand,Muang Nakhon Ratchasima,2
2023-04-14,Thailand,Muang Chiang Rai,3
2023-08-05,Thailand,Bang Bua Thong,1
2023-09-11,Thailand,Si Racha,1
2023-09-11,Thailand,Muang Satun,3
2023-04-28,Thailand,Suan Phung,1
2023-09-12,Thailand,Bang Kapi,7
2023-09-12,Thailand,Bang Plad,2
2023-11-15,Thailand,Rat Burana,3
2023-03-07,Thailand,Ko Samui,1
2023-03-07,Thailand,Phra Khanong,4
2023-08-04,Thailand,Muang Chiang Mai,7
2023-04-13,Thailand,Wattana,46
2023-09-25,Thailand,San Sai,1
2023-09-25,Thailand,Pak Chong,2
2023-10-09,Thailand,Phaya Thai,4
2023-09-14,Thailand,Lat Krabang,9
2023-09-28,Thailand,Si Racha,6
2023-10-06,Thailand,K. Ko Chang,7
2023-10-06,Thailand,Khan Na Yao,2
2023-08-07,Thailand,Muang Chon Buri,2
2023-09-14,Thailand,Wang Thonglang,2
2023-05-24,Thailand,Bang Khun Thian,1
2023-05-24,Thailand,Dusit,1
2023-04-16,Thailand,Khlong Hoi Kong,1
2023-04-16,Thailand,Bang Plee,2
2023-01-30,Thailand,Bang Khae,1
2023-06-13,Thailand,Ko Samui,1
2023-09-27,Thailand,Phuket Island,44
2023-09-27,Thailand,Ko Yao District,1
2023-10-05,Thailand,Ko Samui,4
2023-04-01,Thailand,Phra Nakhon,3
2023-03-09,Thailand,Phaya Thai,4
2023-11-12,Thailand,Phaya Thai,5
2023-02-22,Thailand,Khlong Toey,6
2023-02-22,Thailand,Huai Kwang,6
2023-08-06,Thailand,Phuket Island,29
2023-08-06,Thailand,Wang Thonglang,1
2023-05-06,Thailand,Bang Kapi,1
2023-04-02,Thailand,Huai Kwang,8
2023-06-26,Thailand,Khlong Toey,14
2023-06-26,Thailand,Phra Nakhon,1
2023-02-21,Thailand,Thanyaburi,1
2023-02-21,Thailand,Pathum Wan,9
2023-06-01,Thailand,Bang Khun Thian,1
2023-06-01,Thailand,Lat Krabang,5
2023-06-01,Thailand,Sathorn,1
2023-06-11,Thailand,Takua Pa,2
2023-10-30,Thailand,Prawet,2
2023-10-30,Thailand,Huai Kwang,6
2023-10-30,Thailand,Suan Luang,1
2023-01-29,Thailand,Muang Khon Kaen,1
2023-07-22,Thailand,Lam Luk Ka,3
2023-07-22,Thailand,Huai Kwang,7
2023-07-22,Thailand,Si Racha,1
2023-06-29,Thailand,Muang Satun,4
2023-06-29,Thailand,Lam Luk Ka,1
2023-05-19,Thailand,Phra Nakhon,8
2023-01-14,Thailand,Bang Lamung,8
2023-01-17,Thailand,Lam Luk Ka,1
2023-01-17,Thailand,Bang Kapi,2
2023-01-02,Thailand,Suan Luang,2
2023-06-12,Thailand,Muang Rayong,1
2023-06-14,Thailand,Pak Chong,3
2023-06-15,Thailand,Suan Phung,1
2023-06-15,Thailand,Muang Nakhon Pathom,9
2023-02-21,Thailand,Sathorn,1
2023-04-09,Thailand,Pathum Wan,16
2023-06-26,Thailand,Chom Thong,1
2023-06-26,Thailand,Khlong Luang,1
2023-05-02,Thailand,Samphantawong,3
2023-07-20,Thailand,Phaya Thai,11
2023-07-20,Thailand,San Sai,1
2023-05-07,Thailand,Samphantawong,1
2023-03-30,Thailand,Takua Pa,1
2023-01-03,Thailand,Phra Nakhon,2
2023-01-03,Thailand,Wattana,7
2023-01-03,Thailand,Bang Plad,1
2023-11-09,Thailand,Sathorn,1
2023-11-09,Thailand,Chiang Dao,1
2023-11-09,Thailand,Lam Luk Ka,1
2023-01-24,Thailand,Hat Yai,11
2023-01-24,Thailand,Muang Ubon Ratchatani,1
2023-01-24,Thailand,Bang Kruai,1
2023-05-16,Thailand,Pattaya,83
2023-05-16,Thailand,Wang Thonglang,1
2023-01-16,Thailand,Muang Chon Buri,1
2023-01-25,Thailand,Bang Rak,29
2023-07-21,Thailand,Muang Nakhon Pathom,2
2023-07-21,Thailand,Muang Samut Prakan,2
2023-05-01,Thailand,Phaya Thai,3
2023-05-01,Thailand,Cha-Am,5
2023-05-01,Thailand,Don Muang,2
2023-01-13,Thailand,Pathum Wan,6
2023-01-13,Thailand,Phra Nakhon,2
2023-01-28,Thailand,Khlong San,7
2023-09-08,Thailand,Phra Nakhon,14
2023-06-22,Thailand,Mae Sot,1
2023-11-07,Thailand,Dusit,2
2023-05-04,Thailand,Mueang Krabi,13
2023-06-21,Thailand,Chatuchak,3
2023-06-21,Thailand,Pom Pram Sattru,1
2023-11-06,Thailand,Bang Kho Laem,1
2023-01-27,Thailand,Khlong Toey,7
2023-01-27,Thailand,Muang Khon Kaen,2
2023-06-10,Thailand,Bang Na,1
2023-01-12,Thailand,Mueang Krabi,1
2023-01-26,Thailand,Phra Nakhon,3
2023-01-26,Thailand,Thon Buri,1
2023-09-08,Thailand,K. Bang Sao Thon,10
2023-07-31,Thailand,Muang Nonthaburi,1
2023-07-31,Thailand,Bang Lamung,9
2023-09-07,Thailand,Khlong San,13
2023-09-07,Thailand,Samphantawong,5
2023-09-07,Thailand,Wattana,29
2023-09-07,Thailand,Cha-Am,1
2023-07-30,Thailand,Si Racha,12
2023-05-03,Thailand,Muang Chon Buri,1
2023-11-08,Thailand,Khlong Luang,3
2023-11-08,Thailand,Phra Khanong,6
2023-02-17,Thailand,Phra Khanong,4
2023-08-21,Thailand,Takua Pa,6
2023-07-14,Thailand,Khlong Toey,33
2023-04-30,Thailand,Phuttha Mon Thon,1
2023-04-30,Thailand,Cha-Am,1
2023-04-30,Thailand,Lat Krabang,2
2023-10-23,Thailand,Bang Saphan,1
2023-06-07,Thailand,Phuttha Mon Thon,1
2023-02-16,Thailand,Khlong San,7
2023-10-24,Thailand,Bang Rak,27
2023-10-24,Thailand,Ratchathewi,121
2023-10-24,Thailand,Muang Chiang Mai,41
2023-07-13,Thailand,Lat Krabang,7
2023-02-01,Thailand,Khlong San,8
2023-02-01,Thailand,Muang Chon Buri,2
2023-07-27,Thailand,Ratchathewi,158
2023-07-27,Thailand,Klaeng,12
2023-07-27,Thailand,Sikhiu,1
2023-10-10,Thailand,Bang Khae,1
2023-10-10,Thailand,Chiang Dao,1
2023-10-10,Thailand,Lam Luk Ka,3
2023-10-10,Thailand,Muang Rayong,1
2023-07-02,Thailand,Thon Buri,1
2023-03-26,Thailand,Phra Khanong,2
2023-03-26,Thailand,Muang Chon Buri,1
2023-07-16,Thailand,Wattana,24
2023-07-16,Thailand,Samphantawong,3
2023-07-16,Thailand,Suan Luang,2
2023-02-04,Thailand,Phuket Island,33
2023-10-21,Thailand,Muang Chiang Mai,35
2023-10-21,Thailand,Phra Khanong,6
2023-10-21,Thailand,Ko Samui,1
2023-10-21,Thailand,Thon Buri,2
2023-06-09,Thailand,Muang Satun,5
2023-06-09,Thailand,Takua Pa,2
2023-06-09,Thailand,Muang Chiang Rai,1
2023-06-09,Thailand,Muang Nakhon Pathom,4
2023-06-09,Thailand,Khan Na Yao,1
2023-08-22,Thailand,Bang Plad,7
2023-07-15,Thailand,Bang Plad,5
2023-07-01,Thailand,Bang Kapi,6
2023-07-29,Thailand,Muang Chiang Mai,11
2023-07-29,Thailand,Bang Kruai,1
2023-03-10,Thailand,Bangkok Noi,1
2023-06-08,Thailand,Don Muang,2
2023-03-24,Thailand,Hua Hin,14
2023-01-06,Thailand,Mueang Krabi,2
2023-01-06,Thailand,Muang Kanchanaburi,1
2023-01-06,Thailand,Hua Hin,2
2023-02-27,Thailand,Pattaya,39
2023-06-03,Thailand,Ratchathewi,147
2023-02-12,Thailand,Don Muang,2
2023-06-17,Thailand,Chatuchak,2
2023-08-30,Thailand,Pak Chong,1
2023-07-23,Thailand,Bang Lamung,38
2023-06-02,Thailand,Hua Hin,12
2023-06-16,Thailand,Muang Chiang Mai,4
2023-10-20,Thailand,Don Muang,6
2023-10-20,Thailand,Phuttha Mon Thon,1
2023-02-25,Thailand,Suan Luang,1
2023-06-05,Thailand,Bang Lamung,3
2023-07-12,Thailand,Suan Luang,4
2023-07-12,Thailand,Bang Rak,35
2023-10-31,Thailand,Ratchathewi,261
2023-10-31,Thailand,Muang Ubon Ratchatani,5
2023-03-21,Thailand,Khlong San,18
2023-03-21,Thailand,Muang Nonthaburi,4
2023-02-28,Thailand,Sattahip,2
2023-02-28,Thailand,Khlong San,7
2023-03-20,Thailand,Cha-Am,8
2023-06-18,Thailand,Muang Kanchanaburi,2
2023-07-10,Thailand,Hat Yai,7
2023-07-25,Thailand,Bangkok Noi,2
2023-07-25,Thailand,Pathum Wan,27
2023-07-25,Thailand,Chatuchak,51
2023-07-25,Thailand,Cha-Am,15
2023-07-25,Thailand,Pak Kret,7
2023-04-25,Thailand,Phuttha Mon Thon,1
2023-04-25,Thailand,Muang Samut Prakan,1
2023-09-22,Thailand,Din Dang,2
2023-09-22,Thailand,Takua Pa,4
2023-09-22,Thailand,Thawi Wattana,2
2023-10-03,Thailand,Wattana,32
2023-03-04,Thailand,Phuket Island,59
2023-03-04,Thailand,Muang Rayong,1
2023-10-03,Thailand,Khlong Hoi Kong,1
2023-10-03,Thailand,Bang Khae,1
2023-10-03,Thailand,Sathorn,2
2023-03-18,Thailand,Muang Songkhla,1
2023-03-18,Thailand,Muang Kanchanaburi,1
2023-08-29,Thailand,Muang Songkhla,1
2023-03-03,Thailand,Bang Lamung,13
2023-07-08,Thailand,Muang Phangnga,1
2023-04-10,Thailand,Muang Chiang Mai,5
2023-04-10,Thailand,Hat Yai,4
2023-04-10,Thailand,Muang Nonthaburi,4
2023-11-10,Thailand,Bang Kapi,9
2023-09-21,Thailand,Muang Rayong,1
2023-03-17,Thailand,Thawi Wattana,1
2023-10-18,Thailand,Ko Lanta,2
2023-10-18,Thailand,Bang Plee,3
2023-07-07,Thailand,Khlong Toey,31
2023-08-14,Thailand,Takua Pa,5
2023-08-14,Thailand,Muang Nonthaburi,1
2023-08-28,Thailand,Phra Nakhon,7
2023-08-28,Thailand,Muang Chiang Mai,6
2023-03-02,Thailand,Min Buri,1
2023-03-02,Thailand,Lak Si,1
2023-09-10,Thailand,Dusit,2
2023-09-10,Thailand,Ko Phangan,1
2023-04-23,Thailand,Bang Kapi,1
2023-11-11,Thailand,Bang Saphan,2
2023-11-11,Thailand,Aranyaprathet,1
2023-11-11,Thailand,Muang Chiang Mai,18
2023-10-29,Thailand,Phuket Island,70
2023-10-29,Thailand,K. Bang Sao Thon,5
2023-10-29,Thailand,Muang Chiang Rai,8
2023-10-15,Thailand,Pattaya,123
2023-10-15,Thailand,Khlong Luang,2
2023-10-01,Thailand,Si Racha,4
2023-10-01,Thailand,Bang Plad,3
2023-10-01,Thailand,Phaya Thai,2
2023-11-22,Thailand,Mueang Krabi,9
2023-11-22,Thailand,Ratchathewi,22
2023-10-16,Thailand,Bangkok Noi,11
2023-10-16,Thailand,Muang Phangnga,1
2023-03-05,Thailand,Wattana,43
2023-03-05,Thailand,Muang Nonthaburi,3
2023-03-19,Thailand,Ratchathewi,91
2023-03-19,Thailand,Pattaya,15
2023-10-02,Thailand,Bang Kapi,3
2023-09-23,Thailand,Phra Khanong,10
2023-09-23,Thailand,Phra Nakhon,7
2023-08-16,Thailand,Ko Lanta,3
2023-07-09,Thailand,Muang Satun,6
2023-10-27,Thailand,Phra Nakhon,9
2023-04-11,Thailand,Khlong Hoi Kong,1
2023-10-13,Thailand,Hua Hin,14
2023-10-13,Thailand,Wattana,16
2023-10-13,Thailand,Bang Kho Laem,1
2023-10-13,Thailand,Thai Muang,3
2023-02-07,Thailand,Prawet,1
2023-08-11,Thailand,Bang Plad,7
2023-08-11,Thailand,K. Ko Chang,1
2023-08-11,Thailand,Thawi Wattana,4
2023-08-11,Thailand,Takua Pa,1
2023-08-11,Thailand,Pak Kret,3
2023-07-04,Thailand,K. Bang Sao Thon,5
2023-08-25,Thailand,Muang Rayong,5
2023-08-25,Thailand,Lam Luk Ka,1
2023-04-20,Thailand,Phra Khanong,12
2023-04-20,Thailand,Ko Samui,3
2023-07-18,Thailand,Dusit,4
2023-07-18,Thailand,Khlong San,6
2023-11-20,Thailand,Khlong Hoi Kong,1
2023-11-20,Thailand,Muang Chiang Mai,19
2023-02-06,Thailand,Khlong Luang,1
2023-08-10,Thailand,Muang Chiang Mai,9
2023-08-10,Thailand,Pom Pram Sattru,3
2023-07-03,Thailand,Khlong Toey,17
2023-10-28,Thailand,Dusit,2
2023-10-28,Thailand,Ko Samui,3
2023-10-28,Thailand,Lat Phrao,2
2023-10-28,Thailand,Huai Kwang,7
2023-07-03,Thailand,Ko Samui,7
2023-10-14,Thailand,Wattana,17
2023-10-14,Thailand,K. Ko Kut,1
2023-10-14,Thailand,Phra Nakhon,14
2023-10-14,Thailand,Ratchathewi,129
2023-10-14,Thailand,Wang Thonglang,2
2023-08-24,Thailand,Lat Krabang,7
2023-08-24,Thailand,Hua Hin,19
2023-08-24,Thailand,Muang Chiang Mai,8
2023-08-24,Thailand,Phra Khanong,1
2023-03-12,Thailand,Huai Kwang,3
2023-11-21,Thailand,Phuket Island,62
2023-03-16,Thailand,Phuket Island,26
2023-09-20,Thailand,Lat Phrao,2
2023-09-30,Thailand,Chatuchak,6
2023-10-11,Thailand,Sadao,1
2023-10-11,Thailand,Dusit,3
2023-10-11,Thailand,Bang Plee,3
2023-02-09,Thailand,Suan Luang,1
2023-08-27,Thailand,Phra Khanong,8
2023-08-27,Thailand,Kaeng Krachan,1
2023-07-06,Thailand,Ratchathewi,159
2023-10-26,Thailand,Hat Yai,3
2023-10-26,Thailand,Ko Lanta,4
2023-03-15,Thailand,Phra Nakhon,3
2023-08-12,Thailand,Bang Khae,1
2023-04-22,Thailand,Wattana,29
2023-03-29,Thailand,Muang Khon Kaen,2
2023-03-01,Thailand,Chatuchak,2
2023-02-08,Thailand,Ko Samui,3
2023-08-26,Thailand,Pattaya,80
2023-04-21,Thailand,Phuket Island,32
2023-07-19,Thailand,Muang Chiang Rai,5
2023-07-19,Thailand,Bang Kruai,1
2023-07-05,Thailand,Bang Khae,8
2023-04-05,Thailand,Wattana,26
2023-04-05,Thailand,Hat Yai,4
2023-11-04,Thailand,Sathorn,2
2023-11-04,Thailand,Din Dang,2
2023-11-04,Thailand,Chatuchak,3
2023-09-02,Thailand,Takua Pa,9
2023-11-19,Thailand,Muang Satun,2
2023-04-19,Thailand,Phuket Island,49
2023-04-19,Thailand,Pathum Wan,11
2023-04-19,Thailand,Mueang Krabi,9
2023-04-19,Thailand,Wattana,27
2023-04-19,Thailand,Muang Nonthaburi,2
2023-09-16,Thailand,Samoeng,1
2023-08-09,Thailand,Muang Nonthaburi,2
2023-08-09,Thailand,Muang Chiang Rai,4
2023-03-14,Thailand,Samphantawong,5
2023-05-25,Thailand,Muang Phangnga,1
2023-04-04,Thailand,Phra Nakhon Si Ayutthaya,1
2023-04-04,Thailand,Muang Khon Kaen,3
2023-04-18,Thailand,Phaya Thai,7
2023-11-16,Thailand,Chatuchak,13
2023-09-29,Thailand,Ko Samui,2
2023-09-29,Thailand,Don Muang,1
2023-11-05,Thailand,Muang Nonthaburi,3
2023-04-07,Thailand,Bang Plad,1
2023-08-08,Thailand,Cha-Am,14
2023-08-08,Thailand,Sattahip,2
2023-11-16,Thailand,K. Bang Sao Thon,9
2023-05-28,Thailand,Ratchathewi,155
2023-09-04,Thailand,Khlong Luang,1
2023-11-03,Thailand,Cha-Am,3
2023-11-03,Thailand,Muang Rayong,4
2023-01-23,Thailand,Hua Hin,5
2023-01-23,Thailand,Phra Nakhon,1
2023-06-20,Thailand,Ko Samui,1
2023-06-20,Thailand,Chatuchak,3
2023-06-20,Thailand,Khlong Hoi Kong,1
2023-06-20,Thailand,Muang Chiang Mai,6
2023-11-18,Thailand,Rat Burana,3
2023-11-18,Thailand,K. Bang Sao Thon,15
2023-05-28,Thailand,Ko Phangan,1
2023-09-19,Thailand,Hat Yai,9
2023-05-27,Thailand,Dusit,3
2023-05-27,Thailand,Ko Samui,2
2023-09-03,Thailand,Khlong San,12
2023-11-14,Thailand,Dusit,5
2023-11-14,Thailand,Hat Yai,2
2023-04-15,Thailand,Ko Samui,1
2023-04-06,Thailand,Ko Samui,3
2023-10-07,Thailand,Huai Kwang,5
2023-10-07,Thailand,Ko Phangan,1
2023-10-07,Thailand,Thai Muang,2
2023-10-07,Thailand,Thap Sakae,1
2023-04-29,Thailand,Mueang Krabi,5
2023-03-08,Thailand,Chatuchak,4
2023-03-08,Thailand,Huai Kwang,5
2023-11-01,Thailand,Bang Lamung,22
2023-11-01,Thailand,Mae Rim,2
2023-08-19,Thailand,Hat Yai,1
2023-08-19,Thailand,Pak Chong,5
2023-08-19,Thailand,Muang Rayong,4
2023-10-08,Thailand,Bang Plee,2
2023-10-08,Thailand,Muang Kanchanaburi,1
2023-04-14,Thailand,Khlong Toey,13
2023-04-14,Thailand,Sathorn,1
2023-08-05,Thailand,Don Muang,1
2023-09-11,Thailand,Mueang Krabi,41
2023-05-20,Thailand,Phra Nakhon,1
2023-04-28,Thailand,Muang Khon Kaen,4
2023-04-28,Thailand,Hat Yai,5
2023-09-12,Thailand,K. Ko Chang,6
2023-09-12,Thailand,Phra Nakhon,12
2023-08-04,Thailand,Khlong San,4
2023-08-18,Thailand,Bang Lamung,17
2023-09-28,Thailand,Sattahip,3
2023-09-28,Thailand,Samphantawong,7
2023-11-13,Thailand,Hat Yai,1
2023-11-13,Thailand,Phra Khanong,18
2023-10-06,Thailand,Pattaya,118
2023-10-06,Thailand,Mueang Krabi,49
2023-10-06,Thailand,Muang Chiang Mai,11
2023-10-06,Thailand,Phuket Island,35
2023-10-06,Thailand,Koh Si Chang,1
2023-08-07,Thailand,Phra Nakhon,3
2023-08-07,Thailand,Bang Rak,46
2023-04-17,Thailand,Phuttha Mon Thon,1
2023-09-14,Thailand,Muang Surat Thani,2
2023-10-06,Thailand,Muang Samut Prakan,2
2023-05-23,Thailand,Muang Satun,2
2023-05-23,Thailand,K. Bang Sao Thon,8
2023-01-30,Thailand,Muang Chiang Mai,4
2023-04-03,Thailand,Muang Nonthaburi,3
2023-04-03,Thailand,Sawankhalok,1
2023-06-30,Thailand,Ko Samui,8
2023-06-30,Thailand,Muang Khon Kaen,3
2023-06-30,Thailand,Bang Plee,1
2023-06-13,Thailand,Ratchathewi,160
2023-10-05,Thailand,Huai Kwang,6
2023-10-05,Thailand,Khlong San,17
2023-06-13,Thailand,Bang Plee,1
2023-04-01,Thailand,Min Buri,1
2023-08-06,Thailand,Pattaya,67
2023-08-06,Thailand,Lat Krabang,6
2023-08-06,Thailand,K. Bang Sao Thon,2
2023-05-06,Thailand,Bang Lamung,2
2023-09-13,Thailand,Lam Luk Ka,5
2023-09-13,Thailand,Ko Lanta,2
2023-05-22,Thailand,Chatuchak,7
2023-05-22,Thailand,Takua Pa,1
2023-05-22,Thailand,Klaeng,2
2023-06-27,Thailand,Ko Phangan,3
2023-01-18,Thailand,Si Racha,1
2023-02-21,Thailand,Cha-Am,4
2023-06-01,Thailand,Cha-Am,1
2023-06-01,Thailand,Bang Plee,1
2023-06-11,Thailand,Khlong Luang,2
2023-06-11,Thailand,Muang Chumphon,1
2023-07-22,Thailand,Phuket Island,51
2023-07-22,Thailand,Phra Nakhon,15
2023-06-29,Thailand,Bang Kapi,3
2023-06-29,Thailand,Samphantawong,3
2023-06-29,Thailand,Dusit,3
2023-05-19,Thailand,Cha-Am,9
2023-05-08,Thailand,Bangkok Noi,1
2023-01-15,Thailand,Takua Thung,1
2023-06-12,Thailand,Cha-Am,4
2023-02-21,Thailand,Bang Lamung,1
2023-04-09,Thailand,Khlong San,16
2023-06-28,Thailand,Din Dang,1
2023-07-20,Thailand,Khlong Toey,34
2023-07-20,Thailand,Thungkru,3
2023-07-20,Thailand,Sattahip,1
2023-05-07,Thailand,Lam Luk Ka,1
2023-05-07,Thailand,Huai Kwang,18
2023-04-08,Thailand,Din Dang,1
2023-05-15,Thailand,Phra Nakhon,11
2023-05-15,Thailand,Hat Yai,1
2023-05-15,Thailand,Bang Lamung,26
2023-09-09,Thailand,Bang Plad,4
2023-01-10,Thailand,Khlong Toey,6
2023-05-16,Thailand,Pom Pram Sattru,2
2023-09-05,Thailand,Khlong San,9
2023-01-25,Thailand,Mueang Krabi,1
2023-09-06,Thailand,Pathum Wan,17
2023-02-24,Thailand,Muang Khon Kaen,2
2023-07-21,Thailand,Muang Chiang Mai,33
2023-01-11,Thailand,Muang Chon Buri,1
2023-09-05,Thailand,Takua Pa,2
2023-09-08,Thailand,Suan Luang,1
2023-05-18,Thailand,Muang Nonthaburi,4
2023-11-07,Thailand,Sadao,1
2023-11-07,Thailand,Ko Yao District,1
2023-05-04,Thailand,Bang Kapi,1
2023-05-04,Thailand,Muang Nakhon Pathom,2
2023-06-21,Thailand,Khan Na Yao,1
2023-11-06,Thailand,Lat Krabang,4
2023-05-03,Thailand,Hua Hin,23
2023-06-10,Thailand,Hat Yai,2
2023-06-24,Thailand,Cha-Am,7
2023-09-08,Thailand,Muang Chiang Mai,10
2023-07-31,Thailand,Lam Luk Ka,3
2023-07-31,Thailand,Takua Pa,6
2023-09-07,Thailand,Bangkok Noi,4
2023-09-07,Thailand,K. Bang Sao Thon,8
2023-07-30,Thailand,Sattahip,1
2023-07-30,Thailand,Phra Khanong,3
2023-07-30,Thailand,Koh Si Chang,1
2023-07-30,Thailand,Phuttha Mon Thon,3
2023-11-08,Thailand,Din Dang,6
2023-11-08,Thailand,Don Muang,8
2023-02-17,Thailand,Muang Chiang Rai,11
2023-08-21,Thailand,Wattana,18
2023-08-21,Thailand,Khlong San,3
2023-07-14,Thailand,Chatuchak,26
2023-07-14,Thailand,Thungkru,5
2023-07-14,Thailand,Wang Thonglang,2
2023-10-23,Thailand,Cha-Am,7
2023-10-23,Thailand,Bang Na,1
2023-10-23,Thailand,Pattaya,82
2023-10-23,Thailand,Ko Samui,3
2023-10-23,Thailand,Ratchathewi,140
2023-06-07,Thailand,Hat Yai,6
2023-07-28,Thailand,Wattana,12
2023-02-02,Thailand,K. Bang Sao Thon,3
2023-03-23,Thailand,Don Muang,2
2023-08-20,Thailand,Lak Si,2
2023-08-20,Thailand,Phaya Thai,9
2023-08-20,Thailand,Kaeng Krachan,1
2023-02-16,Thailand,Phaya Thai,11
2023-02-16,Thailand,Prawet,1
2023-07-13,Thailand,Khlong San,8
2023-01-09,Thailand,Hat Yai,10
2023-06-06,Thailand,Takua Pa,1
2023-02-05,Thailand,Hua Hin,9
2023-02-05,Thailand,Khlong Toey,18
2023-08-23,Thailand,Phra Nakhon,7
2023-03-26,Thailand,Phuket Island,46
2023-03-26,Thailand,Si Racha,1
2023-03-11,Thailand,Phuket Island,26
2023-02-19,Thailand,Pathum Wan,10
2023-07-16,Thailand,Bang Saphan,1
2023-02-04,Thailand,Phra Nakhon,8
2023-02-04,Thailand,Khlong San,9
2023-10-21,Thailand,Phra Nakhon,20
2023-03-25,Thailand,Phuttha Mon Thon,1
2023-03-25,Thailand,Din Dang,1
2023-03-25,Thailand,Muang Nonthaburi,2
2023-10-21,Thailand,Khlong Hoi Kong,1
2023-06-09,Thailand,Pathum Wan,8
2023-06-09,Thailand,Din Dang,2
2023-06-09,Thailand,Bang Bua Thong,1
2023-08-22,Thailand,Lat Phrao,2
2023-08-22,Thailand,Mueang Krabi,24
2023-07-15,Thailand,Muang Khon Kaen,3
2023-07-15,Thailand,Min Buri,2
2023-07-01,Thailand,Din Dang,1
2023-10-22,Thailand,Lak Si,1
2023-10-22,Thailand,Bangkok Noi,2
2023-03-10,Thailand,Khlong San,27
2023-03-10,Thailand,Yannawa,1
2023-06-08,Thailand,Muang Chiang Mai,2
2023-06-08,Thailand,Lat Krabang,6
2023-03-24,Thailand,Bang Bua Thong,1
2023-01-06,Thailand,Khlong Toey,16
2023-02-27,Thailand,K. Ko Chang,1
2023-07-24,Thailand,Muang Chon Buri,1
2023-07-24,Thailand,Thawi Wattana,2
2023-07-24,Thailand,Rat Burana,1
2023-06-03,Thailand,Muang Rayong,1
2023-06-03,Thailand,Rat Burana,1
2023-06-17,Thailand,Wang Thonglang,2
2023-01-05,Thailand,Bang Rak,18
2023-02-26,Thailand,Mueang Krabi,7
2023-08-30,Thailand,Muang Khon Kaen,1
2023-08-30,Thailand,Bang Khae,4
2023-07-23,Thailand,Phaya Thai,7
2023-01-19,Thailand,Hua Hin,8
2023-01-19,Thailand,Pak Kret,1
2023-06-02,Thailand,Chatuchak,2
2023-05-09,Thailand,Hat Yai,1
2023-02-11,Thailand,Pak Chong,1
2023-10-20,Thailand,Din Dang,7
2023-06-05,Thailand,Pak Chong,3
2023-06-05,Thailand,Thawi Wattana,1
2023-01-04,Thailand,Pathum Wan,2
2023-01-04,Thailand,Muang Nonthaburi,2
2023-07-12,Thailand,Cha-Am,4
2023-07-12,Thailand,Muang Phitsanulok,2
2023-06-19,Thailand,Bang Lamung,24
2023-02-14,Thailand,Cha-Am,1
2023-06-04,Thailand,Ko Samui,1
2023-03-20,Thailand,Huai Kwang,3
2023-06-18,Thailand,Lat Krabang,3
2023-06-18,Thailand,Phaya Thai,5
2023-06-18,Thailand,Bang Plee,1
2023-07-10,Thailand,Hua Hin,9
2023-07-10,Thailand,Suan Luang,4
2023-07-25,Thailand,Ratchathewi,141
2023-07-25,Thailand,Phuket Island,36
2023-07-25,Thailand,Lak Si,2
2023-02-13,Thailand,Muang Nonthaburi,4
2023-04-25,Thailand,Ratchathewi,140
2023-10-17,Thailand,Don Muang,3
2023-08-01,Thailand,Muang Kanchanaburi,1
2023-09-22,Thailand,Muang Satun,7
2023-10-03,Thailand,K. Bang Sao Thon,9
2023-08-15,Thailand,Muang Chumphon,1
2023-08-29,Thailand,Sathorn,2
2023-05-31,Thailand,Bang Bua Thong,1
2023-05-31,Thailand,Muang Rayong,2
2023-07-08,Thailand,Phuket Island,29
2023-07-08,Thailand,Bang Plad,7
2023-07-08,Thailand,Muang Nonthaburi,2
2023-07-08,Thailand,Muang Chiang Rai,3
2023-04-24,Thailand,Phuttha Mon Thon,1
2023-04-24,Thailand,Muang Rayong,3
2023-04-24,Thailand,Hat Yai,4
2023-11-10,Thailand,Phra Nakhon,22
2023-11-10,Thailand,Muang Chiang Mai,23
2023-09-21,Thailand,Lak Si,1
2023-09-21,Thailand,Ko Lanta,1
2023-09-21,Thailand,Bang Lamung,18
2023-10-04,Thailand,Lak Si,1
2023-10-04,Thailand,Pattaya,135
2023-10-04,Thailand,Bang Plad,2
2023-03-17,Thailand,Samphantawong,4
2023-03-17,Thailand,K. Bang Sao Thon,4
2023-08-14,Thailand,Bang Plad,8
2023-08-14,Thailand,Muang Satun,9
2023-08-14,Thailand,Muang Lampang,1
2023-08-28,Thailand,Khlong Toey,30
2023-08-28,Thailand,Phaya Thai,9
2023-08-28,Thailand,Thon Buri,2
2023-03-02,Thailand,Phra Nakhon,11
2023-10-19,Thailand,Don Muang,9
2023-04-23,Thailand,Bang Plad,1
2023-04-23,Thailand,Ko Lanta,1
2023-10-29,Thailand,Ko Lanta,5
2023-10-29,Thailand,Thanyaburi,1
2023-04-27,Thailand,Yannawa,1
2023-10-15,Thailand,Ko Lanta,2
2023-10-15,Thailand,Pak Chong,8
2023-10-15,Thailand,Ko Yao District,4
2023-10-15,Thailand,K. Bang Sao Thon,6
2023-08-03,Thailand,Bang Kapi,5
2023-08-03,Thailand,Phuket Island,37
2023-08-17,Thailand,Don Muang,3
2023-08-17,Thailand,Muang Surat Thani,2
2023-10-01,Thailand,Muang Chiang Mai,12
2023-10-16,Thailand,Mae Rim,2
2023-10-16,Thailand,Ko Samui,1
2023-03-05,Thailand,Pattaya,43
2023-03-05,Thailand,Ratchathewi,147
2023-03-05,Thailand,Bang Khen,1
2023-03-05,Thailand,Muang Nakhon Pathom,1
2023-04-12,Thailand,Muang Chiang Rai,1
2023-10-02,Thailand,Phuket Island,46
2023-10-02,Thailand,Muang Pathum Thani,2
2023-08-02,Thailand,Muang Chiang Rai,1
2023-04-26,Thailand,Muang Phitsanulok,1
2023-09-23,Thailand,Muang Chiang Mai,11
2023-08-16,Thailand,Phra Nakhon,6
2023-08-16,Thailand,Pom Pram Sattru,1
2023-07-09,Thailand,Hat Yai,4
2023-07-09,Thailand,Pak Kret,2
2023-10-27,Thailand,Cha-Am,3
2023-10-27,Thailand,Mae Rim,3
2023-10-27,Thailand,Phuket Island,68
2023-10-27,Thailand,Muang Ubon Ratchatani,3
2023-04-11,Thailand,Thon Buri,1
2023-10-13,Thailand,Phuket Island,67
2023-02-07,Thailand,Bang Plee,4
2023-08-11,Thailand,Yannawa,2
2023-07-04,Thailand,Muang Rayong,1
2023-08-25,Thailand,Phaya Thai,16
2023-08-25,Thailand,Sikhiu,1
2023-04-20,Thailand,Wattana,46
2023-04-20,Thailand,Khlong San,9
2023-07-18,Thailand,Takua Pa,8
2023-11-20,Thailand,Ko Yao District,3
2023-02-06,Thailand,Phra Khanong,2
2023-08-10,Thailand,Chom Thong,2
2023-08-10,Thailand,Koh Si Chang,1
2023-03-13,Thailand,Bang Kapi,3
2023-07-03,Thailand,Muang Chiang Mai,1
2023-10-14,Thailand,Thap Sakae,1
2023-08-24,Thailand,Don Muang,2
2023-08-24,Thailand,Ko Yao District,1
2023-07-17,Thailand,Suan Luang,1
2023-07-17,Thailand,Samoeng,1
2023-03-12,Thailand,Phuket Island,35
2023-03-12,Thailand,Thawi Wattana,2
2023-11-21,Thailand,Cha-Am,2
2023-11-21,Thailand,San Sai,1
2023-11-21,Thailand,Bang Kapi,3
2023-11-21,Thailand,Phra Khanong,8
2023-11-21,Thailand,Samphantawong,3
2023-03-16,Thailand,Bang Rak,26
2023-03-16,Thailand,Muang Khon Kaen,1
2023-10-25,Thailand,Hat Yai,12
2023-10-25,Thailand,Ko Lanta,2
2023-10-25,Thailand,Muang Nonthaburi,2
2023-09-20,Thailand,San Sai,1
2023-10-11,Thailand,Muang Nonthaburi,4
2023-08-27,Thailand,Khlong San,11
2023-08-13,Thailand,Pattaya,53
2023-10-26,Thailand,Thap Sakae,2
2023-07-06,Thailand,Bang Kapi,1
2023-03-15,Thailand,Mueang Krabi,6
2023-08-12,Thailand,Muang Kanchanaburi,3
2023-03-29,Thailand,Lat Phrao,1
2023-03-01,Thailand,Samphantawong,19
2023-03-01,Thailand,Phra Nakhon,3
2023-02-08,Thailand,Phra Nakhon,4
2023-08-26,Thailand,Prawet,1
2023-07-05,Thailand,Hat Yai,3
2023-04-05,Thailand,Khlong San,14
2023-04-05,Thailand,Phaya Thai,6
2023-04-05,Thailand,Mueang Krabi,4
2023-11-04,Thailand,Bang Rak,35
2023-11-04,Thailand,Ko Lanta,3
2023-11-04,Thailand,Bang Kapi,3
2023-11-04,Thailand,Khan Na Yao,1
2023-11-04,Thailand,Bang Kho Laem,2
2023-09-02,Thailand,Muang Chiang Mai,9
2023-09-02,Thailand,Ko Yao District,3
2023-09-02,Thailand,Cha-Am,8
2023-11-19,Thailand,Phra Nakhon Si Ayutthaya,1
2023-04-19,Thailand,Cha-Am,3
2023-09-16,Thailand,Phaya Thai,8
2023-09-16,Thailand,Lat Krabang,6
2023-05-26,Thailand,Bang Lamung,14
2023-05-11,Thailand,Hua Hin,4
2023-05-25,Thailand,Khlong San,12
2023-09-01,Thailand,Muang Satun,9
2023-09-01,Thailand,Muang Samut Songkhram,1
2023-09-15,Thailand,Bang Plad,1
2023-09-15,Thailand,Muang Chiang Rai,1
2023-04-18,Thailand,Lat Krabang,1
2023-04-18,Thailand,Bang Lamung,17
2023-04-18,Thailand,Pak Kret,7
2023-11-16,Thailand,Ko Phangan,2
2023-11-16,Thailand,Mueang Krabi,36
2023-11-16,Thailand,Huai Kwang,6
2023-09-29,Thailand,Sathorn,2
2023-11-05,Thailand,Bang Kho Laem,1
2023-05-10,Thailand,Ratchathewi,133
2023-08-08,Thailand,Muang Chiang Rai,4
2023-11-02,Thailand,Thawi Wattana,2
2023-09-29,Thailand,Prawet,1
2023-09-04,Thailand,Prawet,3
2023-11-03,Thailand,Mae Sot,1
2023-11-03,Thailand,Phaya Thai,4
2023-09-18,Thailand,San Sai,2
2023-09-18,Thailand,Khlong Toey,23
2023-09-18,Thailand,Muang Rayong,1
2023-01-23,Thailand,Bang Rak,20
2023-01-23,Thailand,Wattana,12
2023-01-23,Thailand,Thon Buri,1
2023-11-17,Thailand,Doi Saket,1
2023-01-22,Thailand,Pattaya,6
2023-11-18,Thailand,Ko Lanta,3
2023-09-17,Thailand,Wattana,16
2023-09-17,Thailand,Bang Kapi,3
2023-09-17,Thailand,Ban Chang,1
2023-05-28,Thailand,Koh Si Chang,1
2023-05-28,Thailand,K. Bang Sao Thon,3
2023-05-13,Thailand,Bang Khun Thian,1
2023-05-14,Thailand,Phuket Island,26
2023-05-14,Thailand,Pathum Wan,2
2023-05-14,Thailand,Bang Lamung,18
2023-09-19,Thailand,San Sai,2
2023-09-19,Thailand,Din Dang,3
2023-09-19,Thailand,Phaya Thai,6
2023-09-03,Thailand,Bang Plad,5
2023-10-07,Thailand,Khlong San,14
2023-10-07,Thailand,Mueang Krabi,56
2023-04-29,Thailand,Din Dang,1
2023-09-26,Thailand,Wattana,27
2023-05-21,Thailand,Thap Sakae,1
2023-05-21,Thailand,Muang Nakhon Ratchasima,1
2023-05-21,Thailand,Phuttha Mon Thon,3
2023-05-21,Thailand,Phra Nakhon,4
2023-11-01,Thailand,Hat Yai,6
2023-11-01,Thailand,Muang Satun,10
2023-08-19,Thailand,Don Muang,3
2023-08-19,Thailand,Thon Buri,1
2023-08-05,Thailand,Ratchathewi,148
2023-10-08,Thailand,Don Muang,10
2023-10-08,Thailand,K. Ko Kut,2
2023-10-08,Thailand,Muang Nonthaburi,1
2023-04-14,Thailand,Pak Kret,16
2023-08-05,Thailand,Muang Rayong,1
2023-05-20,Thailand,Klaeng,4
2023-04-28,Thailand,Thon Buri,1
2023-09-12,Thailand,Muang Nonthaburi,4
2023-11-15,Thailand,Yannawa,1
2023-11-15,Thailand,Phra Nakhon,25
2023-09-25,Thailand,Muang Chon Buri,1
2023-09-25,Thailand,Muang Chiang Mai,12
2023-10-09,Thailand,Pattaya,117
2023-09-28,Thailand,Bang Lamung,35
2023-09-28,Thailand,K. Ko Chang,7
2023-09-28,Thailand,Phra Khanong,6
2023-11-13,Thailand,Muang Nonthaburi,3
2023-10-06,Thailand,Ko Phangan,1
2023-04-17,Thailand,Phuket Island,26
2023-04-16,Thailand,Cha-Am,1
2023-04-16,Thailand,Don Muang,1
2023-10-06,Thailand,Sathorn,1
2023-04-03,Thailand,Khlong San,15
2023-04-03,Thailand,Yannawa,1
2023-09-27,Thailand,Pak Kret,2
2023-09-27,Thailand,Sattahip,1
2023-09-27,Thailand,Muang Satun,8
2023-10-05,Thailand,Mueang Krabi,41
2023-06-13,Thailand,Phuket Island,26
2023-11-13,Thailand,Ban Chang,1
2023-11-12,Thailand,Takua Pa,4
2023-11-12,Thailand,Ko Phangan,1
2023-05-06,Thailand,Lam Luk Ka,1
2023-09-13,Thailand,Bang Khun Thian,1
2023-04-01,Thailand,Don Muang,2
2023-05-05,Thailand,Phra Khanong,8
2023-02-21,Thailand,Phuket Island,26
2023-06-01,Thailand,Muang Chiang Mai,2
2023-06-11,Thailand,Phaya Thai,3
2023-01-29,Thailand,Don Muang,1
2023-07-22,Thailand,Muang Rayong,2
2023-07-22,Thailand,Bang Plee,24
2023-06-29,Thailand,Khlong San,10
2023-06-29,Thailand,Bang Lamung,1
2023-05-19,Thailand,Chatuchak,7
2023-05-08,Thailand,Phra Khanong,1
2023-01-15,Thailand,Hat Yai,5
2023-01-15,Thailand,Huai Kwang,23
2023-01-15,Thailand,Khlong San,2
2023-01-15,Thailand,Thon Buri,1
2023-01-17,Thailand,Lat Krabang,2
2023-01-02,Thailand,Phra Khanong,1
2023-06-15,Thailand,Phaya Thai,5
2023-06-26,Thailand,Bang Lamung,1
2023-06-23,Thailand,Phuket Island,29
2023-06-28,Thailand,Wattana,25
2023-06-28,Thailand,Muang Chon Buri,1
2023-05-02,Thailand,Si Racha,1
2023-07-20,Thailand,Chatuchak,39
2023-07-20,Thailand,Khan Na Yao,1
2023-03-30,Thailand,Khlong Toey,20
2023-03-30,Thailand,Bang Plad,2
2023-02-23,Thailand,Khlong San,15
2023-02-23,Thailand,Muang Chiang Mai,3
2023-04-08,Thailand,Lat Krabang,3
2023-11-09,Thailand,Dusit,3
2023-01-24,Thailand,Bang Rak,23
2023-05-15,Thailand,Khlong Toey,32
2023-01-10,Thailand,Muang Satun,2
2023-01-10,Thailand,Bang Bo,4
2023-05-29,Thailand,Ko Samui,1
2023-05-29,Thailand,Khlong Luang,1
2023-09-05,Thailand,Ko Samui,6
2023-01-25,Thailand,Thon Buri,2
2023-09-06,Thailand,Cha-Am,9
2023-09-06,Thailand,Pak Chong,3
2023-02-24,Thailand,Hat Yai,1
2023-01-28,Thailand,Muang Nonthaburi,9
2023-06-22,Thailand,Phra Nakhon,7
2023-06-22,Thailand,Pattaya,83
2023-11-07,Thailand,Bang Bo,1
2023-11-07,Thailand,Bang Plee,2
2023-11-07,Thailand,Muang Chiang Rai,1
2023-02-20,Thailand,Muang Nakhon Phanom,2
2023-05-04,Thailand,Pattaya,48
2023-11-06,Thailand,Mae Rim,4
2023-11-06,Thailand,Khlong San,3
2023-11-06,Thailand,Phra Nakhon,30
2023-11-06,Thailand,Muang Rayong,1
2023-06-24,Thailand,Samphantawong,2
2023-06-24,Thailand,Takua Pa,1
2023-01-27,Thailand,Hat Yai,5
2023-06-10,Thailand,Ko Yao District,1
2023-06-25,Thailand,Muang Surat Thani,1
2023-09-08,Thailand,Dusit,1
2023-09-08,Thailand,Klaeng,13
2023-07-31,Thailand,Wattana,19
2023-07-31,Thailand,Huai Kwang,2
2023-07-30,Thailand,Khlong Toey,21
2023-07-30,Thailand,Muang Satun,8
2023-05-03,Thailand,Wang Chan,1
2023-11-08,Thailand,Pattaya,106
2023-11-08,Thailand,Sattahip,3
2023-11-08,Thailand,Ban Chang,2
2023-11-08,Thailand,Mueang Krabi,42
2023-11-08,Thailand,Wang Thonglang,1
2023-02-17,Thailand,Pak Chong,2
2023-02-17,Thailand,Chatuchak,1
2023-08-21,Thailand,Pak Kret,1
2023-10-23,Thailand,Muang Satun,9
2023-07-28,Thailand,Phra Khanong,5
2023-07-28,Thailand,Muang Nonthaburi,2
2023-02-16,Thailand,Bang Rak,24
2023-10-24,Thailand,Sattahip,2
2023-10-24,Thailand,Bang Khen,1
2023-07-13,Thailand,Bang Plad,5
2023-07-13,Thailand,Si Racha,3
2023-06-06,Thailand,Sathorn,5
2023-07-27,Thailand,Thawi Wattana,2
2023-07-27,Thailand,Bang Lamung,18
2023-07-27,Thailand,Pak Kret,1
2023-10-10,Thailand,Samphantawong,4
2023-02-05,Thailand,Bang Na,1
2023-08-23,Thailand,Pong Nam Ron,1
2023-08-23,Thailand,Si Racha,1
2023-02-19,Thailand,Chatuchak,1
2023-07-16,Thailand,Chatuchak,25
2023-07-16,Thailand,Min Buri,3
2023-07-16,Thailand,Klaeng,1
2023-02-04,Thailand,Lat Phrao,1
2023-10-21,Thailand,Mueang Krabi,32
2023-10-21,Thailand,Bang Kapi,7
2023-10-21,Thailand,Khan Na Yao,3
2023-03-25,Thailand,Hua Hin,3
2023-03-25,Thailand,Bang Lamung,13
2023-08-22,Thailand,Cha-Am,10
2023-08-22,Thailand,Don Muang,3
2023-07-15,Thailand,Bang Rak,26
2023-07-15,Thailand,Takua Pa,7
2023-07-01,Thailand,Bang Lamung,5
2023-10-22,Thailand,Khan Na Yao,2
2023-10-22,Thailand,Muang Satun,7
2023-10-22,Thailand,Muang Ubon Ratchatani,2
2023-06-08,Thailand,Phra Nakhon,3
2023-03-24,Thailand,Huai Kwang,7
2023-02-03,Thailand,Phra Nakhon,1
2023-06-03,Thailand,Pak Chong,2
2023-06-03,Thailand,Samphantawong,2
2023-02-26,Thailand,Phaya Thai,8
2023-02-26,Thailand,Phra Nakhon,10
2023-02-26,Thailand,Wattana,11
2023-08-30,Thailand,Chatuchak,10
2023-07-23,Thailand,Mueang Krabi,30
2023-06-16,Thailand,Si Racha,2
2023-06-16,Thailand,Khlong San,9
2023-10-20,Thailand,Takua Pa,2
2023-10-20,Thailand,Ban Chang,3
2023-10-20,Thailand,Phra Khanong,6
2023-02-25,Thailand,Phra Khanong,2
2023-02-25,Thailand,Din Dang,1
2023-06-05,Thailand,Mueang Krabi,11
2023-07-12,Thailand,Min Buri,2
2023-07-12,Thailand,Muang Kanchanaburi,1
2023-06-19,Thailand,Pak Chong,4
2023-06-19,Thailand,Phra Nakhon,7
2023-07-26,Thailand,Khlong Luang,1
2023-02-14,Thailand,Muang Chiang Mai,6
2023-10-31,Thailand,Mae Rim,2
2023-02-28,Thailand,K. Bang Sao Thon,8
2023-02-28,Thailand,Muang Chiang Rai,4
2023-06-04,Thailand,Muang Phangnga,1
2023-06-04,Thailand,Huai Kwang,10
2023-06-04,Thailand,Din Dang,1
2023-06-04,Thailand,Khan Na Yao,1
2023-01-07,Thailand,Khlong Toey,19
2023-06-18,Thailand,Bang Plad,1
2023-06-18,Thailand,Phuttha Mon Thon,1
2023-06-18,Thailand,Muang Rayong,1
2023-06-18,Thailand,Sathorn,5
2023-07-10,Thailand,Bang Plad,7
2023-07-10,Thailand,Din Dang,6
2023-07-10,Thailand,Takua Pa,11
2023-07-25,Thailand,Pattaya,107
2023-07-25,Thailand,Muang Chiang Rai,4
2023-08-31,Thailand,Khlong Toey,19
2023-10-17,Thailand,Bang Lamung,17
2023-10-17,Thailand,Phuttha Mon Thon,1
2023-10-03,Thailand,Mae Sot,1
2023-03-04,Thailand,Don Muang,2
2023-03-04,Thailand,Pak Chong,1
2023-03-18,Thailand,Phuket Island,21
2023-03-18,Thailand,Muang Nakhon Pathom,1
2023-08-15,Thailand,Cha-Am,6
2023-08-29,Thailand,Hua Hin,19
2023-08-29,Thailand,Muang Phitsanulok,1
2023-08-29,Thailand,Chatuchak,2
2023-03-03,Thailand,Muang Chiang Mai,7
2023-03-03,Thailand,K. Bang Sao Thon,3
2023-11-10,Thailand,Muang Pathum Thani,1
2023-11-10,Thailand,Pak Chong,4
2023-09-21,Thailand,Prawet,1
2023-10-04,Thailand,Khlong Luang,3
2023-10-04,Thailand,Muang Kanchanaburi,3
2023-03-17,Thailand,Wattana,26
2023-10-18,Thailand,Lat Krabang,1
2023-07-07,Thailand,Min Buri,4
2023-07-07,Thailand,Thon Buri,1
2023-07-07,Thailand,Muang Nonthaburi,4
2023-08-14,Thailand,Phra Nakhon,5
2023-08-28,Thailand,Chatuchak,4
2023-09-10,Thailand,Cha-Am,10
2023-10-19,Thailand,Pattaya,79
2023-10-19,Thailand,Wattana,13
2023-10-19,Thailand,Pak Chong,4
2023-04-23,Thailand,Chatuchak,1
2023-11-11,Thailand,Bang Rak,53
2023-11-11,Thailand,Ko Lanta,6
2023-10-29,Thailand,Bang Lamung,19
2023-04-27,Thailand,Samphantawong,4
2023-04-27,Thailand,Din Dang,1
2023-03-06,Thailand,Muang Chiang Rai,1
2023-08-03,Thailand,Hat Yai,3
2023-08-03,Thailand,Khlong Toey,31
2023-08-17,Thailand,Samphantawong,4
2023-11-22,Thailand,Mae Rim,3
2023-03-05,Thailand,Muang Rayong,2
2023-03-05,Thailand,Bang Plee,4
2023-04-12,Thailand,Muang Nonthaburi,10
2023-03-19,Thailand,Lam Luk Ka,2
2023-03-19,Thailand,Don Muang,1
2023-03-19,Thailand,Bang Plee,1
2023-10-02,Thailand,Phra Khanong,8
2023-10-02,Thailand,Muang Kanchanaburi,2
2023-04-26,Thailand,Bang Khen,1
2023-04-26,Thailand,Muang Samut Prakan,3
2023-09-23,Thailand,Bang Khae,2
2023-07-09,Thailand,Khlong Toey,52
2023-07-09,Thailand,Phra Nakhon,5
2023-10-27,Thailand,Bang Lamung,13
2023-04-11,Thailand,Khan Na Yao,1
2023-02-07,Thailand,Muang Rayong,1
2023-08-11,Thailand,Pattaya,86
2023-08-11,Thailand,Phra Nakhon,8
2023-08-11,Thailand,Ko Samui,2
2023-08-11,Thailand,Muang Phitsanulok,1
2023-07-04,Thailand,Takua Pa,4
2023-07-04,Thailand,Khan Na Yao,1
2023-04-20,Thailand,Muang Khon Kaen,5
2023-03-28,Thailand,Phaya Thai,11
2023-03-28,Thailand,Lat Phrao,1
2023-02-06,Thailand,Hua Hin,6
2023-02-06,Thailand,Si Racha,1
2023-08-10,Thailand,Aranyaprathet,1
2023-08-10,Thailand,Muang Rayong,2
2023-03-13,Thailand,Lam Luk Ka,1
2023-10-28,Thailand,Ratchathewi,180
2023-10-28,Thailand,Thai Muang,1
2023-07-17,Thailand,Hua Hin,8
2023-11-21,Thailand,Wattana,23
2023-03-16,Thailand,Muang Chiang Rai,5
2023-10-25,Thailand,Phuket Island,66
2023-09-30,Thailand,Ko Yao District,1
2023-09-30,Thailand,Kaeng Krachan,1
2023-10-11,Thailand,Samphantawong,4
2023-02-09,Thailand,Muang Nakhon Ratchasima,2
2023-08-27,Thailand,Yannawa,1
2023-08-27,Thailand,Bang Khae,1
2023-08-27,Thailand,Wang Thonglang,1
2023-08-13,Thailand,Samphantawong,2
2023-08-13,Thailand,Mueang Krabi,20
2023-08-13,Thailand,Muang Kanchanaburi,1
2023-10-26,Thailand,Pathum Wan,5
2023-10-26,Thailand,K. Bang Sao Thon,6
2023-07-06,Thailand,Bang Rak,25
2023-07-06,Thailand,Thon Buri,1
2023-03-15,Thailand,Chatuchak,2
2023-08-12,Thailand,Muang Surat Thani,2
2023-04-22,Thailand,Bang Rak,15
2023-04-22,Thailand,Pattaya,28
2023-04-22,Thailand,Muang Chiang Rai,1
2023-03-29,Thailand,Cha-Am,11
2023-03-29,Thailand,Phra Nakhon,3
2023-02-08,Thailand,Pathum Wan,26
2023-02-08,Thailand,Hua Hin,16
2023-04-21,Thailand,Chatuchak,1
2023-07-19,Thailand,Khlong Toey,39
2023-07-19,Thailand,Samphantawong,3
2023-07-19,Thailand,Muang Kanchanaburi,1
2023-11-04,Thailand,Khlong Toey,34
2023-11-04,Thailand,Mueang Krabi,51
2023-09-02,Thailand,Mueang Krabi,25
2023-01-21,Thailand,Pattaya,7
2023-01-21,Thailand,Muang Nonthaburi,5
2023-09-16,Thailand,Ratchathewi,162
2023-08-09,Thailand,Muang Rayong,2
2023-05-26,Thailand,Wang Thonglang,2
2023-05-26,Thailand,Hua Hin,10
2023-05-26,Thailand,Khan Na Yao,6
2023-05-25,Thailand,Pattaya,28
2023-09-01,Thailand,Khan Na Yao,1
2023-05-25,Thailand,Pak Kret,1
2023-04-04,Thailand,Muang Phitsanulok,1
2023-04-04,Thailand,Lak Si,1
2023-09-15,Thailand,Khlong Toey,33
2023-11-16,Thailand,Samphantawong,1
2023-09-29,Thailand,Muang Samut Prakan,2
2023-09-29,Thailand,Ko Lanta,1
2023-09-29,Thailand,Bang Rak,26
2023-11-05,Thailand,Takua Pa,2
2023-11-05,Thailand,Lat Krabang,6
2023-08-08,Thailand,Muang Rayong,1
2023-08-08,Thailand,Phuket Island,50
2023-08-08,Thailand,Hat Yai,4
2023-08-08,Thailand,Hua Hin,17
2023-08-08,Thailand,Bang Khae,3
2023-11-16,Thailand,Khan Na Yao,1
2023-09-29,Thailand,Si Racha,1
2023-09-04,Thailand,Don Muang,5
2023-09-04,Thailand,Ko Samui,4
2023-01-23,Thailand,Yannawa,1
2023-05-28,Thailand,Hua Hin,3
2023-05-13,Thailand,Ratchathewi,88
2023-05-13,Thailand,Klaeng,4
2023-05-27,Thailand,Muang Chiang Mai,3
2023-05-27,Thailand,Pathum Wan,8
2023-05-27,Thailand,Takua Pa,1
2023-04-06,Thailand,Phuket Island,29
2023-09-26,Thailand,Phra Nakhon,14
2023-05-21,Thailand,Muang Nonthaburi,3
2023-11-01,Thailand,Bang Kapi,4
2023-08-19,Thailand,Suan Luang,2
2023-09-26,Thailand,Ko Phangan,1
2023-04-14,Thailand,Pathum Wan,4
2023-01-31,Thailand,Muang Rayong,1
2023-04-29,Thailand,Bang Lamung,4
2023-04-28,Thailand,Phaya Thai,6
2023-09-12,Thailand,Cha-Am,9
2023-09-12,Thailand,Mae Rim,4
2023-09-12,Thailand,Din Dang,1
2023-09-12,Thailand,Bang Plee,2
2023-09-12,Thailand,Lat Phrao,1
2023-09-12,Thailand,Bang Khun Thian,1
2023-11-15,Thailand,Ban Chang,1
2023-03-07,Thailand,Cha-Am,2
2023-08-18,Thailand,Lat Krabang,8
2023-08-18,Thailand,Lam Luk Ka,2
2023-04-13,Thailand,Ko Lanta,1
2023-09-25,Thailand,Mae Rim,2
2023-09-25,Thailand,Sathorn,2
2023-09-25,Thailand,Bang Khae,1
2023-09-25,Thailand,Khlong Luang,2
2023-10-09,Thailand,Bangkok Noi,1
2023-10-09,Thailand,Muang Nakhon Ratchasima,1
2023-09-14,Thailand,Khlong Toey,22
2023-11-13,Thailand,Ko Samui,4
2023-10-06,Thailand,Wattana,21
2023-10-06,Thailand,Ko Yao District,1
2023-10-06,Thailand,Sattahip,2
2023-10-06,Thailand,Lak Si,1
2023-08-07,Thailand,Phuket Island,30
2023-08-07,Thailand,Bang Kapi,1
2023-09-14,Thailand,Sattahip,1
2023-05-24,Thailand,Wattana,20
2023-05-24,Thailand,Klaeng,4
2023-04-16,Thailand,Pak Chong,1
2023-05-23,Thailand,Pattaya,44
2023-09-27,Thailand,Dusit,8
2023-09-27,Thailand,Bang Rak,35
2023-10-05,Thailand,Hua Hin,17
2023-10-05,Thailand,Wattana,16
2023-10-05,Thailand,Sattahip,2
2023-10-05,Thailand,Muang Chiang Rai,2
2023-10-05,Thailand,Muang Samut Prakan,1
2023-06-13,Thailand,K. Bang Sao Thon,2
2023-03-09,Thailand,Wattana,36
2023-03-09,Thailand,Samphantawong,6
2023-11-12,Thailand,K. Bang Sao Thon,9
2023-05-06,Thailand,Phuttha Mon Thon,3
2023-05-06,Thailand,Muang Chiang Mai,1
2023-04-01,Thailand,Muang Samut Prakan,1
2023-04-02,Thailand,Bang Rak,27
2023-04-02,Thailand,Hat Yai,5
2023-06-27,Thailand,Sathorn,3
2023-06-26,Thailand,Pathum Wan,12
2023-06-26,Thailand,Thon Buri,1
2023-05-05,Thailand,Wattana,17
2023-05-05,Thailand,Samphantawong,1
2023-01-18,Thailand,Din Dang,1
2023-02-21,Thailand,Muang Pathum Thani,1
2023-06-11,Thailand,Phuttha Mon Thon,2
2023-06-11,Thailand,Phra Khanong,17
2023-01-29,Thailand,Muang Chiang Mai,7
2023-01-29,Thailand,Muang Rayong,1
2023-07-22,Thailand,Pak Chong,12
2023-03-31,Thailand,Samphantawong,5
2023-03-31,Thailand,Bang Kapi,1
2023-03-31,Thailand,Muang Chiang Rai,3
2023-06-29,Thailand,Pom Pram Sattru,1
2023-05-08,Thailand,Wattana,29
2023-01-15,Thailand,Mueang Krabi,1
2023-01-15,Thailand,Muang Khon Kaen,2
2023-01-02,Thailand,Ratchathewi,87
2023-01-02,Thailand,Ko Samui,1
2023-06-12,Thailand,Ko Phangan,1
2023-06-14,Thailand,Muang Rayong,1
2023-06-14,Thailand,Muang Nonthaburi,1
2023-06-15,Thailand,Sathorn,4
2023-04-09,Thailand,Muang Chiang Mai,4
2023-06-26,Thailand,Khlong Hoi Kong,1
2023-06-28,Thailand,Muang Nakhon Ratchasima,3
2023-05-02,Thailand,Khlong San,8
2023-07-20,Thailand,Don Muang,3
2023-07-20,Thailand,Muang Kanchanaburi,1
2023-03-30,Thailand,Si Racha,2
2023-06-23,Thailand,Suan Luang,1
2023-11-09,Thailand,Khlong Toey,35
2023-01-24,Thailand,Khlong San,4
2023-01-24,Thailand,Pattaya,11
2023-05-15,Thailand,Klaeng,1
2023-09-09,Thailand,Lat Krabang,7
2023-09-09,Thailand,Khlong San,15
2023-01-10,Thailand,Sattahip,2
2023-05-29,Thailand,Phaya Thai,2
2023-09-05,Thailand,Hua Hin,21
2023-01-25,Thailand,Phra Nakhon,1
2023-09-06,Thailand,Phaya Thai,6
2023-07-21,Thailand,Khlong Toey,48
2023-07-21,Thailand,Cha-Am,18
2023-07-21,Thailand,Mae Rim,1
2023-05-01,Thailand,Hua Hin,4
2023-09-05,Thailand,Muang Khon Kaen,1
2023-01-28,Thailand,Muang Nakhon Ratchasima,2
2023-09-08,Thailand,Khlong Toey,28
2023-06-22,Thailand,Pathum Wan,6
2023-06-22,Thailand,Samphantawong,1
2023-06-22,Thailand,Thon Buri,1
2023-11-07,Thailand,Sathorn,3
2023-11-07,Thailand,Chatuchak,10
2023-05-04,Thailand,Chom Thong,1
2023-05-04,Thailand,Bang Rak,14
2023-05-04,Thailand,Hua Hin,17
2023-05-04,Thailand,Don Muang,1
2023-11-06,Thailand,Phuket Island,69
2023-11-06,Thailand,Rat Burana,2
2023-11-06,Thailand,Muang Chiang Mai,18
2023-06-10,Thailand,Phuket Island,22
2023-01-27,Thailand,Pak Chong,1
2023-01-27,Thailand,Bang Na,1
2023-01-27,Thailand,Khlong Luang,2
2023-01-12,Thailand,Muang Nonthaburi,4
2023-06-25,Thailand,Muang Satun,4
2023-07-31,Thailand,Muang Surat Thani,1
2023-09-07,Thailand,Din Dang,3
2023-07-30,Thailand,Klaeng,2
2023-07-30,Thailand,Mueang Krabi,15
2023-02-17,Thailand,Samphantawong,1
2023-02-17,Thailand,Wattana,18
2023-08-21,Thailand,Phuket Island,28
2023-07-14,Thailand,Ratchathewi,141
2023-07-14,Thailand,Don Muang,1
2023-04-30,Thailand,Lam Luk Ka,1
2023-10-23,Thailand,Chiang Dao,2
2023-10-23,Thailand,Phra Khanong,9
2023-06-07,Thailand,Pattaya,54
2023-06-07,Thailand,Takua Pa,4
2023-07-28,Thailand,Chatuchak,42
2023-07-28,Thailand,Min Buri,4
2023-07-28,Thailand,Ko Phangan,2
2023-07-28,Thailand,Phuttha Mon Thon,5
2023-07-28,Thailand,Bang Kapi,1
2023-02-02,Thailand,Bang Rak,45
2023-02-02,Thailand,Muang Buri Ram,1
2023-02-02,Thailand,Sathorn,1
2023-03-23,Thailand,Pattaya,56
2023-03-23,Thailand,Phuttha Mon Thon,2
2023-03-23,Thailand,Mae Rim,1
2023-10-24,Thailand,Din Dang,5
2023-10-24,Thailand,Bang Kapi,5
2023-10-24,Thailand,Wang Thonglang,1
2023-01-09,Thailand,Ratchathewi,58
2023-03-22,Thailand,Takua Pa,3
2023-03-22,Thailand,Phra Nakhon,3
2023-03-22,Thailand,Muang Nakhon Pathom,1
2023-06-06,Thailand,Phra Nakhon,4
2023-06-06,Thailand,Mueang Krabi,9
2023-07-27,Thailand,Hat Yai,5
2023-07-27,Thailand,Sattahip,4
2023-07-27,Thailand,Ko Lanta,1
2023-02-05,Thailand,Wattana,9
2023-08-23,Thailand,Chatuchak,7
2023-08-23,Thailand,Thawi Wattana,1
2023-02-19,Thailand,Ratchathewi,66
2023-07-16,Thailand,Bang Plad,8
2023-07-16,Thailand,Khlong San,15
2023-02-04,Thailand,Wang Thonglang,1
2023-10-21,Thailand,Lat Krabang,7
2023-10-21,Thailand,Ko Yao District,3
2023-10-21,Thailand,Muang Songkhla,5
2023-03-25,Thailand,Muang Chiang Rai,8
2023-03-25,Thailand,Khlong Luang,1
2023-10-21,Thailand,Doi Saket,2
2023-08-22,Thailand,Muang Satun,5
2023-08-22,Thailand,Wattana,19
2023-07-15,Thailand,Din Dang,4
2023-07-15,Thailand,Thai Muang,1
2023-02-18,Thailand,Mueang Krabi,2
2023-07-01,Thailand,Pathum Wan,5
2023-10-22,Thailand,Bang Plee,1
2023-10-22,Thailand,Suan Luang,2
2023-07-29,Thailand,Bang Saphan,1
2023-06-08,Thailand,Muang Nonthaburi,7
2023-03-24,Thailand,Pom Pram Sattru,1
2023-03-24,Thailand,Muang Nakhon Pathom,1
2023-03-24,Thailand,Thon Buri,1
2023-03-24,Thailand,Muang Khon Kaen,4
2023-02-03,Thailand,Khlong San,7
2023-02-03,Thailand,Phaya Thai,4
2023-02-27,Thailand,Bang Lamung,45
2023-07-24,Thailand,Bang Khun Thian,1
2023-07-24,Thailand,Mae Rim,3
2023-06-03,Thailand,Muang Chiang Mai,1
2023-02-12,Thailand,Khlong San,12
2023-02-12,Thailand,Pak Chong,1
2023-01-05,Thailand,Khlong San,7
2023-07-23,Thailand,Chiang Dao,1
2023-01-19,Thailand,Huai Kwang,37
2023-01-19,Thailand,Mueang Krabi,5
2023-06-02,Thailand,Muang Chiang Rai,1
2023-06-02,Thailand,Prawet,1
2023-06-02,Thailand,Hat Yai,1
2023-06-16,Thailand,Pak Chong,3
2023-02-25,Thailand,Hua Hin,7
2023-05-09,Thailand,Bang Rak,14
2023-05-09,Thailand,Bang Lamung,45
2023-02-11,Thailand,Pattaya,29
2023-10-20,Thailand,Bang Plad,1
2023-06-05,Thailand,Din Dang,1
2023-06-05,Thailand,Lam Luk Ka,1
2023-01-04,Thailand,Bang Lamung,34
2023-07-26,Thailand,Khlong Toey,21
2023-07-26,Thailand,Bang Saphan,1
2023-06-19,Thailand,Muang Nonthaburi,4
2023-07-26,Thailand,Don Muang,1
2023-02-14,Thailand,Khlong San,3
2023-10-31,Thailand,Bang Rak,53
2023-10-31,Thailand,Bang Plee,2
2023-02-28,Thailand,Muang Chiang Mai,11
2023-02-28,Thailand,Bang Lamung,36
2023-07-11,Thailand,Ko Yao District,1
2023-06-18,Thailand,K. Bang Sao Thon,4
2023-06-18,Thailand,Khan Na Yao,1
2023-07-10,Thailand,Muang Satun,4
2023-07-25,Thailand,Muang Kanchanaburi,5
2023-02-13,Thailand,Ko Samui,1
2023-04-25,Thailand,Suan Luang,2
2023-09-22,Thailand,Ban Chang,1
2023-03-04,Thailand,Hat Yai,2
2023-03-04,Thailand,Khlong Toey,33
2023-03-04,Thailand,Muang Nonthaburi,3
2023-03-04,Thailand,Huai Kwang,1
2023-03-18,Thailand,Phra Nakhon,2
2023-05-31,Thailand,Pathum Wan,9
2023-03-03,Thailand,Don Muang,6
2023-05-31,Thailand,Pak Kret,9
2023-03-03,Thailand,Si Racha,1
2023-04-24,Thailand,Muang Nakhon Ratchasima,2
2023-11-10,Thailand,Chatuchak,2
2023-09-21,Thailand,Samphantawong,2
2023-09-21,Thailand,Muang Chiang Mai,9
2023-10-04,Thailand,Chatuchak,3
2023-10-04,Thailand,Samphantawong,1
2023-03-17,Thailand,Muang Chiang Rai,4
2023-03-17,Thailand,Don Muang,1
2023-10-18,Thailand,Sattahip,2
2023-10-18,Thailand,K. Ko Chang,1
2023-10-18,Thailand,Muang Satun,13
2023-05-30,Thailand,Mueang Krabi,7
2023-08-14,Thailand,Bang Kapi,3
2023-08-14,Thailand,Ko Phangan,1
2023-08-14,Thailand,Din Dang,7
2023-08-28,Thailand,Muang Kanchanaburi,2
2023-08-28,Thailand,Don Muang,1
2023-08-28,Thailand,Lak Si,1
2023-03-02,Thailand,Takua Pa,1
2023-09-10,Thailand,Samphantawong,6
2023-09-10,Thailand,Klaeng,5
2023-10-19,Thailand,Muang Satun,7
2023-04-23,Thailand,Phuttha Mon Thon,2
2023-11-11,Thailand,Hat Yai,4
2023-11-11,Thailand,Sattahip,2
2023-10-29,Thailand,Thai Muang,1
2023-10-29,Thailand,Muang Satun,12
2023-10-29,Thailand,Samphantawong,4
2023-04-27,Thailand,Pattaya,41
2023-10-15,Thailand,Khlong San,16
2023-08-03,Thailand,Phaya Thai,10
2023-10-01,Thailand,Din Dang,1
2023-10-01,Thailand,Lam Luk Ka,3
2023-10-01,Thailand,Pathum Wan,16
2023-10-01,Thailand,Muang Satun,13
2023-09-24,Thailand,Bang Plee,1
2023-10-16,Thailand,Bang Rak,32
2023-10-16,Thailand,Ko Lanta,1
2023-04-12,Thailand,Phra Khanong,18
2023-03-19,Thailand,Muang Chiang Mai,2
2023-10-02,Thailand,Thai Muang,2
2023-10-02,Thailand,Bang Khun Thian,2
2023-07-09,Thailand,Muang Phangnga,1
2023-07-09,Thailand,Cha-Am,10
2023-10-27,Thailand,Si Racha,5
2023-04-11,Thailand,Ratchathewi,150
2023-04-11,Thailand,Mueang Krabi,2
2023-02-07,Thailand,Samphantawong,6
2023-08-11,Thailand,Chatuchak,13
2023-08-11,Thailand,Sattahip,9
2023-07-04,Thailand,Pak Chong,1
2023-08-25,Thailand,Thon Buri,2
2023-08-25,Thailand,Yannawa,1
2023-04-20,Thailand,K. Bang Sao Thon,16
2023-03-28,Thailand,Takua Pa,3
2023-03-28,Thailand,Muang Khon Kaen,2
2023-11-20,Thailand,Si Racha,1
2023-11-20,Thailand,Muang Udon Thani,1
2023-03-27,Thailand,Bang Rak,24
2023-03-27,Thailand,Phra Khanong,1
2023-03-27,Thailand,Thawi Wattana,2
2023-02-06,Thailand,Hat Yai,5
2023-07-03,Thailand,Thawi Wattana,3
2023-07-03,Thailand,Muang Rayong,2
2023-10-14,Thailand,Sathorn,1
2023-10-14,Thailand,Phuket Island,49
2023-07-17,Thailand,Thawi Wattana,1
2023-07-17,Thailand,Phra Khanong,4
2023-07-17,Thailand,Muang Nonthaburi,3
2023-03-12,Thailand,Muang Khon Kaen,1
2023-11-21,Thailand,Suan Phung,1
2023-11-21,Thailand,Muang Samut Prakan,1
2023-10-25,Thailand,K. Bang Sao Thon,9
2023-09-20,Thailand,Sikhiu,1
2023-10-11,Thailand,Muang Chiang Mai,19
2023-10-11,Thailand,Bang Rak,30
2023-10-11,Thailand,Ko Lanta,3
2023-08-27,Thailand,Muang Satun,26
2023-08-27,Thailand,Muang Chiang Mai,7
2023-07-06,Thailand,Chom Thong,2
2023-07-06,Thailand,Khlong San,13
2023-08-12,Thailand,Muang Rayong,3
2023-03-29,Thailand,Sattahip,2
2023-03-29,Thailand,Phaya Thai,10
2023-03-29,Thailand,Muang Nonthaburi,4
2023-03-29,Thailand,Phuttha Mon Thon,1
2023-03-01,Thailand,Pak Chong,1
2023-08-26,Thailand,Bang Rak,34
2023-08-26,Thailand,Mae Sot,1
2023-08-26,Thailand,Takua Pa,6
2023-04-21,Thailand,Lat Krabang,1
2023-10-12,Thailand,Muang Chiang Mai,16
2023-07-19,Thailand,Sathorn,2
2023-07-05,Thailand,Sadao,1
2023-07-05,Thailand,Ko Phangan,5
2023-07-05,Thailand,Khan Na Yao,1
2023-03-14,Thailand,Lat Krabang,2
2023-04-05,Thailand,Suan Phung,1
2023-11-04,Thailand,Muang Satun,12
2023-09-02,Thailand,Pom Pram Sattru,1
2023-11-19,Thailand,Sathorn,1
2023-11-19,Thailand,Din Dang,4
2023-01-21,Thailand,Ratchathewi,40
2023-01-21,Thailand,Din Dang,1
2023-04-19,Thailand,Ratchathewi,134
2023-04-19,Thailand,Muang Rayong,3
2023-04-19,Thailand,Samphantawong,4
2023-08-09,Thailand,Pathum Wan,13
2023-08-09,Thailand,Phra Khanong,1
2023-05-11,Thailand,Phaya Thai,1
2023-05-11,Thailand,Samphantawong,6
2023-05-11,Thailand,Bang Lamung,28
2023-05-25,Thailand,Khlong Toey,46
2023-05-25,Thailand,Bang Rak,40
2023-09-01,Thailand,Chatuchak,22
2023-09-01,Thailand,Mae Rim,4
2023-09-01,Thailand,Huai Kwang,5
2023-09-01,Thailand,Muang Chai Nat,1
2023-04-04,Thailand,Thawi Wattana,2
2023-11-16,Thailand,Lat Krabang,7
2023-11-16,Thailand,Muang Khon Kaen,3
2023-11-05,Thailand,Pattaya,107
2023-11-05,Thailand,K. Bang Sao Thon,10
2023-05-10,Thailand,Muang Pathum Thani,1
2023-05-10,Thailand,Wattana,18
2023-04-07,Thailand,Cha-Am,1
2023-11-02,Thailand,San Sai,2
2023-09-29,Thailand,Cha-Am,8
2023-05-28,Thailand,Hat Yai,2
2023-09-04,Thailand,Din Dang,2
2023-09-04,Thailand,Yannawa,1
2023-11-03,Thailand,Lak Si,1
2023-11-03,Thailand,Takua Pa,5
2023-11-03,Thailand,Hang Dong,1
2023-09-18,Thailand,Chatuchak,26
2023-09-18,Thailand,Don Muang,5
2023-01-23,Thailand,Hat Yai,11
2023-01-23,Thailand,Samphantawong,2
2023-11-17,Thailand,Khlong Toey,36
2023-06-20,Thailand,Muang Khon Kaen,6
2023-09-17,Thailand,Phra Nakhon,8
2023-09-17,Thailand,Khlong San,10
2023-09-17,Thailand,K. Ko Chang,1
2023-09-17,Thailand,Lak Si,2
2023-05-28,Thailand,Bang Khun Thian,1
2023-05-28,Thailand,Pak Kret,2
2023-05-13,Thailand,Pom Pram Sattru,1
2023-05-13,Thailand,Bang Lamung,24
2023-09-19,Thailand,Bang Plad,3
2023-09-03,Thailand,Mueang Krabi,43
2023-09-03,Thailand,Muang Khon Kaen,5
2023-09-03,Thailand,Don Muang,4
2023-09-03,Thailand,Lak Si,1
2023-05-12,Thailand,Sathorn,3
2023-05-12,Thailand,Lat Krabang,3
2023-04-15,Thailand,Khan Na Yao,1
2023-04-15,Thailand,Wattana,17
2023-04-06,Thailand,Don Muang,2
2023-10-07,Thailand,Muang Khon Kaen,1
2023-10-07,Thailand,Muang Nonthaburi,2
2023-03-08,Thailand,Din Dang,1
2023-09-26,Thailand,Rat Burana,1
2023-09-26,Thailand,Phuket Island,55
2023-01-31,Thailand,Hua Hin,5
2023-11-01,Thailand,Bang Plee,3
2023-08-19,Thailand,Muang Nakhon Ratchasima,1
2023-08-19,Thailand,Hua Hin,3
2023-05-12,Thailand,K. Bang Sao Thon,1
2023-10-08,Thailand,Dusit,2
2023-10-08,Thailand,Huai Kwang,6
2023-09-26,Thailand,Bang Khen,1
2023-09-26,Thailand,Lat Krabang,3
2023-04-14,Thailand,Ratchathewi,145
2023-04-14,Thailand,Wang Chan,1
2023-04-14,Thailand,Mae Rim,1
2023-08-05,Thailand,Muang Satun,11
2023-08-05,Thailand,Cha-Am,4
2023-01-31,Thailand,Din Dang,1
2023-09-11,Thailand,Ko Phangan,3
2023-09-11,Thailand,Khlong Luang,1
2023-05-20,Thailand,Thawi Wattana,1
2023-05-20,Thailand,Khlong San,7
2023-11-15,Thailand,Wattana,16
2023-11-15,Thailand,Phuket Island,75
2023-11-15,Thailand,Muang Phitsanulok,1
2023-11-15,Thailand,Muang Nakhon Ratchasima,1
2023-08-04,Thailand,Khan Na Yao,4
2023-08-18,Thailand,Muang Nonthaburi,2
2023-09-14,Thailand,Cha-Am,11
2023-05-24,Thailand,Phuket Island,26
2023-05-24,Thailand,Ko Samui,1
2023-04-16,Thailand,Phra Nakhon,3
2023-04-16,Thailand,Chatuchak,3
2023-11-01,Thailand,Thai Muang,1
2023-05-23,Thailand,Muang Nakhon Ratchasima,1
2023-05-23,Thailand,Bang Lamung,57
2023-01-30,Thailand,Cha-Am,1
2023-04-03,Thailand,Lat Krabang,2
2023-06-30,Thailand,Wang Thonglang,1
2023-09-27,Thailand,Takua Pa,6
2023-09-27,Thailand,Bang Plee,2
2023-09-27,Thailand,Khlong Toey,30
2023-06-13,Thailand,Suan Luang,2
2023-03-09,Thailand,Bang Kapi,1
2023-03-09,Thailand,Pattaya,63
2023-03-09,Thailand,Phra Khanong,6
2023-03-09,Thailand,K. Bang Sao Thon,2
2023-05-22,Thailand,Wattana,24
2023-05-22,Thailand,Khlong Toey,41
2023-01-01,Thailand,Bang Kapi,2
2023-02-22,Thailand,Phaya Thai,8
2023-02-22,Thailand,Pak Chong,1
2023-04-16,Thailand,Samphantawong,1
2023-09-13,Thailand,Muang Chiang Mai,7
2023-09-13,Thailand,Muang Satun,4
2023-09-13,Thailand,Mueang Krabi,41
2023-09-13,Thailand,Hang Dong,1
2023-09-13,Thailand,Khan Na Yao,3
2023-04-01,Thailand,Muang Kanchanaburi,1
2023-05-22,Thailand,Samphantawong,2
2023-04-02,Thailand,Cha-Am,16
2023-06-26,Thailand,Khlong San,4
2023-01-18,Thailand,Phaya Thai,1
2023-06-11,Thailand,Din Dang,1
2023-01-29,Thailand,Khlong Toey,7
2023-03-31,Thailand,Muang Chiang Mai,6
2023-03-31,Thailand,Cha-Am,12
2023-06-29,Thailand,Suan Luang,2
2023-05-19,Thailand,Thawi Wattana,4
2023-05-19,Thailand,Khlong Luang,2
2023-05-08,Thailand,Muang Kanchanaburi,1
2023-01-14,Thailand,Bang Rak,12
2023-01-14,Thailand,Bang Khae,1
2023-05-08,Thailand,Sathorn,1
2023-01-17,Thailand,Mueang Krabi,2
2023-01-02,Thailand,Phaya Thai,1
2023-01-02,Thailand,Bang Plee,1
2023-06-12,Thailand,Huai Kwang,3
2023-06-15,Thailand,Dusit,2
2023-04-09,Thailand,Phra Nakhon,3
2023-06-23,Thailand,Bang Rak,16
2023-03-30,Thailand,Bang Kapi,1
2023-02-23,Thailand,Takua Pa,2
2023-01-03,Thailand,Pattaya,9
2023-11-09,Thailand,Ratchathewi,232
2023-11-09,Thailand,Muang Chon Buri,2
2023-01-10,Thailand,Lam Luk Ka,1
2023-05-16,Thailand,Muang Nonthaburi,2
2023-01-16,Thailand,Bang Bo,1
2023-05-29,Thailand,Mueang Krabi,8
2023-09-05,Thailand,Bang Lamung,24
2023-09-06,Thailand,Lam Luk Ka,1
2023-02-24,Thailand,Si Racha,1
2023-01-11,Thailand,Pattaya,16
2023-05-01,Thailand,Phra Nakhon,8
2023-05-01,Thailand,Phra Khanong,10
2023-01-28,Thailand,Muang Rayong,1
2023-05-18,Thailand,Ratchathewi,137
2023-05-18,Thailand,Sathorn,2
2023-11-07,Thailand,Takua Pa,4
2023-11-07,Thailand,Phra Nakhon,19
2023-05-04,Thailand,Takua Pa,1
2023-05-04,Thailand,Lak Si,1
2023-06-21,Thailand,Phaya Thai,6
2023-06-21,Thailand,Muang Yala,1
2023-11-06,Thailand,Hat Yai,3
2023-05-03,Thailand,Muang Prachuap Khiri Khan,1
2023-06-10,Thailand,Khlong San,10
2023-01-12,Thailand,Khlong Toey,6
2023-01-12,Thailand,Bang Plad,1
2023-01-26,Thailand,Muang Nakhon Ratchasima,1
2023-01-26,Thailand,Aranyaprathet,1
2023-05-17,Thailand,Muang Phitsanulok,1
2023-09-08,Thailand,Muang Nonthaburi,3
2023-09-08,Thailand,Bang Kapi,2
2023-09-07,Thailand,Muang Chon Buri,1
2023-07-30,Thailand,Min Buri,1
2023-11-08,Thailand,K. Ko Kut,2
2023-01-26,Thailand,Bang Khae,1
2023-01-26,Thailand,Samphantawong,1
2023-02-17,Thailand,Bang Plad,4
2023-08-21,Thailand,Lak Si,4
2023-04-30,Thailand,Mueang Krabi,12
2023-07-28,Thailand,Bang Khun Thian,2
2023-07-28,Thailand,Khlong Luang,1
2023-03-23,Thailand,Phuket Island,38
2023-07-13,Thailand,Din Dang,4
2023-01-09,Thailand,Muang Khon Kaen,3
2023-01-09,Thailand,Bang Lamung,3
2023-02-01,Thailand,Khlong Toey,5
2023-06-06,Thailand,Bang Lamung,3
2023-07-27,Thailand,Mueang Krabi,19
2023-08-23,Thailand,Cha-Am,13
2023-07-02,Thailand,Phuket Island,25
2023-07-02,Thailand,Muang Rayong,2
2023-03-11,Thailand,Muang Chiang Mai,5
2023-02-19,Thailand,Phaya Thai,6
2023-02-19,Thailand,Bang Lamung,5
2023-07-16,Thailand,Khlong Toey,50
2023-02-04,Thailand,Pattaya,21
2023-02-04,Thailand,Pak Chong,1
2023-10-21,Thailand,Pattaya,80
2023-06-09,Thailand,Phra Khanong,13
2023-06-09,Thailand,Dusit,4
2023-08-22,Thailand,Ko Samui,3
2023-08-22,Thailand,Khlong Toey,26
2023-02-18,Thailand,Hua Hin,5
2023-07-15,Thailand,Bang Lamung,20
2023-07-01,Thailand,Muang Satun,5
2023-07-01,Thailand,Bang Rak,44
2023-07-29,Thailand,Mueang Krabi,18
2023-07-29,Thailand,Muang Chiang Rai,3
2023-03-10,Thailand,Sattahip,4
2023-02-03,Thailand,Huai Kwang,2
2023-01-06,Thailand,Ratchathewi,62
2023-01-06,Thailand,Bang Rak,8
2023-01-06,Thailand,Muang Khon Kaen,1
2023-07-24,Thailand,Muang Narathiwat,1
2023-07-24,Thailand,Sawankhalok,1
2023-06-03,Thailand,Wattana,36
2023-06-03,Thailand,Khlong San,11
2023-06-03,Thailand,Suan Luang,2
2023-06-17,Thailand,Yannawa,1
2023-01-05,Thailand,Bang Kho Laem,1
2023-01-05,Thailand,Thanyaburi,1
2023-02-26,Thailand,Samphantawong,5
2023-02-26,Thailand,Phra Khanong,5
2023-08-30,Thailand,Koh Si Chang,1
2023-07-23,Thailand,Si Racha,6
2023-07-23,Thailand,Thungkru,3
2023-07-23,Thailand,Bang Saphan,1
2023-06-02,Thailand,Bang Rak,32
2023-06-16,Thailand,Muang Khon Kaen,10
2023-05-09,Thailand,Wattana,34
2023-05-09,Thailand,Dusit,2
2023-05-09,Thailand,Cha-Am,1
2023-10-20,Thailand,Pathum Wan,8
2023-06-05,Thailand,Bang Kruai,1
2023-06-05,Thailand,Pak Kret,1
2023-01-04,Thailand,Si Racha,1
2023-07-12,Thailand,Mueang Krabi,13
2023-06-19,Thailand,Khlong San,9
2023-07-26,Thailand,Si Racha,3
2023-03-21,Thailand,Khlong Toey,19
2023-03-21,Thailand,Pathum Wan,3
2023-03-21,Thailand,Cha-Am,4
2023-02-14,Thailand,Sattahip,2
2023-02-28,Thailand,Bang Kapi,3
2023-06-04,Thailand,Bang Plad,2
2023-06-04,Thailand,Bang Rak,16
2023-06-04,Thailand,K. Bang Sao Thon,2
2023-01-07,Thailand,Muang Chiang Mai,10
2023-01-07,Thailand,Pattaya,5
2023-07-11,Thailand,Mueang Krabi,19
2023-06-18,Thailand,Suan Luang,3
2023-07-25,Thailand,Lat Krabang,7
2023-07-25,Thailand,Din Dang,4
2023-07-25,Thailand,Phra Nakhon Si Ayutthaya,2
2023-07-25,Thailand,Bang Plee,15
2023-07-25,Thailand,Mae Rim,2
2023-04-25,Thailand,Muang Nakhon Ratchasima,2
2023-08-01,Thailand,Wang Thonglang,3
2023-09-22,Thailand,Ko Samui,5
2023-09-22,Thailand,Bang Lamung,25
2023-10-03,Thailand,Ban Chang,2
2023-03-18,Thailand,Sathorn,1
2023-08-15,Thailand,Samphantawong,4
2023-08-29,Thailand,Phaya Thai,13
2023-08-29,Thailand,Phra Nakhon,9
2023-08-29,Thailand,K. Bang Sao Thon,9
2023-03-03,Thailand,Bang Rak,52
2023-03-03,Thailand,Thon Buri,1
2023-04-10,Thailand,Phuket Island,31
2023-04-10,Thailand,K. Bang Sao Thon,7
2023-11-10,Thailand,Muang Ubon Ratchatani,2
2023-09-21,Thailand,Bang Kapi,3
2023-09-21,Thailand,Don Muang,4
2023-10-04,Thailand,Cha-Am,5
2023-10-04,Thailand,Muang Khon Kaen,1
2023-03-17,Thailand,Pak Chong,1
2023-10-18,Thailand,Muang Chiang Mai,29
2023-05-30,Thailand,Muang Rayong,1
2023-05-30,Thailand,K. Bang Sao Thon,8
2023-05-30,Thailand,Prawet,1
2023-07-07,Thailand,Bang Khae,8
2023-08-14,Thailand,Muang Phitsanulok,1
2023-03-02,Thailand,Bang Plee,3
2023-09-10,Thailand,Khlong Toey,31
2023-09-10,Thailand,Pak Kret,1
2023-10-19,Thailand,Cha-Am,6
2023-10-19,Thailand,Phra Nakhon,17
2023-04-23,Thailand,Wattana,13
2023-10-29,Thailand,Pattaya,103
2023-10-29,Thailand,Bang Rak,89
2023-10-29,Thailand,Muang Songkhla,1
2023-03-06,Thailand,Yannawa,1
2023-08-03,Thailand,Bang Lamung,19
2023-11-22,Thailand,Pathum Wan,2
2023-08-17,Thailand,Phuket Island,36
2023-10-01,Thailand,Suan Phung,1
2023-09-24,Thailand,Cha-Am,2
2023-10-16,Thailand,Bang Lamung,12
2023-10-16,Thailand,Khlong Toey,22
2023-03-05,Thailand,Samphantawong,14
2023-03-05,Thailand,Pom Pram Sattru,1
2023-04-12,Thailand,Ko Samui,1
2023-03-19,Thailand,Din Dang,1
2023-10-02,Thailand,Pattaya,130
2023-10-02,Thailand,Phaya Thai,3
2023-08-02,Thailand,Sathorn,1
2023-04-26,Thailand,Bang Plad,1
2023-09-23,Thailand,Suan Luang,10
2023-08-16,Thailand,Ko Phangan,2
2023-08-16,Thailand,Khan Na Yao,3
2023-07-09,Thailand,Bang Plee,25
2023-07-09,Thailand,Takua Pa,3
2023-10-27,Thailand,Don Muang,10
2023-10-27,Thailand,Phra Khanong,2
2023-10-27,Thailand,Pom Pram Sattru,1
2023-04-11,Thailand,Khlong San,9
2023-10-13,Thailand,Bang Lamung,8
2023-10-13,Thailand,Don Muang,27
2023-02-07,Thailand,Chatuchak,1
2023-02-07,Thailand,Thon Buri,1
2023-07-04,Thailand,Hua Hin,3
2023-07-04,Thailand,Muang Nonthaburi,1
2023-03-28,Thailand,Hat Yai,1
2023-03-28,Thailand,Muang Nonthaburi,2
2023-04-20,Thailand,Muang Satun,1
2023-07-18,Thailand,Muang Chiang Mai,19
2023-07-18,Thailand,Hua Hin,19
2023-07-18,Thailand,Muang Phangnga,1
2023-11-20,Thailand,Don Muang,6
2023-11-20,Thailand,Lat Phrao,6
2023-02-06,Thailand,Ko Samui,1
2023-02-06,Thailand,Lat Krabang,1
2023-03-13,Thailand,Wattana,20
2023-10-28,Thailand,Hua Hin,15
2023-10-28,Thailand,Muang Songkhla,3
2023-07-03,Thailand,Hat Yai,6
2023-10-14,Thailand,Hua Hin,14
2023-08-24,Thailand,Ko Lanta,3
2023-07-17,Thailand,Si Racha,2
2023-07-17,Thailand,Suan Phung,1
2023-11-21,Thailand,Mueang Krabi,31
2023-11-21,Thailand,Ratchathewi,173
2023-11-21,Thailand,Muang Khon Kaen,2
2023-03-16,Thailand,Samphantawong,3
2023-03-16,Thailand,Huai Kwang,3
2023-10-25,Thailand,Chom Thong,1
2023-10-25,Thailand,Muang Songkhla,1
2023-09-20,Thailand,Bang Khae,4
2023-09-20,Thailand,K. Ko Chang,4
2023-09-30,Thailand,Muang Khon Kaen,1
2023-02-09,Thailand,Khlong Toey,15
2023-08-27,Thailand,Muang Songkhla,2
2023-07-06,Thailand,Phuket Island,36
2023-08-13,Thailand,Phaya Thai,4
2023-08-13,Thailand,Chatuchak,27
2023-08-13,Thailand,Bang Plad,5
2023-03-01,Thailand,Phuket Island,64
2023-03-01,Thailand,Sattahip,4
2023-03-01,Thailand,K. Bang Sao Thon,3
2023-08-12,Thailand,Chatuchak,8
2023-03-01,Thailand,Suan Luang,1
2023-08-26,Thailand,Wattana,18
2023-08-26,Thailand,K. Bang Sao Thon,1
2023-10-12,Thailand,Huai Kwang,3
2023-07-19,Thailand,Muang Chiang Mai,20
2023-07-19,Thailand,Pak Chong,11
2023-07-05,Thailand,Phra Nakhon,13
2023-03-14,Thailand,Hua Hin,1
2023-11-04,Thailand,Ban Chang,5
2023-09-02,Thailand,Mae Rim,2
2023-09-02,Thailand,Khlong Luang,1
2023-11-19,Thailand,Bang Plee,2
2023-11-19,Thailand,Doi Saket,1
2023-01-21,Thailand,Wattana,8
2023-11-19,Thailand,K. Ko Kut,1
2023-09-16,Thailand,Sattahip,1
2023-09-16,Thailand,Bang Kho Laem,1
2023-09-16,Thailand,Ko Phangan,2
2023-08-09,Thailand,Huai Kwang,6
2023-08-09,Thailand,Bang Kruai,1
2023-05-26,Thailand,Takua Pa,2
2023-05-11,Thailand,Ratchathewi,153
2023-05-11,Thailand,Bang Plad,2
2023-05-11,Thailand,Phra Nakhon,7
2023-05-11,Thailand,Pathum Wan,9
2023-05-25,Thailand,Phaya Thai,7
2023-05-25,Thailand,Phra Khanong,3
2023-09-01,Thailand,Wattana,16
2023-01-20,Thailand,Bang Kapi,3
2023-09-15,Thailand,Samphantawong,1
2023-09-15,Thailand,Bangkok Noi,1
2023-04-18,Thailand,Din Dang,1
2023-04-18,Thailand,Muang Chiang Rai,1
2023-11-16,Thailand,Muang Chiang Rai,3
2023-09-29,Thailand,Din Dang,1
2023-11-05,Thailand,Bang Khae,1
2023-11-05,Thailand,Ko Lanta,4
2023-05-10,Thailand,Phuket Island,23
2023-05-10,Thailand,Muang Nonthaburi,5
2023-04-07,Thailand,Pattaya,40
2023-04-07,Thailand,Muang Chiang Rai,1
2023-08-08,Thailand,Phuttha Mon Thon,1
2023-08-08,Thailand,Takua Pa,5
2023-11-02,Thailand,Muang Kanchanaburi,2
2023-11-02,Thailand,Muang Rayong,1
2023-11-02,Thailand,Cha-Am,2
2023-11-02,Thailand,Chom Thong,1
2023-11-16,Thailand,Lat Phrao,6
2023-09-04,Thailand,Phra Nakhon,11
2023-09-04,Thailand,Sathorn,2
2023-11-03,Thailand,Prawet,1
2023-09-18,Thailand,Ko Samui,5
2023-09-18,Thailand,Si Racha,1
2023-09-18,Thailand,Bang Khae,4
2023-09-18,Thailand,Ko Phangan,4
2023-09-18,Thailand,K. Bang Sao Thon,20
2023-01-23,Thailand,Pak Chong,1
2023-11-17,Thailand,Sikhiu,1
2023-11-17,Thailand,Sattahip,2
2023-11-17,Thailand,Khlong San,6
2023-11-17,Thailand,Muang Chiang Mai,28
2023-11-18,Thailand,Muang Satun,7
2023-09-17,Thailand,Samphantawong,3
2023-05-28,Thailand,Dusit,1
2023-01-22,Thailand,Khlong San,2
2023-05-27,Thailand,Pattaya,68
2023-05-27,Thailand,Bang Kapi,3
2023-05-12,Thailand,Din Dang,1
2023-11-14,Thailand,Muang Satun,2
2023-04-15,Thailand,Muang Chiang Mai,1
2023-10-07,Thailand,Takua Pa,8
2023-04-29,Thailand,Khlong Toey,16
2023-03-08,Thailand,Ratchathewi,190
2023-03-08,Thailand,Phaya Thai,3
2023-09-26,Thailand,Ban Chang,1
2023-01-31,Thailand,Khlong Toey,8
2023-08-19,Thailand,Pathum Wan,9
2023-08-19,Thailand,Khlong Toey,25
2023-08-05,Thailand,Bang Khae,1
2023-10-08,Thailand,Mae Rim,5
2023-01-31,Thailand,Bang Plee,1
2023-09-11,Thailand,Pattaya,167
2023-09-11,Thailand,Huai Kwang,6
2023-09-11,Thailand,Klaeng,2
2023-04-29,Thailand,Muang Rayong,10
2023-05-20,Thailand,Phuket Island,29
2023-05-20,Thailand,Pathum Wan,9
2023-05-20,Thailand,Lat Krabang,2
2023-09-12,Thailand,Muang Chiang Mai,11
2023-03-07,Thailand,Phra Nakhon Si Ayutthaya,1
2023-08-04,Thailand,Wang Thonglang,5
2023-09-25,Thailand,Khlong San,13
2023-06-30,Thailand,Pattaya,61
2023-10-09,Thailand,Din Dang,2
2023-10-09,Thailand,Muang Rayong,4
2023-09-14,Thailand,K. Bang Sao Thon,23
2023-10-06,Thailand,Bangkok Noi,2
2023-10-06,Thailand,Takua Pa,5
2023-04-17,Thailand,Muang Chiang Rai,3
2023-04-17,Thailand,Huai Kwang,3
2023-04-17,Thailand,Ko Phangan,1
2023-09-14,Thailand,Mae Rim,4
2023-05-24,Thailand,Don Muang,3
2023-05-23,Thailand,Prawet,1
2023-01-30,Thailand,Bang Lamung,20
2023-04-03,Thailand,Ko Lanta,1
2023-04-03,Thailand,K. Ko Chang,1
2023-06-30,Thailand,Phuket Island,28
2023-09-27,Thailand,Muang Chiang Mai,16
2023-10-05,Thailand,Ko Lanta,3
2023-10-05,Thailand,K. Ko Chang,9
2023-10-05,Thailand,Muang Ubon Ratchatani,3
2023-03-09,Thailand,K. Ko Kut,3
2023-11-12,Thailand,Lat Phrao,3
2023-11-12,Thailand,Ko Yao District,1
2023-11-12,Thailand,Mae Sot,1
2023-11-12,Thailand,Sawankhalok,1
2023-02-22,Thailand,Wattana,16
2023-02-22,Thailand,Phra Khanong,2
2023-05-06,Thailand,Khlong San,6
2023-09-13,Thailand,Ratchathewi,153
2023-09-13,Thailand,Pom Pram Sattru,1
2023-09-13,Thailand,San Sai,2
2023-05-22,Thailand,K. Bang Sao Thon,6
2023-04-02,Thailand,Bang Kapi,2
2023-04-02,Thailand,Ko Samui,1
2023-06-27,Thailand,Muang Satun,5
2023-06-26,Thailand,Hua Hin,3
2023-01-18,Thailand,Pathum Wan,14
2023-02-21,Thailand,Chatuchak,3
2023-02-10,Thailand,Pom Pram Sattru,1
2023-05-05,Thailand,Pak Chong,1
2023-05-05,Thailand,Koh Si Chang,2
2023-05-19,Thailand,Phuket Island,17
2023-07-22,Thailand,Phaya Thai,4
2023-07-22,Thailand,Mae Rim,2
2023-02-10,Thailand,Muang Rayong,1
2023-05-08,Thailand,Pak Chong,1
2023-05-08,Thailand,Bang Kapi,1
2023-01-14,Thailand,Bang Kapi,1
2023-06-12,Thailand,Wattana,39
2023-06-12,Thailand,Pom Pram Sattru,1
2023-06-15,Thailand,Hua Hin,5
2023-04-09,Thailand,Ko Phangan,1
2023-06-26,Thailand,Bang Kapi,1
2023-06-28,Thailand,Don Muang,2
2023-06-28,Thailand,Khlong San,4
2023-05-02,Thailand,Ratchathewi,97
2023-05-02,Thailand,Phuket Island,16
2023-07-20,Thailand,Min Buri,4
2023-07-20,Thailand,Muang Chiang Mai,21
2023-07-20,Thailand,Muang Phitsanulok,1
2023-05-07,Thailand,Muang Rayong,1
2023-05-07,Thailand,Khlong San,2
2023-03-30,Thailand,Ratchathewi,117
2023-11-09,Thailand,Ko Samui,5
2023-05-15,Thailand,Thawi Wattana,2
2023-09-09,Thailand,Lam Luk Ka,4
2023-09-09,Thailand,Bang Plee,3
2023-01-10,Thailand,Huai Kwang,16
2023-05-16,Thailand,Muang Chiang Mai,12
2023-05-16,Thailand,Thap Sakae,1
2023-05-16,Thailand,Bang Kapi,4
2023-05-16,Thailand,Lat Krabang,1
2023-05-29,Thailand,Muang Nakhon Pathom,4
2023-09-05,Thailand,Muang Satun,14
2023-01-25,Thailand,Huai Kwang,27
2023-07-21,Thailand,Klaeng,4
2023-09-08,Thailand,Pathum Wan,13
2023-05-18,Thailand,Hat Yai,3
2023-06-22,Thailand,Phra Khanong,9
2023-11-07,Thailand,Khlong Toey,27
2023-11-07,Thailand,Muang Nakhon Ratchasima,1
2023-02-20,Thailand,Khlong San,4
2023-11-06,Thailand,Pak Chong,2
2023-11-06,Thailand,Muang Chiang Rai,1
2023-06-10,Thailand,Phra Khanong,11
2023-06-24,Thailand,Muang Buri Ram,1
2023-06-25,Thailand,Phuket Island,24
2023-06-25,Thailand,Pom Pram Sattru,2
2023-05-17,Thailand,Sathorn,9
2023-05-17,Thailand,Muang Khon Kaen,2
2023-07-31,Thailand,Bang Rak,22
2023-07-31,Thailand,Dusit,1
2023-07-31,Thailand,Ko Phangan,1
2023-09-07,Thailand,Ratchathewi,152
2023-09-07,Thailand,Bang Khae,2
2023-09-07,Thailand,Ko Lanta,1
2023-07-30,Thailand,Ban Dung,1
2023-07-30,Thailand,Ko Samui,1
2023-07-30,Thailand,Suan Luang,2
2023-11-08,Thailand,Ko Samui,7
2023-11-08,Thailand,Takua Pa,1
2023-01-26,Thailand,Khlong San,6
2023-01-26,Thailand,Khlong Luang,1
2023-01-26,Thailand,Muang Chiang Rai,1
2023-08-21,Thailand,Bang Lamung,26
2023-08-21,Thailand,San Sai,1
2023-07-14,Thailand,Wang Chan,1
2023-07-14,Thailand,Muang Samut Prakan,2
2023-10-23,Thailand,Muang Khon Kaen,1
2023-06-07,Thailand,Din Dang,1
2023-07-28,Thailand,Thawi Wattana,4
2023-07-28,Thailand,Dusit,4
2023-02-02,Thailand,Phuket Island,33
2023-02-02,Thailand,Phra Nakhon,1
2023-03-23,Thailand,Phra Khanong,2
2023-08-20,Thailand,Pattaya,107
2023-08-20,Thailand,Khlong Toey,15
2023-08-20,Thailand,Muang Satun,15
2023-02-16,Thailand,Muang Rayong,1
2023-02-16,Thailand,Bang Kapi,6
2023-02-16,Thailand,Muang Nonthaburi,6
2023-10-24,Thailand,Bang Plad,4
2023-10-24,Thailand,Chatuchak,18
2023-10-24,Thailand,Lat Phrao,1
2023-02-01,Thailand,Pran Buri,2
2023-03-22,Thailand,Khlong Toey,34
2023-03-22,Thailand,Muang Chiang Mai,1
2023-06-06,Thailand,Phuttha Mon Thon,1
2023-07-27,Thailand,Phra Nakhon,10
2023-07-27,Thailand,Samphantawong,1
2023-02-15,Thailand,Muang Chiang Mai,12
2023-10-10,Thailand,Ratchathewi,188
2023-10-10,Thailand,Khlong Hoi Kong,1
2023-02-05,Thailand,K. Bang Sao Thon,1
2023-03-26,Thailand,Khlong San,4
2023-03-26,Thailand,Takua Pa,3
2023-03-11,Thailand,Muang Chiang Rai,1
2023-10-21,Thailand,Lat Phrao,1
2023-10-21,Thailand,Muang Chai Nat,1
2023-03-25,Thailand,Ko Phangan,3
2023-10-21,Thailand,Sattahip,2
2023-07-15,Thailand,Muang Satun,2
2023-02-18,Thailand,Khlong San,21
2023-07-01,Thailand,Ko Samui,2
2023-07-15,Thailand,Bang Khun Thian,1
2023-07-15,Thailand,Muang Chiang Rai,1
2023-10-22,Thailand,Bang Plad,1
2023-10-22,Thailand,Samphantawong,4
2023-03-10,Thailand,Cha-Am,6
2023-03-24,Thailand,Don Muang,1
2023-02-27,Thailand,Phra Nakhon,9
2023-02-27,Thailand,Khlong Toey,17
2023-06-03,Thailand,Sattahip,2
2023-06-17,Thailand,Sathorn,4
2023-02-26,Thailand,Lam Luk Ka,2
2023-07-23,Thailand,Huai Kwang,11
2023-07-23,Thailand,Phuket Island,33
2023-07-23,Thailand,Samphantawong,1
2023-06-02,Thailand,Muang Nonthaburi,2
2023-06-02,Thailand,Takua Pa,3
2023-05-09,Thailand,Hua Hin,4
2023-02-11,Thailand,Phuket Island,39
2023-10-20,Thailand,Mae Rim,1
2023-02-25,Thailand,Phaya Thai,7
2023-07-12,Thailand,Bang Plad,4
2023-06-05,Thailand,Phuket Island,19
2023-01-04,Thailand,Phaya Thai,8
2023-07-12,Thailand,Thungkru,3
2023-07-12,Thailand,Phra Khanong,2
2023-07-26,Thailand,Bang Rak,18
2023-07-26,Thailand,Muang Samut Prakan,7
2023-10-31,Thailand,Bang Lamung,19
2023-03-21,Thailand,Samphantawong,9
2023-06-04,Thailand,Phaya Thai,4
2023-06-04,Thailand,Lat Krabang,2
2023-01-07,Thailand,Muang Khon Kaen,2
2023-03-20,Thailand,Don Muang,2
2023-07-10,Thailand,Muang Nakhon Ratchasima,1
2023-07-25,Thailand,Samphantawong,2
2023-07-25,Thailand,Ko Samui,5
2023-02-13,Thailand,Bang Bo,1
2023-08-31,Thailand,Phra Nakhon,7
2023-08-31,Thailand,Ko Samui,4
2023-04-25,Thailand,Wattana,31
2023-10-17,Thailand,Ban Chang,3
2023-10-17,Thailand,Ko Phangan,1
2023-09-22,Thailand,Hat Yai,6
2023-09-22,Thailand,Don Muang,3
2023-03-04,Thailand,Phaya Thai,7
2023-03-04,Thailand,Muang Chon Buri,1
2023-10-03,Thailand,Ko Phangan,1
2023-08-15,Thailand,Phaya Thai,4
2023-08-15,Thailand,Lat Phrao,4
2023-08-15,Thailand,Bang Lamung,24
2023-08-29,Thailand,Phra Khanong,10
2023-08-29,Thailand,Mueang Krabi,34
2023-04-10,Thailand,Khlong Toey,22
2023-04-24,Thailand,Muang Chon Buri,3
2023-11-10,Thailand,Lam Luk Ka,1
2023-09-21,Thailand,Hang Dong,1
2023-10-04,Thailand,Ko Samui,1
2023-03-17,Thailand,Muang Ubon Ratchatani,1
2023-10-18,Thailand,Bang Rak,43
2023-10-18,Thailand,Huai Kwang,1
2023-10-18,Thailand,Khlong Toey,34
2023-07-07,Thailand,Hua Hin,11
2023-07-07,Thailand,Wang Thonglang,2
2023-08-14,Thailand,Bang Rak,55
2023-08-14,Thailand,Lat Krabang,8
2023-08-28,Thailand,Wattana,27
2023-03-02,Thailand,Wattana,49
2023-03-02,Thailand,Khlong Toey,24
2023-09-10,Thailand,Lam Luk Ka,3
2023-10-19,Thailand,Prawet,2
2023-10-19,Thailand,Takua Pa,2
2023-10-19,Thailand,Muang Nonthaburi,1
2023-11-11,Thailand,San Sai,4
2023-10-29,Thailand,Muang Chiang Mai,13
2023-03-06,Thailand,Samphantawong,6
2023-03-06,Thailand,Muang Nonthaburi,4
2023-10-15,Thailand,Lat Phrao,1
2023-10-15,Thailand,Mueang Krabi,40
2023-10-15,Thailand,Phuket Island,48
2023-10-15,Thailand,Samphantawong,2
2023-10-15,Thailand,Muang Chon Buri,1
2023-08-03,Thailand,Huai Kwang,6
2023-08-17,Thailand,Hua Hin,10
2023-08-17,Thailand,Muang Chiang Rai,5
2023-08-17,Thailand,Muang Chumphon,1
2023-10-01,Thailand,Dusit,4
2023-10-01,Thailand,Thai Muang,1
2023-11-22,Thailand,Muang Chiang Mai,1
2023-09-24,Thailand,Hat Yai,3
2023-03-19,Thailand,Lat Krabang,1
2023-10-02,Thailand,Bang Plad,1
2023-10-02,Thailand,Phra Nakhon,14
2023-08-02,Thailand,Bang Rak,21
2023-04-26,Thailand,Phuttha Mon Thon,1
2023-09-23,Thailand,Ko Samui,2
2023-09-23,Thailand,Rat Burana,1
2023-08-16,Thailand,Kaeng Krachan,1
2023-10-27,Thailand,Khlong San,10
2023-10-27,Thailand,Lat Krabang,14
2023-10-13,Thailand,Bang Rak,37
2023-08-11,Thailand,Hang Dong,1
2023-07-04,Thailand,Cha-Am,12
2023-08-25,Thailand,Don Muang,6
2023-08-25,Thailand,Koh Si Chang,1
2023-08-25,Thailand,Bang Kho Laem,1
2023-03-28,Thailand,Lak Si,1
2023-03-28,Thailand,Muang Chiang Mai,8
2023-07-18,Thailand,Muang Chon Buri,1
2023-07-18,Thailand,Phra Khanong,4
2023-03-27,Thailand,Khlong Toey,19
2023-02-06,Thailand,Khlong San,4
2023-08-10,Thailand,Pak Kret,3
2023-03-13,Thailand,Muang Phangnga,1
2023-10-28,Thailand,Hat Yai,8
2023-07-03,Thailand,Pak Kret,1
2023-10-14,Thailand,Khlong San,16
2023-08-24,Thailand,Pathum Wan,11
2023-07-17,Thailand,Bang Khae,16
2023-07-17,Thailand,Pak Kret,1
2023-03-12,Thailand,Pattaya,28
2023-03-12,Thailand,Phra Nakhon,4
2023-03-12,Thailand,Don Muang,4
2023-11-21,Thailand,Thai Muang,5
2023-11-21,Thailand,Phra Nakhon Si Ayutthaya,2
2023-03-16,Thailand,Lak Si,1
2023-10-25,Thailand,Cha-Am,4
2023-10-11,Thailand,Muang Samut Prakan,4
2023-10-11,Thailand,Lat Krabang,2
2023-10-11,Thailand,Amphawa,1
2023-02-09,Thailand,Phra Nakhon,6
2023-02-09,Thailand,Wattana,19
2023-02-09,Thailand,K. Sam Roi Yot,1
2023-08-27,Thailand,N/A,1
2023-08-27,Thailand,Ko Lanta,3
2023-08-27,Thailand,Ratchathewi,133
2023-08-13,Thailand,Muang Chiang Mai,11
2023-08-13,Thailand,Cha-Am,13
2023-03-01,Thailand,Pathum Wan,22
2023-10-26,Thailand,Sattahip,1
2023-10-26,Thailand,Takua Pa,6
2023-08-12,Thailand,Thawi Wattana,3
2023-08-12,Thailand,Prawet,1
2023-03-29,Thailand,Phuket Island,31
2023-03-01,Thailand,Si Racha,1
2023-02-08,Thailand,Chiang Dao,1
2023-08-26,Thailand,Muang Nonthaburi,1
2023-10-12,Thailand,Pran Buri,1
2023-10-12,Thailand,Lam Luk Ka,1
2023-10-12,Thailand,Wang Thonglang,1
2023-10-12,Thailand,Muang Chiang Rai,3
2023-10-12,Thailand,Muang Kanchanaburi,5
2023-07-19,Thailand,Si Racha,1
2023-07-19,Thailand,Suan Luang,1
2023-07-19,Thailand,Phra Khanong,3
2023-03-14,Thailand,Phaya Thai,5
2023-03-14,Thailand,Pattaya,45
2023-04-05,Thailand,Phuket Island,31
2023-11-04,Thailand,Muang Nonthaburi,1
2023-11-19,Thailand,Khlong Toey,29
2023-09-16,Thailand,Muang Satun,3
2023-09-16,Thailand,Bang Na,1
2023-08-09,Thailand,Phuttha Mon Thon,1
2023-01-20,Thailand,Samphantawong,2
2023-04-18,Thailand,Lam Luk Ka,1
2023-04-18,Thailand,Lak Si,1
2023-11-05,Thailand,Ko Yao District,6
2023-11-05,Thailand,Hua Hin,10
2023-11-05,Thailand,Phra Khanong,11
2023-05-10,Thailand,Don Muang,2
2023-09-29,Thailand,Chom Thong,1
2023-05-28,Thailand,Mueang Krabi,19
2023-09-18,Thailand,Din Dang,3
2023-09-18,Thailand,Muang Chiang Rai,4
2023-01-23,Thailand,Muang Nonthaburi,3
2023-11-17,Thailand,Bang Lamung,15
2023-01-22,Thailand,Khlong Toey,4
2023-11-18,Thailand,Bang Plad,2
2023-09-19,Thailand,Phra Nakhon,15
2023-09-03,Thailand,Dusit,2
2023-05-12,Thailand,Bang Rak,20
2023-11-14,Thailand,Mueang Krabi,34
2023-04-15,Thailand,Khlong Toey,13
2023-04-06,Thailand,Pak Chong,2
2023-10-07,Thailand,Dusit,1
2023-03-08,Thailand,Khlong Hoi Kong,1
2023-05-21,Thailand,Muang Chiang Rai,1
2023-11-01,Thailand,Suan Luang,5
2023-09-26,Thailand,Klaeng,3
2023-09-26,Thailand,Bang Na,1
2023-09-26,Thailand,K. Ko Chang,9
2023-09-11,Thailand,Khlong San,13
2023-05-20,Thailand,Muang Rayong,1
2023-04-28,Thailand,Muang Rayong,2
2023-03-08,Thailand,Samphantawong,3
2023-09-12,Thailand,Hat Yai,3
2023-09-12,Thailand,Chatuchak,37
2023-09-12,Thailand,Aranyaprathet,1
2023-11-15,Thailand,Bang Bo,1
2023-11-15,Thailand,Bang Rak,42
2023-08-04,Thailand,Lat Krabang,10
2023-08-04,Thailand,Prawet,2
2023-08-18,Thailand,Bang Plad,2
2023-04-13,Thailand,Hat Yai,6
2023-04-13,Thailand,Bang Plee,3
2023-10-09,Thailand,Bang Rak,17
2023-10-09,Thailand,Sattahip,2
2023-10-09,Thailand,K. Ko Kut,2
2023-10-09,Thailand,Lat Phrao,4
2023-10-09,Thailand,Muang Satun,8
2023-09-28,Thailand,Dusit,3
2023-10-06,Thailand,Khlong San,13
2023-10-06,Thailand,Huai Kwang,3
2023-08-07,Thailand,Sattahip,2
2023-05-24,Thailand,Pattaya,61
2023-05-24,Thailand,Thanyaburi,1
2023-05-24,Thailand,Muang Chiang Mai,10
2023-05-24,Thailand,Hua Hin,2
2023-04-16,Thailand,Pattaya,36
2023-04-16,Thailand,K. Bang Sao Thon,2
2023-01-30,Thailand,Pak Chong,3
2023-04-03,Thailand,Chatuchak,2
2023-06-30,Thailand,Lat Krabang,5
2023-06-30,Thailand,Cha-Am,10
2023-09-27,Thailand,Pattaya,145
2023-10-05,Thailand,Bang Kapi,3
2023-04-01,Thailand,Sathorn,1
2023-11-12,Thailand,Pom Pram Sattru,1
2023-11-12,Thailand,San Sai,6
2023-01-01,Thailand,Muang Songkhla,1
2023-01-01,Thailand,Hua Hin,2
2023-08-06,Thailand,Khlong Toey,32
2023-08-06,Thailand,Pak Chong,2
2023-04-16,Thailand,Lat Krabang,1
2023-05-06,Thailand,Din Dang,1
2023-05-06,Thailand,Mueang Krabi,7
2023-09-13,Thailand,Din Dang,4
2023-04-01,Thailand,Muang Khon Kaen,4
2023-05-22,Thailand,Huai Kwang,7
2023-04-02,Thailand,Khlong Toey,36
2023-04-02,Thailand,Muang Khon Kaen,1
2023-06-27,Thailand,Muang Rayong,1
2023-06-26,Thailand,Muang Chiang Mai,10
2023-02-21,Thailand,Mueang Krabi,3
2023-02-10,Thailand,Bang Rak,24
2023-02-10,Thailand,Hat Yai,3
2023-10-30,Thailand,Muang Nonthaburi,2
2023-01-29,Thailand,Ko Samui,3
2023-01-29,Thailand,Pak Kret,3
2023-07-22,Thailand,Lat Phrao,1
2023-07-22,Thailand,Lat Krabang,8
2023-03-31,Thailand,Pak Chong,2
2023-03-31,Thailand,K. Bang Sao Thon,2
2023-06-29,Thailand,Hua Hin,9
2023-05-19,Thailand,Phuttha Mon Thon,1
2023-05-19,Thailand,Sathorn,3
2023-05-08,Thailand,Ratchathewi,84
2023-01-14,Thailand,Thon Buri,1
2023-01-02,Thailand,Hat Yai,4
2023-06-14,Thailand,Cha-Am,1
2023-04-09,Thailand,Bang Rak,9
2023-06-26,Thailand,Dusit,7
2023-07-20,Thailand,Bang Kapi,1
2023-07-20,Thailand,Takua Pa,9
2023-05-07,Thailand,Ratchathewi,78
2023-05-07,Thailand,Phuttha Mon Thon,2
2023-02-23,Thailand,Muang Sukhothai,1
2023-01-03,Thailand,Hat Yai,3
2023-11-09,Thailand,Lat Phrao,2
2023-01-24,Thailand,Pathum Wan,6
2023-09-09,Thailand,Hat Yai,2
2023-09-09,Thailand,Cha-Am,11
2023-09-09,Thailand,Muang Chiang Rai,1
2023-05-16,Thailand,Muang Pathum Thani,1
2023-05-16,Thailand,Don Muang,1
2023-01-16,Thailand,Bang Lamung,21
2023-09-05,Thailand,Pathum Wan,30
2023-09-05,Thailand,Hat Yai,9
2023-09-06,Thailand,Mae Rim,1
2023-09-06,Thailand,Sathorn,2
2023-07-21,Thailand,Phra Khanong,8
2023-07-21,Thailand,Kaeng Krachan,1
2023-01-11,Thailand,Muang Chiang Rai,1
2023-01-28,Thailand,Huai Kwang,7
2023-01-28,Thailand,Bang Plee,1
2023-05-18,Thailand,Phra Nakhon,10
2023-05-18,Thailand,Khlong San,7
2023-06-22,Thailand,Ratchathewi,116
2023-06-22,Thailand,Wattana,29
2023-11-07,Thailand,Ko Lanta,5
2023-11-07,Thailand,Wang Thonglang,2
2023-05-04,Thailand,Ratchathewi,101
2023-05-04,Thailand,Hat Yai,6
2023-11-06,Thailand,K. Bang Sao Thon,7
2023-06-10,Thailand,Chatuchak,1
2023-06-25,Thailand,Muang Nakhon Pathom,4
2023-05-17,Thailand,Wattana,20
2023-07-31,Thailand,Muang Tak,1
2023-09-07,Thailand,Muang Chiang Mai,12
2023-09-07,Thailand,Hua Hin,20
2023-09-07,Thailand,Suan Luang,1
2023-09-07,Thailand,Muang Chiang Rai,2
2023-09-07,Thailand,Yannawa,1
2023-09-07,Thailand,Pak Kret,1
2023-07-30,Thailand,Sathorn,2
2023-05-03,Thailand,Samphantawong,1
2023-05-03,Thailand,Thawi Wattana,1
2023-11-08,Thailand,Thawi Wattana,2
2023-02-17,Thailand,Bang Rak,14
2023-07-14,Thailand,Sathorn,1
2023-07-14,Thailand,Lak Si,1
2023-04-30,Thailand,Samphantawong,1
2023-10-23,Thailand,Lak Si,3
2023-10-23,Thailand,Khlong Hoi Kong,1
2023-07-28,Thailand,Pak Kret,1
2023-07-28,Thailand,Ko Samui,1
2023-08-20,Thailand,Doi Saket,1
2023-08-20,Thailand,Phra Nakhon,5
2023-08-20,Thailand,Muang Chiang Mai,5
2023-08-20,Thailand,Muang Chiang Rai,2
2023-02-16,Thailand,Pai,1
2023-10-24,Thailand,Pran Buri,1
2023-10-24,Thailand,Thai Muang,5
2023-07-13,Thailand,Muang Samut Prakan,6
2023-02-01,Thailand,Lat Krabang,2
2023-03-22,Thailand,Bang Plad,3
2023-03-22,Thailand,Hat Yai,3
2023-07-27,Thailand,Lam Luk Ka,3
2023-02-15,Thailand,Pak Kret,1
2023-02-05,Thailand,Phra Nakhon,3
2023-02-05,Thailand,Takua Pa,1
2023-07-02,Thailand,Muang Nakhon Ratchasima,1
2023-07-02,Thailand,Bang Lamung,6
2023-07-02,Thailand,Suan Luang,1
2023-07-02,Thailand,Takua Pa,7
2023-03-26,Thailand,Muang Nonthaburi,1
2023-07-16,Thailand,Thawi Wattana,2
2023-02-04,Thailand,Wattana,11
2023-02-04,Thailand,Sattahip,2
2023-10-21,Thailand,Muang Khon Kaen,3
2023-06-09,Thailand,Muang Khon Kaen,2
2023-08-22,Thailand,Muang Chiang Mai,7
2023-08-22,Thailand,Muang Songkhla,2
2023-02-18,Thailand,Muang Chiang Rai,8
2023-10-22,Thailand,Bang Kho Laem,1
2023-07-29,Thailand,Wang Chan,1
2023-07-29,Thailand,Din Dang,2
2023-07-29,Thailand,Phra Khanong,1
2023-07-29,Thailand,Khlong San,5
2023-03-10,Thailand,Dusit,1
2023-06-08,Thailand,Cha-Am,2
2023-03-24,Thailand,Mueang Krabi,5
2023-02-03,Thailand,Ratchathewi,90
2023-01-06,Thailand,Phra Nakhon,1
2023-02-27,Thailand,Ko Samui,2
2023-06-03,Thailand,Khlong Toey,24
2023-06-03,Thailand,Lat Krabang,3
2023-06-03,Thailand,Cha-Am,2
2023-02-12,Thailand,Takua Pa,1
2023-06-17,Thailand,Suan Luang,1
2023-06-17,Thailand,Muang Buri Ram,2
2023-06-17,Thailand,Muang Nonthaburi,5
2023-02-26,Thailand,K. Bang Sao Thon,3
2023-07-23,Thailand,Lam Luk Ka,4
2023-01-19,Thailand,Phuket Island,19
2023-01-19,Thailand,Pathum Wan,7
2023-06-16,Thailand,Bang Plee,1
2023-07-12,Thailand,Lat Krabang,7
2023-01-08,Thailand,Sathorn,1
2023-07-26,Thailand,Muang Phitsanulok,2
2023-06-19,Thailand,Pathum Wan,12
2023-06-19,Thailand,Bang Kapi,16
2023-02-28,Thailand,Khan Na Yao,1
2023-06-04,Thailand,Pathum Wan,10
2023-06-04,Thailand,Hua Hin,6
2023-01-07,Thailand,Suan Luang,2
2023-07-11,Thailand,Si Racha,3
2023-07-10,Thailand,Prawet,2
2023-07-10,Thailand,Khlong San,7
2023-07-25,Thailand,Muang Chon Buri,2
2023-07-25,Thailand,San Sai,1
2023-02-13,Thailand,Pak Chong,1
2023-02-13,Thailand,Phra Khanong,9
2023-08-31,Thailand,Pak Chong,3
2023-04-25,Thailand,Khlong Toey,16
2023-10-17,Thailand,Samphantawong,6
2023-08-01,Thailand,Bang Khun Thian,1
2023-09-22,Thailand,Huai Kwang,4
2023-10-03,Thailand,Ratchathewi,202
2023-10-03,Thailand,Bang Lamung,42
2023-09-22,Thailand,Thon Buri,2
2023-03-04,Thailand,Khlong San,23
2023-10-03,Thailand,Samphantawong,15
2023-03-18,Thailand,Bang Bua Thong,1
2023-08-15,Thailand,Thawi Wattana,2
2023-08-29,Thailand,Huai Kwang,5
2023-08-29,Thailand,Ko Samui,3
2023-07-08,Thailand,Takua Pa,8
2023-04-10,Thailand,K. Sam Roi Yot,1
2023-11-10,Thailand,Muang Nonthaburi,6
2023-11-10,Thailand,Bang Kho Laem,2
2023-09-21,Thailand,Din Dang,5
2023-09-21,Thailand,Ko Samui,2
2023-09-21,Thailand,Pak Kret,3
2023-10-04,Thailand,Khlong San,16
2023-03-17,Thailand,Suan Luang,1
2023-10-18,Thailand,Ko Samui,1
2023-10-18,Thailand,Suan Phung,1
2023-10-18,Thailand,Phuttha Mon Thon,1
2023-05-30,Thailand,Phuket Island,24
2023-05-30,Thailand,Hua Hin,3
2023-07-07,Thailand,Lat Krabang,9
2023-08-14,Thailand,Huai Kwang,7
2023-08-14,Thailand,Ko Samui,1
2023-08-28,Thailand,Muang Khon Kaen,2
2023-08-28,Thailand,Bang Khun Thian,2
2023-03-02,Thailand,Phaya Thai,5
2023-09-10,Thailand,Hua Hin,18
2023-11-11,Thailand,Bang Plee,4
2023-11-11,Thailand,Bang Kho Laem,3
2023-03-06,Thailand,Ratchathewi,157
2023-10-15,Thailand,Thap Sakae,1
2023-10-01,Thailand,Khlong Toey,19
2023-11-22,Thailand,Huai Kwang,2
2023-09-24,Thailand,Bang Khun Thian,1
2023-10-16,Thailand,Huai Kwang,5
2023-03-05,Thailand,Chatuchak,5
2023-04-12,Thailand,Phuket Island,37
2023-04-12,Thailand,Hua Hin,10
2023-04-12,Thailand,Muang Khon Kaen,3
2023-04-12,Thailand,K. Ko Chang,2
2023-03-19,Thailand,Phaya Thai,5
2023-10-02,Thailand,Bang Khae,1
2023-10-02,Thailand,Muang Samut Prakan,1
2023-08-02,Thailand,Muang Satun,7
2023-08-02,Thailand,Hua Hin,11
2023-08-02,Thailand,Mueang Krabi,17
2023-08-02,Thailand,Bang Kapi,2
2023-07-09,Thailand,Phra Khanong,7
2023-10-27,Thailand,Thai Muang,1
2023-10-27,Thailand,Ko Yao District,1
2023-10-13,Thailand,Pak Chong,1
2023-10-13,Thailand,Muang Nonthaburi,2
2023-10-13,Thailand,Suan Phung,1
2023-02-07,Thailand,Muang Khon Kaen,2
2023-08-11,Thailand,Bang Rak,46
2023-08-11,Thailand,Muang Samut Prakan,2
2023-07-04,Thailand,Suan Luang,4
2023-07-04,Thailand,Don Muang,1
2023-07-04,Thailand,Sathorn,1
2023-08-25,Thailand,Pattaya,90
2023-08-25,Thailand,Bang Khae,5
2023-03-27,Thailand,Si Racha,1
2023-02-06,Thailand,Phaya Thai,1
2023-08-10,Thailand,Ko Lanta,1
2023-07-03,Thailand,Suan Luang,4
2023-10-14,Thailand,Cha-Am,3
2023-10-14,Thailand,Doi Saket,1
2023-08-24,Thailand,Bang Plad,7
2023-08-24,Thailand,Pattaya,76
2023-11-21,Thailand,Prawet,1
2023-03-16,Thailand,Muang Nonthaburi,4
2023-03-16,Thailand,Bangkok Noi,1
2023-03-16,Thailand,Yannawa,1
2023-10-25,Thailand,Wattana,16
2023-10-25,Thailand,Bang Kho Laem,1
2023-10-25,Thailand,Samphantawong,4
2023-10-25,Thailand,Muang Nakhon Ratchasima,1
2023-09-20,Thailand,Cha-Am,8
2023-09-30,Thailand,Lam Luk Ka,5
2023-09-30,Thailand,Bang Kapi,3
2023-10-11,Thailand,K. Bang Sao Thon,11
2023-10-11,Thailand,Muang Pathum Thani,2
2023-08-27,Thailand,Suan Phung,2
2023-08-27,Thailand,Khlong Toey,18
2023-10-26,Thailand,Pak Chong,4
2023-10-26,Thailand,Muang Kanchanaburi,1
2023-10-26,Thailand,Muang Pathum Thani,1
2023-07-06,Thailand,Hua Hin,6
2023-03-15,Thailand,Wattana,25
2023-03-15,Thailand,Prawet,1
2023-03-29,Thailand,Huai Kwang,9
2023-03-01,Thailand,Phaya Thai,11
2023-08-26,Thailand,San Sai,1
2023-04-21,Thailand,Phra Nakhon,5
2023-04-21,Thailand,Si Racha,1
2023-10-12,Thailand,Hua Hin,18
2023-07-05,Thailand,Pak Chong,2
2023-07-05,Thailand,Thawi Wattana,1
2023-04-05,Thailand,Ko Samui,2
2023-09-02,Thailand,San Sai,1
2023-11-19,Thailand,Bangkok Noi,1
2023-04-19,Thailand,Sawankhalok,2
2023-09-16,Thailand,K. Ko Chang,5
2023-09-16,Thailand,Muang Khon Kaen,1
2023-09-16,Thailand,Muang Chiang Rai,1
2023-08-09,Thailand,Bang Lamung,18
2023-08-09,Thailand,Wang Thonglang,1
2023-05-26,Thailand,Muang Nonthaburi,2
2023-09-01,Thailand,Muang Chiang Mai,8
2023-04-04,Thailand,Phra Nakhon,10
2023-04-04,Thailand,Ko Phangan,1
2023-01-20,Thailand,Pran Buri,3
2023-11-05,Thailand,Muang Satun,11
2023-11-02,Thailand,Khlong San,12
2023-11-02,Thailand,Don Muang,5
2023-11-02,Thailand,Pom Pram Sattru,1
2023-05-28,Thailand,Pom Pram Sattru,1
2023-11-03,Thailand,Bang Lamung,29
2023-11-03,Thailand,Lat Krabang,9
2023-09-18,Thailand,Bang Rak,42
2023-09-18,Thailand,Lat Krabang,7
2023-09-17,Thailand,Muang Chiang Mai,15
2023-09-17,Thailand,Hat Yai,5
2023-09-19,Thailand,Ko Samui,6
2023-05-27,Thailand,Phuket Island,16
2023-05-27,Thailand,Bang Plad,1
2023-09-03,Thailand,Samphantawong,5
2023-11-14,Thailand,Bang Rak,51
2023-11-14,Thailand,Ko Samui,7
2023-09-17,Thailand,Thai Muang,1
2023-04-06,Thailand,Pathum Wan,16
2023-04-06,Thailand,Bang Lamung,26
2023-10-07,Thailand,Rat Burana,1
2023-04-29,Thailand,Muang Chiang Mai,5
2023-04-29,Thailand,Phra Khanong,3
2023-03-08,Thailand,Muang Nonthaburi,1
2023-05-21,Thailand,Pattaya,29
2023-05-21,Thailand,Mueang Krabi,13
2023-01-31,Thailand,Muang Nakhon Ratchasima,1
2023-11-01,Thailand,Mueang Krabi,44
2023-05-12,Thailand,Takua Pa,1
2023-08-05,Thailand,Pattaya,62
2023-08-05,Thailand,Mueang Krabi,19
2023-10-08,Thailand,Sikhiu,1
2023-10-08,Thailand,Muang Khon Kaen,1
2023-04-14,Thailand,Khlong San,22
2023-08-05,Thailand,Chatuchak,30
2023-08-05,Thailand,Suan Luang,1
2023-08-05,Thailand,Muang Phitsanulok,1
2023-01-31,Thailand,Lat Krabang,4
2023-09-11,Thailand,Pathum Wan,10
2023-09-11,Thailand,Bang Bo,1
2023-04-29,Thailand,Khlong San,6
2023-09-12,Thailand,Lam Luk Ka,5
2023-11-15,Thailand,San Sai,5
2023-11-15,Thailand,Bang Plee,5
2023-03-07,Thailand,Ratchathewi,203
2023-08-04,Thailand,Bang Plad,6
2023-08-04,Thailand,Bang Lamung,21
2023-08-18,Thailand,Bang Kapi,1
2023-04-13,Thailand,Mueang Krabi,10
2023-04-13,Thailand,Thon Buri,1
2023-10-09,Thailand,Ratchathewi,139
2023-09-14,Thailand,Phuket Island,52
2023-11-13,Thailand,Chatuchak,13
2023-10-06,Thailand,Ko Lanta,5
2023-10-06,Thailand,Khlong Luang,4
2023-10-06,Thailand,Pak Chong,3
2023-08-07,Thailand,Khlong Toey,37
2023-08-07,Thailand,Suan Phung,3
2023-08-07,Thailand,Muang Nonthaburi,1
2023-08-07,Thailand,Pak Chong,1
2023-05-24,Thailand,Bang Rak,33
2023-04-16,Thailand,Bang Rak,9
2023-04-16,Thailand,Thawi Wattana,2
2023-10-06,Thailand,Din Dang,1
2023-11-01,Thailand,Ko Lanta,2
2023-01-30,Thailand,Hat Yai,6
2023-04-03,Thailand,Bang Rak,21
2023-09-27,Thailand,Sadao,1
2023-09-27,Thailand,Bang Khae,1
2023-10-05,Thailand,Thai Muang,1
2023-06-13,Thailand,Nua Khlong,1
2023-06-13,Thailand,Si Racha,1
2023-06-13,Thailand,Bang Kapi,2
2023-11-12,Thailand,Aranyaprathet,1
2023-11-12,Thailand,Thon Buri,1
2023-01-01,Thailand,Bang Lamung,8
2023-08-06,Thailand,Wattana,17
2023-08-06,Thailand,Hat Yai,3
2023-09-13,Thailand,Suan Phung,1
2023-05-05,Thailand,Khlong Hoi Kong,1
2023-02-21,Thailand,Bang Rak,20
2023-01-29,Thailand,Bang Plee,1
2023-07-22,Thailand,Bang Plad,12
2023-02-10,Thailand,Samphantawong,5
2023-03-31,Thailand,Pattaya,75
2023-03-31,Thailand,Bang Rak,26
2023-06-29,Thailand,Chatuchak,9
2023-05-19,Thailand,Lat Krabang,2
2023-01-14,Thailand,Phaya Thai,1
2023-01-02,Thailand,Damnoen Saduak,1
2023-06-12,Thailand,Suan Luang,3
2023-06-14,Thailand,Khlong San,8
2023-06-15,Thailand,Wattana,40
2023-04-09,Thailand,Ko Samui,1
2023-06-26,Thailand,Phaya Thai,6
2023-06-26,Thailand,Muang Udon Thani,1
2023-06-23,Thailand,Phra Nakhon,8
2023-06-28,Thailand,Pathum Wan,13
2023-06-28,Thailand,Samoeng,1
2023-05-02,Thailand,Wattana,11
2023-05-02,Thailand,K. Bang Sao Thon,1
2023-05-02,Thailand,Cha-Am,1
2023-07-20,Thailand,Muang Khon Kaen,3
2023-03-30,Thailand,Ko Phangan,2
2023-02-23,Thailand,Muang Phitsanulok,2
2023-06-23,Thailand,Khlong San,9
2023-04-08,Thailand,Bang Na,1
2023-04-08,Thailand,K. Bang Sao Thon,11
2023-11-09,Thailand,Pattaya,114
2023-09-09,Thailand,Phuttha Mon Thon,1
2023-09-09,Thailand,Takua Pa,9
2023-01-10,Thailand,Muang Songkhla,1
2023-05-16,Thailand,Lam Luk Ka,1
2023-05-16,Thailand,K. Bang Sao Thon,2
2023-05-15,Thailand,Takua Thung,1
2023-09-06,Thailand,Prawet,2
2023-07-21,Thailand,Din Dang,8
2023-01-11,Thailand,Hat Yai,11
2023-01-28,Thailand,Pattaya,30
2023-01-28,Thailand,Hat Yai,4
2023-01-28,Thailand,Suan Luang,2
2023-09-08,Thailand,Prawet,1
2023-11-07,Thailand,Bang Kho Laem,1
2023-11-07,Thailand,Muang Chumphon,1
2023-02-20,Thailand,Ko Samui,1
2023-02-20,Thailand,Muang Khon Kaen,2
2023-06-21,Thailand,Koh Si Chang,1
2023-11-06,Thailand,Din Dang,3
2023-11-06,Thailand,Sattahip,1
2023-11-06,Thailand,Muang Satun,27
2023-11-06,Thailand,Khlong Luang,2
2023-11-06,Thailand,Pom Pram Sattru,1
2023-05-03,Thailand,Hat Yai,3
2023-06-10,Thailand,Lat Krabang,6
2023-01-27,Thailand,Pran Buri,1
2023-06-10,Thailand,Pak Chong,2
2023-01-12,Thailand,Sathorn,1
2023-01-12,Thailand,Bang Bo,6
2023-01-26,Thailand,Khlong Toey,2
2023-06-25,Thailand,Mueang Krabi,5
2023-06-25,Thailand,Din Dang,1
2023-06-25,Thailand,Dusit,3
2023-06-25,Thailand,Muang Khon Kaen,2
2023-05-17,Thailand,Chatuchak,7
2023-05-17,Thailand,Hat Yai,2
2023-09-08,Thailand,Din Dang,1
2023-09-08,Thailand,Bang Lamung,17
2023-07-31,Thailand,Khlong San,3
2023-07-30,Thailand,Cha-Am,4
2023-07-30,Thailand,Bang Plad,3
2023-07-30,Thailand,Muang Nonthaburi,1
2023-05-03,Thailand,Ko Phangan,3
2023-01-26,Thailand,Hat Yai,3
2023-08-21,Thailand,Mueang Krabi,22
2023-08-21,Thailand,K. Bang Sao Thon,4
2023-08-21,Thailand,Thon Buri,1
2023-07-14,Thailand,Muang Nonthaburi,4
2023-04-30,Thailand,Sathorn,1
2023-04-30,Thailand,Muang Khon Kaen,1
2023-07-28,Thailand,Muang Songkhla,1
2023-02-02,Thailand,Phra Khanong,2
2023-03-23,Thailand,Hua Hin,7
2023-03-23,Thailand,Sathorn,2
2023-02-16,Thailand,Bang Bo,2
2023-10-24,Thailand,Takua Pa,13
2023-07-13,Thailand,Phuket Island,23
2023-07-13,Thailand,Chiang Dao,1
2023-02-01,Thailand,Hat Yai,3
2023-06-06,Thailand,Lat Krabang,4
2023-06-06,Thailand,Bang Rak,13
2023-07-27,Thailand,Bang Kho Laem,1
2023-07-27,Thailand,Bang Khae,2
2023-02-15,Thailand,Ratchathewi,73
2023-02-15,Thailand,Samphantawong,6
2023-10-10,Thailand,Mae Rim,4
2023-10-10,Thailand,Muang Chiang Rai,2
2023-02-05,Thailand,Pattaya,27
2023-02-05,Thailand,Pathum Wan,14
2023-02-05,Thailand,Bang Kho Laem,2
2023-08-23,Thailand,K. Ko Chang,4
2023-08-23,Thailand,Ko Lanta,2
2023-07-02,Thailand,Bang Plad,3
2023-07-02,Thailand,Ko Phangan,4
2023-03-26,Thailand,Sathorn,1
2023-03-26,Thailand,Lat Krabang,1
2023-03-11,Thailand,Khlong San,13
2023-03-11,Thailand,Bang Kapi,2
2023-03-11,Thailand,Muang Nakhon Pathom,1
2023-02-19,Thailand,Khlong San,7
2023-03-11,Thailand,Pak Chong,2
2023-07-16,Thailand,Sattahip,2
2023-02-04,Thailand,Min Buri,1
2023-02-04,Thailand,Muang Kanchanaburi,1
2023-02-04,Thailand,Pathum Wan,13
2023-03-25,Thailand,Bang Kapi,1
2023-06-09,Thailand,Sathorn,5
2023-08-22,Thailand,Si Racha,1
2023-08-22,Thailand,Lam Luk Ka,1
2023-08-22,Thailand,K. Ko Chang,1
2023-07-15,Thailand,Chatuchak,23
2023-02-18,Thailand,Lam Luk Ka,1
2023-02-18,Thailand,Pak Chong,1
2023-07-01,Thailand,Muang Nakhon Ratchasima,2
2023-07-01,Thailand,Mueang Krabi,12
2023-07-01,Thailand,Bang Khen,1
2023-10-22,Thailand,Dusit,4
2023-07-29,Thailand,Si Racha,1
2023-07-29,Thailand,Thungkru,6
2023-03-10,Thailand,Phra Nakhon,10
2023-03-10,Thailand,Muang Nonthaburi,2
2023-06-08,Thailand,Mueang Krabi,11
2023-06-08,Thailand,Bang Plad,2
2023-01-06,Thailand,Pattaya,6
2023-02-27,Thailand,Pathum Wan,14
2023-02-12,Thailand,Muang Chiang Rai,12
2023-02-12,Thailand,Muang Chiang Mai,9
2023-06-17,Thailand,Muang Rayong,1
2023-01-05,Thailand,Bang Khae,2
2023-08-30,Thailand,Yannawa,2
2023-06-02,Thailand,Phra Khanong,2
2023-06-16,Thailand,Ratchathewi,155
2023-06-16,Thailand,Muang Chiang Rai,1
2023-06-16,Thailand,Phra Khanong,10
2023-02-11,Thailand,K. Bang Sao Thon,1
2023-10-20,Thailand,Sikhiu,1
2023-10-20,Thailand,Si Racha,3
2023-10-20,Thailand,Suan Luang,1
2023-10-20,Thailand,Thai Muang,4
2023-10-20,Thailand,Phuket Island,53
2023-10-20,Thailand,Ko Yao District,3
2023-10-20,Thailand,Muang Ubon Ratchatani,6
2023-02-25,Thailand,Muang Phangnga,1
2023-07-12,Thailand,Bang Saphan,1
2023-06-05,Thailand,Pom Pram Sattru,1
2023-01-04,Thailand,Ratchathewi,61
2023-07-12,Thailand,Bang Khun Thian,2
2023-01-08,Thailand,Wattana,13
2023-01-08,Thailand,Phra Nakhon,2
2023-06-19,Thailand,Dusit,1
2023-07-26,Thailand,Wang Chan,1
2023-10-31,Thailand,K. Ko Kut,3
2023-03-21,Thailand,Muang Khon Kaen,2
2023-02-14,Thailand,Muang Kanchanaburi,1
2023-02-14,Thailand,Bang Plad,1
2023-02-28,Thailand,Phaya Thai,6
2023-02-28,Thailand,Lat Krabang,1
2023-06-04,Thailand,Mueang Krabi,10
2023-06-18,Thailand,Muang Khon Kaen,5
2023-07-10,Thailand,Muang Khon Kaen,6
2023-07-10,Thailand,Muang Phangnga,1
2023-08-31,Thailand,Chom Thong,1
2023-04-25,Thailand,Bang Rak,16
2023-10-17,Thailand,Pattaya,102
2023-10-17,Thailand,Din Dang,4
2023-08-01,Thailand,Ko Samui,3
2023-09-22,Thailand,Sathorn,1
2023-03-04,Thailand,Muang Samut Prakan,1
2023-08-29,Thailand,Muang Khon Kaen,1
2023-05-31,Thailand,Din Dang,3
2023-07-08,Thailand,Bang Lamung,8
2023-07-08,Thailand,Ko Samui,2
2023-03-03,Thailand,Muang Rayong,1
2023-04-10,Thailand,Chatuchak,3
2023-04-10,Thailand,Hua Hin,15
2023-04-24,Thailand,Ratchathewi,184
2023-04-24,Thailand,Chatuchak,1
2023-11-10,Thailand,Suan Phung,1
2023-09-21,Thailand,Thawi Wattana,2
2023-10-04,Thailand,Thai Muang,5
2023-10-04,Thailand,Bang Kho Laem,1
2023-03-17,Thailand,Muang Nonthaburi,3
2023-10-18,Thailand,Don Muang,6
2023-07-07,Thailand,Ratchathewi,191
2023-07-07,Thailand,Mueang Krabi,16
2023-07-07,Thailand,Thawi Wattana,2
2023-07-07,Thailand,Huai Kwang,4
2023-08-14,Thailand,Khlong Toey,40
2023-03-02,Thailand,Muang Chiang Mai,9
2023-03-02,Thailand,Phra Khanong,6
2023-03-02,Thailand,Sathorn,5
2023-03-02,Thailand,Muang Phitsanulok,1
2023-09-10,Thailand,Mueang Krabi,33
2023-10-19,Thailand,Din Dang,10
2023-10-19,Thailand,Bangkok Noi,2
2023-10-19,Thailand,Muang Pathum Thani,1
2023-11-11,Thailand,Ban Chang,1
2023-11-11,Thailand,Pak Chong,2
2023-10-29,Thailand,Bangkok Yai,1
2023-04-27,Thailand,Phuttha Mon Thon,1
2023-03-06,Thailand,Huai Kwang,4
2023-10-15,Thailand,Bang Rak,23
2023-10-15,Thailand,Thai Muang,3
2023-10-15,Thailand,Phra Nakhon,6
2023-10-15,Thailand,Phuttha Mon Thon,2
2023-08-03,Thailand,Lat Krabang,4
2023-08-17,Thailand,Sathorn,1
2023-10-01,Thailand,Pak Chong,2
2023-11-22,Thailand,Din Dang,2
2023-09-24,Thailand,Pattaya,124
2023-09-24,Thailand,Don Muang,1
2023-10-16,Thailand,Sadao,1
2023-03-05,Thailand,Phra Khanong,5
2023-04-12,Thailand,Muang Rayong,3
2023-03-19,Thailand,Samphantawong,3
2023-10-02,Thailand,Thap Sakae,1
2023-10-02,Thailand,Mueang Krabi,38
2023-08-02,Thailand,Muang Chiang Mai,12
2023-09-23,Thailand,Sattahip,2
2023-09-23,Thailand,Pak Chong,4
2023-08-16,Thailand,Huai Kwang,11
2023-08-16,Thailand,Lam Luk Ka,2
2023-08-16,Thailand,Lat Krabang,7
2023-08-16,Thailand,Phuket Island,44
2023-07-09,Thailand,Muang Chiang Mai,16
2023-07-09,Thailand,Bang Khae,9
2023-07-09,Thailand,Muang Songkhla,1
2023-10-27,Thailand,Muang Songkhla,2
2023-10-13,Thailand,Ko Samui,2
2023-08-11,Thailand,Don Muang,5
2023-08-11,Thailand,Khan Na Yao,1
2023-07-04,Thailand,Min Buri,3
2023-08-25,Thailand,Khlong Luang,1
2023-04-20,Thailand,Don Muang,1
2023-03-28,Thailand,Pattaya,67
2023-07-18,Thailand,Cha-Am,14
2023-07-18,Thailand,Bang Khae,14
2023-11-20,Thailand,Phra Khanong,9
2023-03-27,Thailand,Pattaya,74
2023-08-10,Thailand,Lat Phrao,3
2023-08-10,Thailand,Hua Hin,18
2023-03-13,Thailand,Phaya Thai,6
2023-03-13,Thailand,Pathum Wan,5
2023-10-28,Thailand,Bang Rak,48
2023-10-28,Thailand,Nua Khlong,1
2023-10-28,Thailand,Pathum Wan,27
2023-07-03,Thailand,Muang Surat Thani,1
2023-07-03,Thailand,Wang Thonglang,1
2023-10-28,Thailand,Muang Chiang Rai,1
2023-10-14,Thailand,Din Dang,1
2023-10-14,Thailand,Suan Luang,1
2023-08-24,Thailand,Aranyaprathet,1
2023-07-17,Thailand,Ratchathewi,166
2023-11-21,Thailand,Hat Yai,6
2023-11-21,Thailand,Wang Thonglang,1
2023-03-16,Thailand,Pattaya,38
2023-10-25,Thailand,Muang Rayong,1
2023-10-25,Thailand,Wang Thonglang,1
2023-09-20,Thailand,Phaya Thai,9
2023-09-30,Thailand,Pom Pram Sattru,2
2023-09-30,Thailand,Bang Plee,3
2023-10-11,Thailand,Phra Nakhon,11
2023-10-11,Thailand,Ko Phangan,2
2023-10-11,Thailand,Ban Chang,2
2023-02-09,Thailand,Ban Pong,3
2023-02-09,Thailand,Bang Bo,1
2023-08-27,Thailand,Cha-Am,5
2023-08-27,Thailand,Suan Luang,2
2023-07-06,Thailand,Prawet,2
2023-03-01,Thailand,Pattaya,56
2023-10-26,Thailand,Prawet,3
2023-10-26,Thailand,Thon Buri,2
2023-10-26,Thailand,Chiang Dao,1
2023-07-06,Thailand,Rat Burana,1
2023-03-15,Thailand,Yannawa,1
2023-04-22,Thailand,Khlong San,7
2023-03-29,Thailand,Hua Hin,3
2023-03-29,Thailand,Bang Plad,1
2023-03-29,Thailand,Khlong Hoi Kong,1
2023-03-01,Thailand,Huai Kwang,10
2023-02-08,Thailand,Hat Yai,2
2023-04-21,Thailand,Phra Khanong,9
2023-07-05,Thailand,Bang Khun Thian,2
2023-03-14,Thailand,Ko Lanta,1
2023-11-04,Thailand,Suan Luang,6
2023-11-19,Thailand,Thai Muang,4
2023-04-19,Thailand,Muang Chiang Mai,3
2023-09-16,Thailand,Bang Lamung,21
2023-09-16,Thailand,Pak Chong,2
2023-09-16,Thailand,Thai Muang,1
2023-08-09,Thailand,Samphantawong,1
2023-08-09,Thailand,Muang Kanchanaburi,2
2023-05-26,Thailand,K. Bang Sao Thon,5
2023-05-11,Thailand,Din Dang,1
2023-03-14,Thailand,Wang Thonglang,1
2023-05-25,Thailand,Wattana,27
2023-05-25,Thailand,Pathum Wan,6
2023-09-01,Thailand,Hat Yai,6
2023-09-01,Thailand,Khlong San,14
2023-04-04,Thailand,Si Racha,2
2023-01-20,Thailand,Mueang Krabi,4
2023-01-20,Thailand,Pathum Wan,4
2023-01-20,Thailand,Muang Nonthaburi,3
2023-01-20,Thailand,Lat Krabang,1
2023-09-15,Thailand,Khlong Luang,1
2023-09-15,Thailand,Pathum Wan,10
2023-09-15,Thailand,Chatuchak,27
2023-09-15,Thailand,Bang Lamung,29
2023-04-18,Thailand,Phra Khanong,7
2023-11-16,Thailand,Phra Nakhon,20
2023-11-16,Thailand,Bang Khae,3
2023-09-29,Thailand,Phra Khanong,10
2023-11-05,Thailand,Hang Dong,1
2023-11-05,Thailand,Pak Chong,3
2023-11-05,Thailand,Takua Thung,1
2023-08-08,Thailand,Phaya Thai,10
2023-11-02,Thailand,Muang Pathum Thani,1
2023-11-16,Thailand,Suan Phung,1
2023-11-03,Thailand,Pattaya,170
2023-01-23,Thailand,Khlong San,2
2023-11-17,Thailand,Chatuchak,11
2023-11-17,Thailand,Pran Buri,1
2023-06-20,Thailand,Bang Rak,19
2023-06-20,Thailand,Ko Lanta,1
2023-11-18,Thailand,Lat Phrao,4
2023-09-17,Thailand,Suan Luang,2
2023-05-28,Thailand,Lat Krabang,3
2023-05-13,Thailand,Wattana,23
2023-05-14,Thailand,Mueang Krabi,4
2023-05-14,Thailand,Bang Khae,1
2023-09-19,Thailand,Bang Kapi,1
2023-05-27,Thailand,Pak Chong,1
2023-05-27,Thailand,Muang Nonthaburi,1
2023-09-03,Thailand,Bang Plee,1
2023-05-12,Thailand,Wattana,30
2023-11-14,Thailand,Hua Hin,15
2023-11-14,Thailand,Ban Chang,1
2023-11-14,Thailand,Rat Burana,1
2023-09-17,Thailand,Lam Luk Ka,1
2023-04-06,Thailand,Pattaya,44
2023-10-07,Thailand,Ban Chang,2
2023-10-07,Thailand,Phra Nakhon,12
2023-10-07,Thailand,K. Bang Sao Thon,3
2023-03-08,Thailand,Sattahip,4
2023-05-21,Thailand,K. Bang Sao Thon,6
2023-11-01,Thailand,Lat Krabang,5
2023-10-08,Thailand,Lat Krabang,7
2023-09-26,Thailand,Mueang Krabi,37
2023-09-26,Thailand,Muang Surat Thani,1
2023-08-05,Thailand,Bang Saphan,1
2023-01-31,Thailand,Phaya Thai,2
2023-09-11,Thailand,Dusit,3
2023-09-11,Thailand,Bang Khae,2
2023-05-20,Thailand,Bang Kapi,1
2023-03-08,Thailand,Sathorn,1
2023-03-07,Thailand,Khlong Toey,46
2023-03-07,Thailand,Hat Yai,7
2023-08-04,Thailand,Thon Buri,1
2023-08-04,Thailand,Doi Saket,1
2023-08-04,Thailand,Phra Nakhon,6
2023-08-18,Thailand,Ko Samui,2
2023-08-18,Thailand,Prawet,1
2023-04-13,Thailand,Bang Rak,13
2023-04-13,Thailand,Hua Hin,10
2023-04-13,Thailand,Samphantawong,3
2023-09-28,Thailand,Muang Songkhla,1
2023-09-28,Thailand,Wang Thonglang,1
2023-11-13,Thailand,Sattahip,1
2023-10-06,Thailand,Ratchathewi,149
2023-10-06,Thailand,Muang Chiang Rai,2
2023-08-07,Thailand,Phaya Thai,14
2023-04-17,Thailand,Samphantawong,4
2023-09-14,Thailand,Bangkok Noi,1
2023-05-24,Thailand,Muang Nakhon Ratchasima,1
2023-10-06,Thailand,Lam Luk Ka,2
2023-01-30,Thailand,Bang Rak,39
2023-01-30,Thailand,Pak Kret,2
2023-01-30,Thailand,Huai Kwang,6
2023-04-03,Thailand,Phra Khanong,14
2023-09-27,Thailand,San Sai,1
2023-09-27,Thailand,Lat Krabang,8
2023-04-01,Thailand,Bang Rak,23
2023-03-09,Thailand,Ratchathewi,161
2023-03-09,Thailand,Huai Kwang,9
2023-05-22,Thailand,Phuket Island,24
2023-05-06,Thailand,Suan Luang,1
2023-09-13,Thailand,Si Racha,4
2023-09-13,Thailand,Phra Nakhon,10
2023-09-13,Thailand,Wattana,12
2023-09-13,Thailand,Muang Pathum Thani,1
2023-04-01,Thailand,Hat Yai,2
2023-04-01,Thailand,Sattahip,3
2023-05-22,Thailand,Khlong San,4
2023-04-02,Thailand,Mueang Krabi,6
2023-04-02,Thailand,Khlong San,9
2023-04-02,Thailand,Sathorn,1
2023-06-26,Thailand,Bang Rak,11
2023-01-18,Thailand,Ratchathewi,63
2023-06-01,Thailand,Takua Pa,2
2023-06-11,Thailand,Ratchathewi,127
2023-06-11,Thailand,Bang Khun Thian,1
2023-06-11,Thailand,Khlong Toey,24
2023-06-11,Thailand,Cha-Am,3
2023-06-11,Thailand,Thon Buri,1
2023-02-10,Thailand,Phaya Thai,5
2023-02-10,Thailand,K. Bang Sao Thon,1
2023-10-30,Thailand,Ko Yao District,4
2023-10-30,Thailand,Lat Krabang,7
2023-07-22,Thailand,Dusit,2
2023-07-22,Thailand,Thungkru,9
2023-06-29,Thailand,Muang Nakhon Ratchasima,2
2023-05-08,Thailand,Phuket Island,25
2023-05-08,Thailand,Pathum Wan,9
2023-05-08,Thailand,Huai Kwang,12
2023-01-15,Thailand,Bang Lamung,11
2023-01-14,Thailand,Phra Nakhon,1
2023-01-02,Thailand,Si Racha,1
2023-06-12,Thailand,Ratchathewi,146
2023-06-14,Thailand,Lat Krabang,6
2023-06-14,Thailand,Ko Samui,2
2023-06-15,Thailand,Khlong Toey,33
2023-06-15,Thailand,Muang Phitsanulok,5
2023-04-09,Thailand,Phaya Thai,1
2023-06-28,Thailand,Ko Yao District,1
2023-05-02,Thailand,Koh Si Chang,1
2023-05-02,Thailand,Suan Luang,1
2023-05-02,Thailand,Don Muang,1
2023-07-20,Thailand,Hat Yai,7
2023-03-30,Thailand,Khlong Luang,3
2023-03-30,Thailand,Bang Plee,2
2023-02-23,Thailand,Samphantawong,4
2023-02-23,Thailand,Huai Kwang,3
2023-02-23,Thailand,Bang Plee,4
2023-01-03,Thailand,K. Bang Sao Thon,1
2023-09-09,Thailand,Khan Na Yao,3
2023-01-10,Thailand,Bang Rak,15
2023-05-16,Thailand,Phuttha Mon Thon,2
2023-01-16,Thailand,Hua Hin,3
2023-01-16,Thailand,Sattahip,2
2023-05-29,Thailand,Pathum Wan,7
2023-09-05,Thailand,Phuket Island,52
2023-01-25,Thailand,Pak Kret,1
2023-09-06,Thailand,Chom Thong,1
2023-09-06,Thailand,Khlong Toey,30
2023-02-24,Thailand,Lam Luk Ka,4
2023-07-21,Thailand,Hat Yai,7
2023-07-21,Thailand,Wang Chan,1
2023-07-21,Thailand,Dusit,1
2023-07-21,Thailand,Bang Saphan,1
2023-01-13,Thailand,Khlong San,6
2023-01-13,Thailand,Wattana,10
2023-01-28,Thailand,Thon Buri,3
2023-09-08,Thailand,Ratchathewi,134
2023-05-18,Thailand,Mueang Krabi,9
2023-06-22,Thailand,Bangkok Noi,1
2023-06-22,Thailand,Phuttha Mon Thon,2
2023-02-20,Thailand,Hua Hin,8
2023-11-06,Thailand,Wang Chan,1
2023-11-06,Thailand,Bangkok Noi,1
2023-06-10,Thailand,Phra Nakhon,4
2023-06-24,Thailand,Muang Satun,2
2023-06-24,Thailand,Si Racha,1
2023-06-24,Thailand,Muang Chiang Rai,1
2023-01-27,Thailand,Huai Kwang,29
2023-06-10,Thailand,Muang Nakhon Pathom,4
2023-01-12,Thailand,Huai Kwang,21
2023-01-12,Thailand,Bang Lamung,6
2023-01-26,Thailand,Phaya Thai,2
2023-06-25,Thailand,Si Racha,1
2023-06-25,Thailand,Wattana,27
2023-07-31,Thailand,Muang Chiang Rai,2
2023-07-31,Thailand,Lat Krabang,7
2023-07-30,Thailand,Phra Nakhon,15
2023-07-30,Thailand,Khlong Luang,1
2023-11-08,Thailand,Khlong San,10
2023-08-21,Thailand,Bang Rak,37
2023-07-14,Thailand,Pattaya,147
2023-07-14,Thailand,Muang Chiang Mai,23
2023-07-14,Thailand,Khlong San,12
2023-07-14,Thailand,Takua Thung,1
2023-04-30,Thailand,Hat Yai,4
2023-04-30,Thailand,Si Racha,1
2023-10-23,Thailand,Bang Kapi,11
2023-10-23,Thailand,Chatuchak,10
2023-10-23,Thailand,Pathum Wan,10
2023-06-07,Thailand,Phra Khanong,1
2023-07-28,Thailand,Bang Rak,19
2023-07-28,Thailand,Muang Khon Kaen,12
2023-07-28,Thailand,Pak Chong,10
2023-07-28,Thailand,Si Racha,2
2023-02-02,Thailand,Khlong Toey,3
2023-03-23,Thailand,Samphantawong,6
2023-02-16,Thailand,Min Buri,1
2023-07-13,Thailand,Hat Yai,2
2023-03-22,Thailand,Ratchathewi,100
2023-03-22,Thailand,Din Dang,1
2023-03-22,Thailand,K. Bang Sao Thon,2
2023-07-27,Thailand,Phaya Thai,8
2023-07-27,Thailand,Phuket Island,51
2023-07-27,Thailand,Chatuchak,32
2023-02-15,Thailand,Sattahip,3
2023-02-15,Thailand,Bang Lamung,4
2023-10-10,Thailand,Bang Lamung,23
2023-10-10,Thailand,Phra Khanong,5
2023-10-10,Thailand,Muang Samut Prakan,1
2023-02-05,Thailand,Bang Plee,1
2023-07-02,Thailand,Wattana,20
2023-07-02,Thailand,Hua Hin,2
2023-03-11,Thailand,Khlong Toey,17
2023-02-19,Thailand,Bang Kapi,1
2023-07-16,Thailand,Bang Lamung,23
2023-07-16,Thailand,Thungkru,5
2023-07-16,Thailand,Muang Nonthaburi,3
2023-06-09,Thailand,Muang Chiang Mai,4
2023-07-01,Thailand,Ratchathewi,121
2023-10-22,Thailand,Khlong Luang,2
2023-10-22,Thailand,Phuttha Mon Thon,2
2023-07-29,Thailand,Suan Luang,1
2023-07-29,Thailand,Batong,1
2023-07-29,Thailand,Klaeng,6
2023-06-08,Thailand,Dusit,1
2023-06-08,Thailand,Muang Nakhon Pathom,3
2023-03-24,Thailand,Khlong San,8
2023-02-03,Thailand,Bang Lamung,13
2023-01-06,Thailand,Pak Kret,2
2023-07-24,Thailand,Phra Nakhon,11
2023-06-03,Thailand,Pattaya,55
2023-06-17,Thailand,Khlong San,7
2023-01-05,Thailand,Muang Chiang Mai,8
2023-08-30,Thailand,Pathum Wan,13
2023-08-30,Thailand,Bang Plee,2
2023-07-23,Thailand,Prawet,1
2023-07-23,Thailand,Bang Rak,35
2023-06-02,Thailand,Mueang Krabi,7
2023-06-02,Thailand,Sattahip,1
2023-05-09,Thailand,Din Dang,3
2023-10-20,Thailand,San Sai,1
2023-02-25,Thailand,Don Muang,4
2023-02-25,Thailand,San Sai,1
2023-02-25,Thailand,Pak Kret,1
2023-07-12,Thailand,Pathum Wan,5
2023-06-05,Thailand,Bang Rak,17
2023-06-05,Thailand,Hua Hin,6
2023-06-05,Thailand,Dusit,2
2023-07-12,Thailand,Lam Luk Ka,1
2023-01-08,Thailand,Hua Hin,3
2023-01-08,Thailand,Muang Khon Kaen,1
2023-07-26,Thailand,Phuket Island,51
2023-02-14,Thailand,Phuket Island,36
2023-10-31,Thailand,Bang Kapi,11
2023-02-14,Thailand,Muang Nonthaburi,1
2023-01-07,Thailand,Lat Phrao,1
2023-01-07,Thailand,Bang Kapi,1
2023-07-11,Thailand,Pattaya,93
2023-07-11,Thailand,Cha-Am,12
2023-07-11,Thailand,Phra Khanong,3
2023-07-10,Thailand,Bang Plee,32
2023-10-17,Thailand,Cha-Am,1
2023-10-17,Thailand,Bang Rak,47
2023-10-17,Thailand,Thap Sakae,1
2023-10-17,Thailand,Khlong Luang,2
2023-09-22,Thailand,Klaeng,9
2023-09-22,Thailand,Hua Hin,26
2023-09-22,Thailand,Ko Lanta,1
2023-10-03,Thailand,Mueang Krabi,55
2023-10-03,Thailand,Phuket Island,46
2023-03-04,Thailand,Pattaya,63
2023-10-03,Thailand,Thap Sakae,1
2023-08-15,Thailand,K. Ko Kut,1
2023-08-29,Thailand,Bang Lamung,18
2023-05-31,Thailand,Wattana,18
2023-05-31,Thailand,Chiang Dao,1
2023-05-31,Thailand,Bang Lamung,11
2023-05-31,Thailand,Mueang Krabi,9
2023-07-08,Thailand,Bang Khae,5
2023-04-10,Thailand,Samphantawong,2
2023-04-10,Thailand,Phra Khanong,21
2023-09-21,Thailand,Sadao,4
2023-10-04,Thailand,Hua Hin,13
2023-10-18,Thailand,Pattaya,73
2023-10-18,Thailand,Takua Pa,7
2023-10-18,Thailand,K. Bang Sao Thon,12
2023-05-30,Thailand,Khlong Toey,42
2023-07-07,Thailand,Phra Khanong,8
2023-07-07,Thailand,Pattaya,67
2023-07-07,Thailand,Muang Chon Buri,2
2023-03-02,Thailand,Bangkok Noi,1
2023-09-10,Thailand,Suan Luang,2
2023-10-19,Thailand,Ko Samui,5
2023-10-19,Thailand,Phaya Thai,3
2023-11-11,Thailand,Muang Satun,1
2023-11-11,Thailand,Muang Chiang Rai,1
2023-10-29,Thailand,Huai Kwang,6
2023-10-29,Thailand,Phaya Thai,4
2023-10-29,Thailand,Pom Pram Sattru,1
2023-04-27,Thailand,Khlong San,6
2023-04-27,Thailand,Ko Samui,4
2023-03-06,Thailand,Takua Pa,2
2023-03-06,Thailand,Bang Plee,2
2023-10-15,Thailand,Huai Kwang,7
2023-08-03,Thailand,Ko Phangan,1
2023-08-03,Thailand,Phra Khanong,3
2023-08-17,Thailand,Mueang Krabi,32
2023-10-01,Thailand,Ko Lanta,2
2023-10-01,Thailand,Ratchathewi,210
2023-10-16,Thailand,Muang Yala,1
2023-10-16,Thailand,Muang Chon Buri,1
2023-03-19,Thailand,Phuket Island,26
2023-03-19,Thailand,Pathum Wan,2
2023-10-02,Thailand,Pak Kret,1
2023-10-02,Thailand,Si Racha,2
2023-09-23,Thailand,Mae Rim,2
2023-09-23,Thailand,Bang Kapi,4
2023-08-16,Thailand,Bang Bo,1
2023-08-16,Thailand,Muang Chiang Rai,2
2023-04-11,Thailand,Phuttha Mon Thon,1
2023-04-11,Thailand,Sattahip,1
2023-10-13,Thailand,Ban Chang,3
2023-02-07,Thailand,Bang Khae,1
2023-02-07,Thailand,Khlong Toey,6
2023-02-07,Thailand,Don Muang,5
2023-08-11,Thailand,Phra Khanong,4
2023-07-04,Thailand,Bang Plad,5
2023-07-04,Thailand,Chatuchak,24
2023-08-25,Thailand,Muang Chiang Mai,7
2023-08-25,Thailand,Na Mom,1
2023-03-28,Thailand,Sattahip,2
2023-07-18,Thailand,Din Dang,5
2023-07-18,Thailand,Yannawa,4
2023-11-20,Thailand,Din Dang,4
2023-03-27,Thailand,Wattana,23
2023-03-27,Thailand,Don Muang,1
2023-02-06,Thailand,Bang Rak,26
2023-08-10,Thailand,Muang Surat Thani,3
2023-03-13,Thailand,Chatuchak,1
2023-07-03,Thailand,Bang Rak,34
2023-10-14,Thailand,Bang Na,1
2023-10-14,Thailand,Bang Lamung,9
2023-11-21,Thailand,Sattahip,1
2023-11-21,Thailand,Muang Kanchanaburi,5
2023-03-16,Thailand,Thon Buri,1
2023-09-20,Thailand,Chatuchak,17
2023-09-30,Thailand,Pathum Wan,14
2023-10-11,Thailand,Bang Lamung,11
2023-02-09,Thailand,Khlong San,12
2023-08-27,Thailand,Ko Samui,3
2023-07-06,Thailand,Khlong Toey,34
2023-08-13,Thailand,Phra Nakhon,2
2023-08-13,Thailand,K. Bang Sao Thon,1
2023-08-12,Thailand,Phuket Island,22
2023-08-12,Thailand,Muang Samut Prakan,3
2023-04-22,Thailand,Muang Chiang Mai,4
2023-03-29,Thailand,Min Buri,1
2023-03-01,Thailand,Khan Na Yao,1
2023-02-08,Thailand,Cha-Am,1
2023-02-08,Thailand,K. Bang Sao Thon,6
2023-04-21,Thailand,Muang Chiang Rai,5
2023-04-21,Thailand,Bang Lamung,19
2023-07-19,Thailand,Din Dang,9
2023-04-05,Thailand,Aranyaprathet,1
2023-11-04,Thailand,Ko Phangan,5
2023-11-19,Thailand,Mae Rim,9
2023-11-19,Thailand,Bang Lamung,6
2023-09-16,Thailand,Pattaya,124
2023-09-16,Thailand,Din Dang,1
2023-08-09,Thailand,Khlong Toey,42
2023-05-26,Thailand,Muang Rayong,1
2023-05-26,Thailand,Wattana,20
2023-05-26,Thailand,Muang Chiang Mai,5
2023-05-11,Thailand,Bangkok Noi,1
2023-09-01,Thailand,Lat Krabang,12
2023-09-01,Thailand,Cha-Am,11
2023-09-01,Thailand,Phaya Thai,9
2023-05-25,Thailand,Bang Plad,1
2023-05-25,Thailand,K. Bang Sao Thon,8
2023-04-04,Thailand,Phaya Thai,17
2023-01-20,Thailand,Muang Chiang Mai,2
2023-09-15,Thailand,Suan Luang,6
2023-09-15,Thailand,Ratchathewi,184
2023-04-18,Thailand,Muang Rayong,7
2023-09-29,Thailand,Hat Yai,2
2023-09-29,Thailand,San Sai,1
2023-11-05,Thailand,Bang Rak,48
2023-11-05,Thailand,Mae Rim,1
2023-05-10,Thailand,Khlong San,16
2023-08-08,Thailand,Chatuchak,53
2023-11-02,Thailand,Bang Kho Laem,1
2023-11-02,Thailand,Sathorn,5
2023-05-28,Thailand,Muang Chiang Mai,5
2023-09-04,Thailand,Pai,1
2023-09-18,Thailand,Ratchathewi,150
2023-06-20,Thailand,Huai Kwang,10
2023-01-22,Thailand,Din Dang,3
2023-11-18,Thailand,Bang Plee,3
2023-11-18,Thailand,Muang Chiang Mai,10
2023-05-13,Thailand,Aranyaprathet,1
2023-05-13,Thailand,Mueang Krabi,6
2023-05-14,Thailand,Sathorn,1
2023-09-19,Thailand,Huai Kwang,5
2023-09-19,Thailand,Muang Songkhla,1
2023-09-19,Thailand,Muang Chiang Rai,6
2023-01-22,Thailand,Muang Buri Ram,3
2023-01-22,Thailand,Bang Kruai,1
2023-05-27,Thailand,Koh Si Chang,1
2023-09-03,Thailand,Pattaya,112
2023-09-03,Thailand,Ko Yao District,1
2023-11-14,Thailand,San Sai,4
2023-11-14,Thailand,Khlong San,9
2023-04-15,Thailand,Chatuchak,3
2023-04-15,Thailand,Thon Buri,1
2023-04-06,Thailand,Ko Phangan,2
2023-04-06,Thailand,Hua Hin,4
2023-10-07,Thailand,K. Ko Chang,5
2023-04-29,Thailand,Muang Kanchanaburi,1
2023-03-08,Thailand,Muang Rayong,3
2023-03-08,Thailand,Suan Phung,1
2023-09-26,Thailand,Khlong Toey,36
2023-08-19,Thailand,Chatuchak,4
2023-08-19,Thailand,Khlong San,11
2023-08-19,Thailand,Prawet,1
2023-08-19,Thailand,Bang Plee,2
2023-10-08,Thailand,Bang Rak,31
2023-10-08,Thailand,Phuket Island,35
2023-10-08,Thailand,Muang Ubon Ratchatani,6
2023-09-26,Thailand,Din Dang,2
2023-09-26,Thailand,Bang Kapi,1
2023-09-26,Thailand,Don Muang,5
2023-04-14,Thailand,Ko Phangan,1
2023-09-11,Thailand,Bang Plad,8
2023-04-29,Thailand,Thawi Wattana,1
2023-04-29,Thailand,Muang Samut Prakan,2
2023-05-20,Thailand,Ratchathewi,109
2023-09-12,Thailand,Phuket Island,51
2023-11-15,Thailand,Cha-Am,1
2023-11-15,Thailand,Hat Yai,4
2023-11-15,Thailand,Bang Khae,2
2023-03-07,Thailand,K. Ko Kut,1
2023-08-04,Thailand,Don Muang,2
2023-08-04,Thailand,Si Racha,1
2023-08-04,Thailand,Chatuchak,19
2023-08-04,Thailand,Mae Rim,1
2023-08-18,Thailand,Bang Rak,14
2023-08-18,Thailand,Muang Khon Kaen,1
2023-08-18,Thailand,Muang Kanchanaburi,2
2023-09-25,Thailand,Ratchathewi,181
2023-10-09,Thailand,Bang Saphan,2
2023-10-09,Thailand,Khan Na Yao,3
2023-09-28,Thailand,Cha-Am,7
2023-09-28,Thailand,Hat Yai,5
2023-09-28,Thailand,Lat Phrao,1
2023-09-28,Thailand,Pathum Wan,13
2023-11-13,Thailand,Suan Luang,8
2023-11-13,Thailand,Lat Krabang,11
2023-05-24,Thailand,Ratchathewi,149
2023-05-24,Thailand,Khlong San,8
2023-11-01,Thailand,Hang Dong,1
2023-11-01,Thailand,Muang Kanchanaburi,2
2023-05-23,Thailand,Dusit,1
2023-01-30,Thailand,Khan Na Yao,1
2023-01-30,Thailand,Bang Bo,2
2023-04-03,Thailand,Phuttha Mon Thon,1
2023-04-03,Thailand,Muang Chiang Rai,3
2023-04-03,Thailand,Min Buri,1
2023-06-30,Thailand,Pai,1
2023-10-05,Thailand,Thon Buri,2
2023-10-05,Thailand,Khlong Toey,33
2023-10-05,Thailand,Muang Chiang Mai,7
2023-03-09,Thailand,Khlong Luang,2
2023-03-09,Thailand,Muang Chiang Rai,1
2023-11-12,Thailand,Ko Samui,7
2023-01-01,Thailand,Don Muang,2
2023-02-22,Thailand,Bang Plad,1
2023-08-06,Thailand,Hua Hin,12
2023-09-13,Thailand,Suan Luang,4
2023-09-13,Thailand,Thon Buri,2
2023-05-22,Thailand,Bang Plad,1
2023-04-02,Thailand,Thawi Wattana,1
2023-04-02,Thailand,Sattahip,3
2023-06-26,Thailand,Muang Nakhon Ratchasima,2
2023-05-05,Thailand,Phuttha Mon Thon,1
2023-05-05,Thailand,Hua Hin,10
2023-06-01,Thailand,Ko Samui,1
2023-10-30,Thailand,Chatuchak,14
2023-10-30,Thailand,Phra Khanong,11
2023-01-29,Thailand,Lat Krabang,1
2023-07-22,Thailand,Lak Si,1
2023-03-31,Thailand,Muang Rayong,3
2023-03-31,Thailand,Don Muang,1
2023-06-29,Thailand,Muang Kanchanaburi,3
2023-05-08,Thailand,Khlong San,10
2023-01-14,Thailand,Cha-Am,1
2023-01-14,Thailand,Chatuchak,1
2023-01-17,Thailand,Chom Thong,1
2023-01-02,Thailand,Khlong San,6
2023-01-02,Thailand,Bang Kapi,1
2023-06-12,Thailand,Hua Hin,7
2023-04-09,Thailand,Huai Kwang,8
2023-04-09,Thailand,Muang Khon Kaen,1
2023-04-09,Thailand,Hat Yai,4
2023-06-28,Thailand,Muang Nonthaburi,1
2023-05-02,Thailand,Phra Nakhon,3
2023-05-02,Thailand,Huai Kwang,10
2023-05-02,Thailand,Muang Nonthaburi,1
2023-05-07,Thailand,Bang Rak,10
2023-03-30,Thailand,Hat Yai,4
2023-02-23,Thailand,Phuket Island,34
2023-02-23,Thailand,Muang Chiang Rai,5
2023-02-23,Thailand,Bang Bo,2
2023-06-23,Thailand,Muang Chon Buri,1
2023-04-08,Thailand,Phra Nakhon,4
2023-01-24,Thailand,Bang Na,1
2023-05-15,Thailand,Chatuchak,3
2023-05-15,Thailand,Huai Kwang,3
2023-05-16,Thailand,Muang Chiang Rai,1
2023-05-16,Thailand,Ko Samui,1
2023-05-29,Thailand,Phuttha Mon Thon,7
2023-05-29,Thailand,Lat Krabang,4
2023-05-29,Thailand,Muang Khon Kaen,2
2023-01-25,Thailand,Ratchathewi,73
2023-01-25,Thailand,Hat Yai,7
2023-07-21,Thailand,Phaya Thai,11
2023-05-01,Thailand,Muang Samut Prakan,1
2023-05-01,Thailand,Bang Lamung,2
2023-09-05,Thailand,Muang Surat Thani,1
2023-01-13,Thailand,Pran Buri,1
2023-01-28,Thailand,Pak Kret,1
2023-05-18,Thailand,Muang Chon Buri,2
2023-11-07,Thailand,Khlong Luang,3
2023-06-21,Thailand,Din Dang,1
2023-06-21,Thailand,Huai Kwang,5
2023-11-06,Thailand,Dusit,2
2023-06-24,Thailand,Ratchathewi,130
2023-06-24,Thailand,Mueang Krabi,8
2023-06-10,Thailand,Muang Satun,3
2023-06-25,Thailand,Don Muang,4
2023-06-25,Thailand,Muang Pathum Thani,1
2023-06-25,Thailand,Hua Hin,7
2023-05-17,Thailand,Don Muang,1
2023-09-08,Thailand,Bang Khun Thian,1
2023-09-07,Thailand,Wang Thonglang,3
2023-09-07,Thailand,Bang Kapi,2
2023-07-30,Thailand,Lat Krabang,5
2023-07-30,Thailand,Ratchathewi,113
2023-05-03,Thailand,Koh Si Chang,1
2023-11-08,Thailand,Lat Krabang,3
2023-11-08,Thailand,Muang Chiang Mai,28
2023-01-26,Thailand,Muang Satun,2
2023-01-26,Thailand,Lat Krabang,1
2023-08-21,Thailand,Yannawa,1
2023-10-23,Thailand,Thai Muang,1
2023-06-07,Thailand,Phra Nakhon,7
2023-07-28,Thailand,Muang Surat Thani,5
2023-02-02,Thailand,Ratchathewi,69
2023-03-23,Thailand,Khlong Toey,26
2023-08-20,Thailand,Phuket Island,27
2023-10-24,Thailand,Bang Khae,1
2023-10-24,Thailand,Phra Khanong,5
2023-10-24,Thailand,Thanyaburi,1
2023-10-24,Thailand,Muang Rayong,2
2023-07-13,Thailand,Prawet,3
2023-07-13,Thailand,Muang Chiang Rai,1
2023-01-09,Thailand,Muang Chiang Mai,5
2023-03-22,Thailand,Phra Khanong,1
2023-02-15,Thailand,Thon Buri,2
2023-10-10,Thailand,Khlong Luang,1
2023-08-23,Thailand,Khlong San,5
2023-08-23,Thailand,Bang Khen,1
2023-07-02,Thailand,Muang Pathum Thani,1
2023-03-11,Thailand,Ko Samui,1
2023-10-21,Thailand,Sadao,1
2023-06-09,Thailand,Thawi Wattana,2
2023-08-22,Thailand,Phaya Thai,7
2023-07-15,Thailand,Phra Nakhon,13
2023-07-15,Thailand,Bang Kho Laem,1
2023-02-18,Thailand,Muang Nakhon Pathom,1
2023-07-01,Thailand,Bang Khun Thian,1
2023-07-01,Thailand,Phra Nakhon,5
2023-07-01,Thailand,Lat Krabang,9
2023-07-15,Thailand,Si Racha,2
2023-10-22,Thailand,Cha-Am,3
2023-10-22,Thailand,Hua Hin,7
2023-10-22,Thailand,Ko Samui,3
2023-03-10,Thailand,Bang Na,1
2023-02-03,Thailand,Pattaya,26
2023-02-27,Thailand,Wattana,20
2023-07-24,Thailand,Bang Rak,40
2023-06-17,Thailand,Bang Plad,3
2023-06-17,Thailand,Wattana,38
2023-02-26,Thailand,Phuket Island,46
2023-08-30,Thailand,Ko Samui,11
2023-08-30,Thailand,Hat Yai,2
2023-07-23,Thailand,Muang Satun,10
2023-01-19,Thailand,Muang Buri Ram,2
2023-06-02,Thailand,Suan Luang,3
2023-06-16,Thailand,Sai Mai,1
2023-02-11,Thailand,Phaya Thai,4
2023-02-11,Thailand,Phra Nakhon,1
2023-10-20,Thailand,Huai Kwang,7
2023-07-12,Thailand,Ko Samui,4
2023-01-04,Thailand,Phra Khanong,1
2023-07-12,Thailand,Muang Rayong,2
2023-07-12,Thailand,Tha Yang,1
2023-02-14,Thailand,Hat Yai,6
2023-10-31,Thailand,Dusit,2
2023-10-31,Thailand,Don Muang,3
2023-10-31,Thailand,Chiang Dao,1
2023-10-31,Thailand,Pathum Wan,18
2023-02-14,Thailand,Muang Udon Thani,1
2023-02-14,Thailand,Prawet,2
2023-02-28,Thailand,Muang Rayong,5
2023-02-28,Thailand,Pattaya,44
2023-06-04,Thailand,Takua Pa,1
2023-01-07,Thailand,Phuket Island,11
2023-01-07,Thailand,Bang Khen,1
2023-07-11,Thailand,Ratchathewi,157
2023-07-11,Thailand,Ban Chang,1
2023-06-18,Thailand,Muang Nonthaburi,2
2023-07-25,Thailand,Sawankhalok,1
2023-08-31,Thailand,Sathorn,1
2023-08-01,Thailand,Dusit,1
2023-08-01,Thailand,Khan Na Yao,3
2023-09-22,Thailand,Bang Rak,27
2023-09-22,Thailand,Khan Na Yao,3
2023-09-22,Thailand,Bang Khun Thian,1
2023-09-22,Thailand,Muang Chiang Rai,2
2023-10-03,Thailand,Muang Phangnga,1
2023-03-04,Thailand,Ko Samui,1
2023-03-04,Thailand,Wattana,39
2023-03-18,Thailand,Mueang Krabi,2
2023-03-18,Thailand,Muang Buri Ram,2
2023-08-15,Thailand,Ko Samui,1
2023-08-15,Thailand,Muang Phitsanulok,1
2023-08-29,Thailand,Bang Plad,8
2023-08-29,Thailand,Lat Krabang,10
2023-07-08,Thailand,Muang Surat Thani,2
2023-07-08,Thailand,Wang Chan,1
2023-04-10,Thailand,Ratchathewi,154
2023-04-10,Thailand,Ko Phangan,1
2023-04-24,Thailand,Don Muang,2
2023-11-10,Thailand,Muak Lek,1
2023-03-17,Thailand,Phaya Thai,6
2023-03-17,Thailand,Khlong Hoi Kong,1
2023-10-18,Thailand,Cha-Am,6
2023-10-18,Thailand,Din Dang,8
2023-10-18,Thailand,Suan Luang,3
2023-05-30,Thailand,Bang Rak,33
2023-07-07,Thailand,Ko Lanta,1
2023-07-07,Thailand,Mae Rim,2
2023-03-02,Thailand,Muang Nakhon Pathom,3
2023-09-10,Thailand,Lat Krabang,13
2023-10-19,Thailand,Chatuchak,27
2023-04-23,Thailand,Muang Nakhon Ratchasima,1
2023-04-23,Thailand,Huai Kwang,2
2023-11-11,Thailand,Pak Kret,1
2023-10-29,Thailand,Phra Nakhon,20
2023-04-27,Thailand,Ratchathewi,102
2023-10-15,Thailand,Din Dang,2
2023-10-15,Thailand,Bang Plee,1
2023-08-03,Thailand,Pathum Wan,12
2023-08-03,Thailand,Muang Satun,9
2023-08-17,Thailand,Muang Khon Kaen,2
2023-08-17,Thailand,Suan Luang,2
2023-08-17,Thailand,Bang Khae,2
2023-11-22,Thailand,Phra Nakhon,7
2023-11-22,Thailand,Samphantawong,1
2023-11-22,Thailand,Suan Luang,1
2023-09-24,Thailand,Thawi Wattana,3
2023-10-16,Thailand,Don Muang,2
2023-10-16,Thailand,Pak Chong,4
2023-04-12,Thailand,Bang Rak,17
2023-04-12,Thailand,Bang Lamung,15
2023-03-19,Thailand,Muang Khon Kaen,3
2023-10-02,Thailand,K. Bang Sao Thon,2
2023-08-16,Thailand,Mueang Krabi,19
2023-07-09,Thailand,Chatuchak,44
2023-10-27,Thailand,Sathorn,1
2023-10-27,Thailand,Pak Kret,2
2023-08-25,Thailand,Hat Yai,2
2023-08-25,Thailand,Muang Sing Buri,1
2023-03-28,Thailand,Muang Phangnga,1
2023-03-28,Thailand,Phuttha Mon Thon,1
2023-03-28,Thailand,Samphantawong,4
2023-04-20,Thailand,Phuttha Mon Thon,1
2023-07-18,Thailand,Chatuchak,34
2023-07-18,Thailand,Mueang Krabi,17
2023-07-18,Thailand,Prawet,2
2023-03-27,Thailand,Muang Chon Buri,1
2023-03-27,Thailand,Hat Yai,5
2023-02-06,Thailand,Huai Kwang,6
2023-02-06,Thailand,Ratchathewi,73
2023-10-28,Thailand,Khlong San,12
2023-10-14,Thailand,Muang Rayong,5
2023-08-24,Thailand,Muang Nonthaburi,1
2023-08-24,Thailand,Yannawa,1
2023-07-17,Thailand,Don Muang,6
2023-03-16,Thailand,Don Muang,1
2023-10-25,Thailand,Mueang Krabi,46
2023-09-20,Thailand,Ratchathewi,189
2023-09-20,Thailand,Khlong Luang,3
2023-09-20,Thailand,Bang Kho Laem,4
2023-09-20,Thailand,Phuket Island,50
2023-09-30,Thailand,Muang Ubon Ratchatani,2
2023-02-09,Thailand,Phra Khanong,8
2023-02-09,Thailand,K. Bang Sao Thon,1
2023-08-27,Thailand,Muang Kanchanaburi,2
2023-08-13,Thailand,Khlong Toey,41
2023-03-01,Thailand,Don Muang,3
2023-07-06,Thailand,Muang Songkhla,1
2023-03-15,Thailand,Hua Hin,4
2023-08-12,Thailand,Phaya Thai,14
2023-08-12,Thailand,Pathum Wan,12
2023-08-12,Thailand,Sathorn,3
2023-08-12,Thailand,Wang Thonglang,1
2023-04-22,Thailand,Mueang Krabi,6
2023-04-22,Thailand,Lat Krabang,1
2023-03-01,Thailand,Muang Khon Kaen,5
2023-02-08,Thailand,Khlong San,6
2023-02-08,Thailand,Huai Kwang,11
2023-02-08,Thailand,Pom Pram Sattru,1
2023-04-21,Thailand,Hua Hin,22
2023-10-12,Thailand,Sattahip,1
2023-10-12,Thailand,Lat Phrao,4
2023-07-05,Thailand,Takua Pa,5
2023-11-04,Thailand,Muang Phangnga,1
2023-11-04,Thailand,Muang Chiang Mai,10
2023-09-02,Thailand,Muang Satun,9
2023-09-02,Thailand,Khlong San,8
2023-09-02,Thailand,Muang Chiang Rai,1
2023-11-19,Thailand,San Sai,6
2023-09-16,Thailand,Bang Khun Thian,1
2023-08-09,Thailand,Don Muang,4
2023-05-26,Thailand,Thawi Wattana,3
2023-03-14,Thailand,Lak Si,2
2023-09-01,Thailand,Bang Rak,46
2023-04-04,Thailand,Wang Thonglang,1
2023-01-20,Thailand,Phuket Island,16
2023-04-18,Thailand,Phuttha Mon Thon,1
2023-11-05,Thailand,Huai Kwang,6
2023-11-05,Thailand,Cha-Am,1
2023-11-02,Thailand,Wang Thonglang,1
2023-11-02,Thailand,Muang Udon Thani,2
2023-11-16,Thailand,Bang Plad,1
2023-09-29,Thailand,K. Wiang Nong Long,1
2023-06-20,Thailand,Bang Plad,3
2023-09-04,Thailand,Dusit,5
2023-11-03,Thailand,Muang Nakhon Ratchasima,1
2023-01-23,Thailand,Bang Khae,1
2023-06-20,Thailand,Samphantawong,4
2023-06-20,Thailand,Muang Chiang Rai,3
2023-06-20,Thailand,Phra Nakhon,4
2023-11-18,Thailand,Samphantawong,1
2023-05-14,Thailand,Cha-Am,3
2023-05-27,Thailand,Ko Phangan,1
2023-05-27,Thailand,Thon Buri,1
2023-09-03,Thailand,Muang Chiang Rai,2
2023-09-03,Thailand,Chiang Dao,1
2023-11-14,Thailand,Pak Chong,7
2023-11-14,Thailand,Thanyaburi,2
2023-04-06,Thailand,Muang Chiang Mai,2
2023-04-06,Thailand,Bang Khun Thian,2
2023-10-07,Thailand,Mae Rim,6
2023-04-29,Thailand,Muang Chon Buri,2
2023-03-08,Thailand,Takua Pa,1
2023-01-31,Thailand,Ratchathewi,54
2023-08-19,Thailand,Muang Khon Kaen,2
2023-08-19,Thailand,Bang Khae,1
2023-10-08,Thailand,Thai Muang,5
2023-09-26,Thailand,Sadao,2
2023-04-14,Thailand,Yannawa,1
2023-08-05,Thailand,Sattahip,3
2023-09-11,Thailand,Mae Rim,2
2023-04-29,Thailand,Ban Chang,2
2023-05-20,Thailand,Pak Kret,1
2023-04-28,Thailand,Bang Plad,1
2023-04-28,Thailand,Huai Kwang,7
2023-09-12,Thailand,Bang Khae,4
2023-09-12,Thailand,Khlong San,9
2023-11-15,Thailand,Mae Rim,7
2023-08-04,Thailand,Bang Khun Thian,2
2023-08-04,Thailand,Muang Songkhla,1
2023-08-04,Thailand,Bang Khae,2
2023-08-04,Thailand,Phra Khanong,3
2023-08-18,Thailand,Bang Bua Thong,1
2023-09-25,Thailand,Ko Phangan,5
2023-10-09,Thailand,San Sai,1
2023-10-09,Thailand,Ko Lanta,1
2023-11-13,Thailand,Bang Plad,1
2023-11-13,Thailand,Pathum Wan,6
2023-11-13,Thailand,Muang Chiang Mai,26
2023-11-13,Thailand,Muang Nakhon Ratchasima,3
2023-10-06,Thailand,Phra Khanong,9
2023-10-06,Thailand,Bang Bo,1
2023-05-24,Thailand,Samphantawong,3
2023-04-16,Thailand,Muang Rayong,1
2023-05-23,Thailand,Muang Khon Kaen,1
2023-09-27,Thailand,Ko Lanta,1
2023-09-27,Thailand,Si Racha,5
2023-09-27,Thailand,Phra Nakhon,6
2023-06-13,Thailand,Cha-Am,7
2023-06-13,Thailand,Muang Chiang Rai,1
2023-03-09,Thailand,Bang Khun Thian,1
2023-11-12,Thailand,Chatuchak,9
2023-11-12,Thailand,Lam Luk Ka,1
2023-11-12,Thailand,Suan Luang,11
2023-05-22,Thailand,Bang Lamung,48
2023-04-02,Thailand,Prawet,1
2023-06-27,Thailand,Cha-Am,15
2023-06-26,Thailand,Ko Phangan,3
2023-02-21,Thailand,Phaya Thai,7
2023-02-21,Thailand,Khlong San,15
2023-06-01,Thailand,Pak Chong,1
2023-06-11,Thailand,Sathorn,3
2023-06-11,Thailand,Muang Rayong,1
2023-02-10,Thailand,Bang Plee,3
2023-10-30,Thailand,Bang Na,1
2023-10-30,Thailand,Bang Plee,3
2023-07-22,Thailand,Khlong Toey,27
2023-07-22,Thailand,Muang Khon Kaen,4
2023-03-31,Thailand,Pathum Wan,5
2023-06-29,Thailand,Thawi Wattana,7
2023-06-29,Thailand,Prawet,2
2023-05-08,Thailand,Bang Rak,6
2023-01-17,Thailand,Pathum Wan,6
2023-01-17,Thailand,Phra Nakhon,1
2023-06-12,Thailand,Takua Pa,2
2023-06-12,Thailand,Lat Krabang,4
2023-06-14,Thailand,Chatuchak,2
2023-06-23,Thailand,Hat Yai,4
2023-01-11,Thailand,Don Muang,4
2023-05-02,Thailand,Pattaya,9
2023-07-20,Thailand,Prawet,1
2023-05-07,Thailand,Phuket Island,25
2023-05-07,Thailand,Bang Plee,1
2023-05-07,Thailand,Prawet,1
2023-03-30,Thailand,Muang Pathum Thani,1
2023-02-23,Thailand,Ratchathewi,94
2023-02-23,Thailand,Khlong Toey,10
2023-02-23,Thailand,Cha-Am,4
2023-06-23,Thailand,Sattahip,1
2023-04-08,Thailand,Khlong San,3
2023-04-08,Thailand,Takua Thung,2
2023-11-09,Thailand,San Sai,3
2023-11-09,Thailand,Khlong Luang,1
2023-11-09,Thailand,Bang Kho Laem,3
2023-01-24,Thailand,Muang Phitsanulok,1
2023-01-10,Thailand,Bang Lamung,11
2023-05-16,Thailand,Wattana,24
2023-01-16,Thailand,Phra Khanong,1
2023-01-16,Thailand,Bang Kapi,1
2023-05-29,Thailand,Bang Lamung,11
2023-09-05,Thailand,Si Racha,2
2023-09-06,Thailand,Chatuchak,14
2023-09-06,Thailand,Khan Na Yao,3
2023-07-21,Thailand,Muang Lampang,1
2023-07-21,Thailand,Takua Pa,4
2023-01-11,Thailand,Muang Nonthaburi,3
2023-01-13,Thailand,Cha-Am,2
2023-01-28,Thailand,Muang Chiang Rai,2
2023-05-18,Thailand,Phuket Island,26
2023-05-18,Thailand,Don Muang,1
2023-06-22,Thailand,Bang Na,1
2023-11-07,Thailand,Hua Hin,13
2023-02-20,Thailand,Mueang Krabi,1
2023-02-20,Thailand,Don Muang,1
2023-05-04,Thailand,Muang Nonthaburi,2
2023-11-06,Thailand,Ko Phangan,8
2023-11-06,Thailand,Samphantawong,2
2023-05-03,Thailand,Muang Nakhon Pathom,1
2023-06-10,Thailand,Ratchathewi,89
2023-06-24,Thailand,Chatuchak,1
2023-01-27,Thailand,Lak Si,3
2023-05-17,Thailand,Muang Satun,1
2023-07-30,Thailand,Chiang Dao,1
2023-05-03,Thailand,Muang Kanchanaburi,1
2023-11-08,Thailand,Dusit,2
2023-02-17,Thailand,Khan Na Yao,1
2023-08-21,Thailand,Cha-Am,9
2023-08-21,Thailand,Don Muang,2
2023-04-30,Thailand,Chatuchak,3
2023-10-23,Thailand,Bang Plad,1
2023-06-07,Thailand,Sathorn,1
2023-07-28,Thailand,Muang Chon Buri,1
2023-03-23,Thailand,Muang Chiang Rai,1
2023-08-20,Thailand,Mueang Krabi,32
2023-02-16,Thailand,Bang Khen,2
2023-10-24,Thailand,Mueang Krabi,41
2023-07-13,Thailand,Bang Khun Thian,1
2023-07-13,Thailand,Pak Chong,5
2023-01-09,Thailand,Pattaya,10
2023-02-01,Thailand,Phuket Island,32
2023-02-01,Thailand,Muang Chiang Rai,2
2023-02-15,Thailand,Lat Phrao,1
2023-02-15,Thailand,Lam Luk Ka,1
2023-10-10,Thailand,Bang Plad,2
2023-10-10,Thailand,Phra Nakhon,18
2023-10-10,Thailand,Pattaya,124
2023-07-02,Thailand,Huai Kwang,6
2023-03-26,Thailand,Huai Kwang,11
2023-03-26,Thailand,Bang Plad,1
2023-03-11,Thailand,Huai Kwang,6
2023-02-19,Thailand,Muang Khon Kaen,2
2023-07-16,Thailand,Pattaya,127
2023-02-04,Thailand,Chatuchak,2
2023-10-21,Thailand,Cha-Am,4
2023-03-25,Thailand,Bangkok Noi,2
2023-06-09,Thailand,Sikhiu,1
2023-06-09,Thailand,Khlong San,8
2023-08-22,Thailand,Ko Phangan,1
2023-08-22,Thailand,Takua Pa,8
2023-07-15,Thailand,Bang Khae,13
2023-02-18,Thailand,Phra Khanong,7
2023-07-01,Thailand,Muang Chiang Rai,2
2023-07-01,Thailand,Khlong Luang,2
2023-10-22,Thailand,Si Racha,2
2023-07-29,Thailand,Hua Hin,13
2023-03-10,Thailand,Huai Kwang,5
2023-03-10,Thailand,Bang Plee,1
2023-06-08,Thailand,Muang Phitsanulok,1
2023-06-08,Thailand,Si Racha,2
2023-06-08,Thailand,Hua Hin,5
2023-06-08,Thailand,Huai Kwang,3
2023-03-24,Thailand,Chom Thong,1
2023-03-24,Thailand,Wattana,24
2023-03-24,Thailand,Pak Kret,1
2023-01-06,Thailand,Muang Rayong,1
2023-02-27,Thailand,Pak Kret,1
2023-07-24,Thailand,Samphantawong,1
2023-07-24,Thailand,Huai Kwang,9
2023-07-24,Thailand,Din Dang,7
2023-06-03,Thailand,Pak Kret,3
2023-06-03,Thailand,Bang Plad,1
2023-06-17,Thailand,Pak Kret,3
2023-06-17,Thailand,Cha-Am,4
2023-01-05,Thailand,Phuket Island,16
2023-01-05,Thailand,Muang Buri Ram,1
2023-02-26,Thailand,Muang Chiang Rai,2
2023-01-19,Thailand,Lat Krabang,2
2023-06-02,Thailand,Cha-Am,3
2023-06-02,Thailand,Mae Sot,1
2023-06-16,Thailand,Samphantawong,1
2023-02-25,Thailand,Pathum Wan,29
2023-02-11,Thailand,Ko Samui,3
2023-10-20,Thailand,Sathorn,1
2023-10-20,Thailand,Bang Kapi,7
2023-02-25,Thailand,Bang Lamung,34
2023-01-04,Thailand,Suan Luang,3
2023-07-12,Thailand,Pak Chong,7
2023-07-26,Thailand,Cha-Am,25
2023-06-19,Thailand,Wattana,27
2023-07-26,Thailand,Thawi Wattana,1
2023-07-26,Thailand,Bang Khae,2
2023-07-26,Thailand,Bang Bua Thong,1
2023-03-21,Thailand,Huai Kwang,13
2023-02-28,Thailand,Khlong Toey,21
2023-02-28,Thailand,Din Dang,2
2023-02-28,Thailand,Cha-Am,13
2023-06-04,Thailand,Pak Chong,3
2023-01-07,Thailand,Huai Kwang,1
2023-01-07,Thailand,Sathorn,1
2023-01-07,Thailand,Din Dang,1
2023-07-10,Thailand,Muang Chiang Mai,21
2023-02-13,Thailand,Bang Plee,1
2023-08-31,Thailand,K. Bang Sao Thon,2
2023-08-31,Thailand,Samoeng,1
2023-08-31,Thailand,Bang Plee,1
2023-04-25,Thailand,Bang Kruai,1
2023-04-25,Thailand,Bang Kapi,1
2023-10-17,Thailand,Sattahip,1
2023-10-17,Thailand,Si Racha,2
2023-08-01,Thailand,Hat Yai,5
2023-09-22,Thailand,Samphantawong,5
2023-10-03,Thailand,Dusit,1
2023-10-03,Thailand,Bang Kho Laem,1
2023-10-03,Thailand,San Sai,1
2023-08-29,Thailand,Pattaya,116
2023-08-29,Thailand,Phuket Island,52
2023-05-31,Thailand,Bang Rak,30
2023-05-31,Thailand,Sattahip,2
2023-07-08,Thailand,Muang Phitsanulok,1
2023-07-08,Thailand,Mae Rim,2
2023-04-10,Thailand,Phaya Thai,11
2023-04-24,Thailand,Hua Hin,11
2023-04-24,Thailand,Phaya Thai,2
2023-04-24,Thailand,Mueang Krabi,7
2023-11-10,Thailand,Phuket Island,63
2023-11-10,Thailand,Hat Yai,6
2023-11-10,Thailand,Sattahip,1
2023-09-21,Thailand,Pak Chong,1
2023-10-04,Thailand,Muang Rayong,2
2023-10-18,Thailand,Mae Rim,3
2023-10-18,Thailand,Lat Phrao,4
2023-10-18,Thailand,Khan Na Yao,1
2023-10-18,Thailand,K. Wiang Nong Long,1
2023-05-30,Thailand,Pak Chong,3
2023-08-14,Thailand,Khan Na Yao,2
2023-08-28,Thailand,Sathorn,1
2023-03-02,Thailand,Khan Na Yao,1
2023-03-02,Thailand,Yannawa,2
2023-09-10,Thailand,Pran Buri,1
2023-10-19,Thailand,Mae Rim,2
2023-10-19,Thailand,Si Racha,2
2023-04-23,Thailand,Bang Rak,11
2023-11-11,Thailand,Phaya Thai,2
2023-11-11,Thailand,Phra Nakhon,27
2023-10-29,Thailand,Sadao,2
2023-03-06,Thailand,Bang Kapi,4
2023-03-06,Thailand,Muang Nakhon Pathom,1
2023-04-27,Thailand,Si Racha,1
2023-10-15,Thailand,Lak Si,1
2023-10-15,Thailand,Khlong Toey,22
2023-10-15,Thailand,Muang Chiang Mai,18
2023-08-17,Thailand,Phaya Thai,12
2023-10-01,Thailand,Cha-Am,2
2023-10-01,Thailand,Don Muang,4
2023-09-24,Thailand,Hua Hin,17
2023-09-24,Thailand,Wattana,13
2023-09-24,Thailand,Muang Songkhla,1
2023-10-16,Thailand,Ban Chang,2
2023-03-19,Thailand,Muang Nonthaburi,4
2023-08-02,Thailand,Thawi Wattana,1
2023-08-02,Thailand,Khlong San,7
2023-08-02,Thailand,Bang Plee,27
2023-04-26,Thailand,Phaya Thai,1
2023-08-16,Thailand,Pathum Wan,14
2023-07-09,Thailand,Mae Rim,1
2023-10-27,Thailand,Wang Thonglang,1
2023-04-11,Thailand,Huai Kwang,17
2023-08-11,Thailand,Khlong Hoi Kong,1
2023-07-04,Thailand,Pathum Wan,8
2023-07-04,Thailand,Bang Rak,52
2023-08-25,Thailand,Pathum Wan,22
2023-08-25,Thailand,Bang Lamung,17
2023-04-20,Thailand,Khlong Toey,29
2023-03-28,Thailand,Khlong San,9
2023-07-18,Thailand,Phaya Thai,10
2023-11-20,Thailand,Bang Saphan,3
2023-03-27,Thailand,Ratchathewi,148
2023-03-27,Thailand,Sattahip,9
2023-03-27,Thailand,Phra Nakhon Si Ayutthaya,1
2023-08-10,Thailand,Huai Kwang,8
2023-03-13,Thailand,Wang Thonglang,1
2023-03-13,Thailand,Don Muang,2
2023-07-03,Thailand,Phuket Island,30
2023-07-03,Thailand,Chatuchak,10
2023-10-28,Thailand,Takua Pa,7
2023-10-14,Thailand,Huai Kwang,10
2023-10-14,Thailand,K. Bang Sao Thon,3
2023-08-24,Thailand,Wattana,15
2023-07-17,Thailand,Lak Si,2
2023-07-17,Thailand,Bangkok Noi,1
2023-07-17,Thailand,Bang Rak,34
2023-07-17,Thailand,Pua,1
2023-11-21,Thailand,Bang Rak,25
2023-03-16,Thailand,Sattahip,1
2023-10-25,Thailand,Don Muang,11
2023-10-25,Thailand,K. Ko Chang,1
2023-10-25,Thailand,Phuttha Mon Thon,1
2023-09-20,Thailand,Bang Plad,3
2023-09-20,Thailand,Phra Nakhon,19
2023-09-20,Thailand,Muang Samut Prakan,1
2023-09-30,Thailand,Muang Satun,6
2023-09-30,Thailand,Phra Khanong,2
2023-10-11,Thailand,Hua Hin,8
2023-02-09,Thailand,Muang Nakhon Phanom,2
2023-02-09,Thailand,Mueang Krabi,1
2023-02-09,Thailand,Muang Khon Kaen,2
2023-08-27,Thailand,Ko Phangan,3
2023-08-13,Thailand,Ratchathewi,137
2023-08-13,Thailand,Takua Pa,3
2023-08-13,Thailand,Bang Kapi,1
2023-03-01,Thailand,Lam Luk Ka,1
2023-10-26,Thailand,Suan Luang,6
2023-10-26,Thailand,Muang Phitsanulok,1
2023-07-06,Thailand,Phra Khanong,5
2023-08-12,Thailand,Muang Nakhon Ratchasima,1
2023-04-22,Thailand,Klaeng,6
2023-03-29,Thailand,Pathum Wan,7
2023-08-26,Thailand,Don Muang,1
2023-10-12,Thailand,Phuttha Mon Thon,2
2023-07-05,Thailand,Hua Hin,6
2023-07-05,Thailand,Khlong San,2
2023-11-04,Thailand,Pua,1
2023-11-04,Thailand,Hat Yai,10
2023-11-04,Thailand,Bang Plee,6
2023-09-02,Thailand,Dusit,3
2023-11-19,Thailand,Ratchathewi,196
2023-11-19,Thailand,Khlong Luang,3
2023-01-21,Thailand,Phuket Island,7
2023-09-16,Thailand,Hat Yai,2
2023-09-16,Thailand,Min Buri,1
2023-08-09,Thailand,Takua Pa,4
2023-05-26,Thailand,Din Dang,2
2023-05-26,Thailand,Don Muang,2
2023-05-11,Thailand,Hat Yai,3
2023-05-25,Thailand,Chatuchak,8
2023-09-01,Thailand,Takua Pa,10
2023-09-01,Thailand,Muang Pathum Thani,1
2023-05-25,Thailand,Muang Nakhon Pathom,1
2023-01-20,Thailand,Khlong San,7
2023-09-15,Thailand,Si Racha,1
2023-11-16,Thailand,San Sai,3
2023-09-29,Thailand,Muang Ubon Ratchatani,3
2023-05-10,Thailand,Muang Chiang Mai,3
2023-05-10,Thailand,Bang Kruai,1
2023-04-07,Thailand,Phra Khanong,13
2023-08-08,Thailand,Muang Surat Thani,2
2023-11-02,Thailand,Dusit,5
2023-11-16,Thailand,Phaya Thai,13
2023-09-04,Thailand,Phaya Thai,9
2023-09-04,Thailand,Suan Phung,2
2023-11-03,Thailand,Chatuchak,8
2023-11-03,Thailand,Pak Chong,4
2023-11-03,Thailand,Muang Chiang Rai,1
2023-09-18,Thailand,Hua Hin,22
2023-09-18,Thailand,Samphantawong,4
2023-01-23,Thailand,Bang Lamung,2
2023-11-17,Thailand,Bang Rak,24
2023-11-17,Thailand,Muang Nakhon Ratchasima,2
2023-06-20,Thailand,Bang Kapi,9
2023-11-18,Thailand,Ko Yao District,4
2023-11-18,Thailand,Ban Chang,3
2023-09-17,Thailand,Lat Phrao,3
2023-05-28,Thailand,Phuttha Mon Thon,1
2023-05-13,Thailand,Phra Nakhon,9
2023-09-19,Thailand,Khlong San,11
2023-09-03,Thailand,Phaya Thai,3
2023-09-03,Thailand,Chatuchak,15
2023-11-14,Thailand,Samphantawong,3
2023-11-14,Thailand,Muang Khon Kaen,2
2023-04-15,Thailand,Pak Chong,2
2023-04-15,Thailand,Pak Kret,2
2023-04-06,Thailand,Bangkok Noi,3
2023-09-26,Thailand,Hua Hin,16
2023-11-01,Thailand,K. Ko Kut,1
2023-08-19,Thailand,Wattana,15
2023-10-08,Thailand,Chatuchak,7
2023-10-08,Thailand,Ratchathewi,158
2023-04-14,Thailand,Bang Rak,21
2023-04-14,Thailand,Phra Khanong,8
2023-04-14,Thailand,Hat Yai,1
2023-08-05,Thailand,Phra Khanong,4
2023-01-31,Thailand,Phra Nakhon,5
2023-01-31,Thailand,Mueang Krabi,3
2023-04-29,Thailand,Muang Phitsanulok,1
2023-04-28,Thailand,Din Dang,1
2023-09-12,Thailand,Phaya Thai,7
2023-03-07,Thailand,Muang Chiang Mai,11
2023-08-04,Thailand,Ko Samui,4
2023-08-04,Thailand,Sawankhalok,1
2023-08-04,Thailand,K. Bang Sao Thon,2
2023-09-25,Thailand,Ko Samui,2
2023-09-25,Thailand,Chiang Dao,1
2023-09-25,Thailand,Muang Buri Ram,1
2023-10-09,Thailand,Wattana,14
2023-09-14,Thailand,Mueang Krabi,47
2023-09-14,Thailand,Muang Nakhon Ratchasima,1
2023-09-14,Thailand,Hat Yai,4
2023-09-28,Thailand,Muang Rayong,2
2023-11-13,Thailand,Cha-Am,1
2023-11-13,Thailand,Bang Rak,31
2023-11-13,Thailand,Huai Kwang,1
2023-10-06,Thailand,Bang Na,1
2023-08-07,Thailand,Thon Buri,2
2023-08-07,Thailand,Din Dang,4
2023-08-07,Thailand,Takua Pa,4
2023-04-17,Thailand,Hat Yai,4
2023-09-14,Thailand,Dusit,4
2023-05-24,Thailand,Si Racha,1
2023-04-16,Thailand,Muang Khon Kaen,1
2023-04-16,Thailand,Pom Pram Sattru,2
2023-04-16,Thailand,Phra Khanong,13
2023-10-06,Thailand,Don Muang,16
2023-11-01,Thailand,Muang Khon Kaen,2
2023-05-23,Thailand,Sathorn,2
2023-05-23,Thailand,Hua Hin,2
2023-06-30,Thailand,Phaya Thai,13
2023-09-27,Thailand,Hua Hin,12
2023-09-27,Thailand,Ko Samui,2
2023-09-27,Thailand,K. Bang Sao Thon,9
2023-10-05,Thailand,Lak Si,1
2023-10-05,Thailand,Prawet,1
2023-10-05,Thailand,Bang Plee,3
2023-10-05,Thailand,Phuttha Mon Thon,1
2023-06-13,Thailand,Takua Pa,1
2023-03-09,Thailand,Khlong San,18
2023-03-09,Thailand,Bang Rak,41
2023-11-12,Thailand,Pathum Wan,11
2023-01-01,Thailand,Ratchathewi,67
2023-08-06,Thailand,Phaya Thai,30
2023-08-06,Thailand,Chatuchak,42
2023-09-13,Thailand,Muang Chiang Rai,2
2023-04-01,Thailand,Si Racha,4
2023-01-18,Thailand,K. Bang Sao Thon,3
2023-02-21,Thailand,Yannawa,1
2023-06-01,Thailand,Muang Nonthaburi,1
2023-06-11,Thailand,Wattana,26
2023-06-11,Thailand,Thawi Wattana,1
2023-06-11,Thailand,Si Racha,5
2023-02-10,Thailand,Wattana,22
2023-10-30,Thailand,Phuket Island,71
2023-01-29,Thailand,Pak Chong,1
2023-07-22,Thailand,Bang Khae,10
2023-07-22,Thailand,Sai Yok,1
2023-03-31,Thailand,Wattana,19
2023-03-31,Thailand,Ko Phangan,1
2023-06-29,Thailand,Ko Phangan,1
2023-05-08,Thailand,Suan Luang,1
2023-01-15,Thailand,Lat Krabang,1
2023-01-15,Thailand,Muang Chiang Mai,5
2023-01-17,Thailand,Muang Phitsanulok,1
2023-06-12,Thailand,Pak Chong,3
2023-06-12,Thailand,Lam Luk Ka,1
2023-06-14,Thailand,Thon Buri,2
2023-06-14,Thailand,Phra Khanong,7
2023-06-15,Thailand,Hat Yai,11
2023-06-15,Thailand,Phra Khanong,9
2023-06-26,Thailand,Muang Khon Kaen,3
2023-01-11,Thailand,Phuket Island,14
2023-01-11,Thailand,Bang Rak,20
2023-06-28,Thailand,Muang Nakhon Pathom,2
2023-07-20,Thailand,Suan Luang,1
2023-07-20,Thailand,Lat Krabang,7
2023-07-20,Thailand,Din Dang,12
2023-05-07,Thailand,Muang Phangnga,1
2023-01-03,Thailand,Wang Thonglang,1
2023-06-23,Thailand,Muang Khon Kaen,3
2023-04-08,Thailand,Pak Chong,1
2023-11-09,Thailand,Ko Yao District,2
2023-11-09,Thailand,Muang Satun,7
2023-05-15,Thailand,Suan Luang,3
2023-05-15,Thailand,Bang Plee,3
2023-09-09,Thailand,Phuket Island,48
2023-09-09,Thailand,Bang Kapi,3
2023-09-09,Thailand,Samphantawong,5
2023-09-09,Thailand,Hua Hin,14
2023-09-09,Thailand,Din Dang,3
2023-09-09,Thailand,Dusit,2
2023-05-16,Thailand,Khlong Toey,29
2023-05-16,Thailand,Cha-Am,4
2023-01-16,Thailand,Huai Kwang,31
2023-09-05,Thailand,Ratchathewi,185
2023-01-25,Thailand,Bang Kruai,1
2023-09-06,Thailand,Bang Kapi,2
2023-09-06,Thailand,Bang Khae,2
2023-09-06,Thailand,Ratchathewi,166
2023-02-24,Thailand,K. Ko Chang,1
2023-02-24,Thailand,Bang Lamung,3
2023-07-21,Thailand,Pak Chong,12
2023-07-21,Thailand,Bang Kho Laem,1
2023-05-01,Thailand,Pattaya,20
2023-05-01,Thailand,Pathum Wan,6
2023-09-08,Thailand,Phuket Island,45
2023-09-08,Thailand,Phaya Thai,7
2023-05-18,Thailand,Chatuchak,11
2023-11-07,Thailand,Bang Rak,24
2023-11-07,Thailand,Thon Buri,3
2023-11-07,Thailand,Muang Rayong,3
2023-11-07,Thailand,Mueang Krabi,30
2023-02-20,Thailand,Wattana,29
2023-02-20,Thailand,Muang Sukhothai,1
2023-05-04,Thailand,Samphantawong,1
2023-06-21,Thailand,Ratchathewi,156
2023-06-21,Thailand,Muang Nakhon Pathom,5
2023-06-21,Thailand,Ko Samui,2
2023-11-06,Thailand,Lak Si,1
2023-11-06,Thailand,Suan Luang,5
2023-11-06,Thailand,Phuttha Mon Thon,1
2023-06-24,Thailand,Pom Pram Sattru,2
2023-06-24,Thailand,Suan Luang,3
2023-01-27,Thailand,Ban Pong,1
2023-06-10,Thailand,Takua Pa,2
2023-01-12,Thailand,Muang Chiang Mai,4
2023-09-08,Thailand,Chatuchak,18
2023-09-08,Thailand,Sattahip,1
2023-07-31,Thailand,Bang Plad,8
2023-07-31,Thailand,Sai Yok,1
2023-07-30,Thailand,Pattaya,69
2023-05-03,Thailand,Bang Khun Thian,1
2023-11-08,Thailand,Ko Phangan,5
2023-02-17,Thailand,Khlong Toey,10
2023-02-17,Thailand,Huai Kwang,11
2023-02-17,Thailand,Muang Nonthaburi,4
2023-07-14,Thailand,Phaya Thai,5
2023-07-14,Thailand,Si Racha,6
2023-07-14,Thailand,Suan Luang,1
2023-10-23,Thailand,Si Racha,1
2023-10-23,Thailand,Bang Khae,1
2023-10-23,Thailand,Phra Nakhon,8
2023-06-07,Thailand,Muang Khon Kaen,1
2023-06-07,Thailand,Bang Lamung,5
2023-07-28,Thailand,Khlong San,1
2023-02-02,Thailand,Pathum Wan,11
2023-02-02,Thailand,Muang Kanchanaburi,1
2023-03-23,Thailand,Ratchathewi,79
2023-03-23,Thailand,Bang Kapi,3
2023-08-20,Thailand,Samphantawong,5
2023-01-09,Thailand,Khlong San,7
2023-01-09,Thailand,Bang Bo,2
2023-02-01,Thailand,Ko Samui,3
2023-02-01,Thailand,Wattana,7
2023-03-22,Thailand,Muang Satun,2
2023-03-22,Thailand,Aranyaprathet,1
2023-03-22,Thailand,Samphantawong,7
2023-06-06,Thailand,Muang Pathum Thani,1
2023-07-27,Thailand,Muang Surat Thani,5
2023-02-15,Thailand,Muang Kanchanaburi,1
2023-10-10,Thailand,Pathum Wan,12
2023-10-10,Thailand,Huai Kwang,4
2023-10-10,Thailand,Hua Hin,17
2023-02-05,Thailand,Din Dang,2
2023-08-23,Thailand,Hua Hin,20
2023-08-23,Thailand,Suan Luang,1
2023-03-26,Thailand,Phuttha Mon Thon,1
2023-02-19,Thailand,Wattana,25
2023-03-11,Thailand,Don Muang,2
2023-03-11,Thailand,Phra Nakhon,5
2023-03-11,Thailand,Bangkok Noi,1
2023-03-11,Thailand,Bang Plee,1
2023-07-16,Thailand,Muang Chiang Mai,18
2023-10-21,Thailand,Ratchathewi,126
2023-10-21,Thailand,Ban Chang,3
2023-10-21,Thailand,Dusit,1
2023-03-25,Thailand,Phuket Island,35
2023-03-25,Thailand,Muang Khon Kaen,1
2023-06-09,Thailand,Don Muang,1
2023-08-22,Thailand,Bang Rak,41
2023-07-15,Thailand,Muang Nonthaburi,5
2023-07-15,Thailand,Pak Chong,9
2023-02-18,Thailand,Hat Yai,1
2023-02-18,Thailand,Suan Luang,1
2023-02-18,Thailand,Lat Krabang,1
2023-07-15,Thailand,Sathorn,1
2023-03-10,Thailand,Phuket Island,57
2023-03-10,Thailand,Chatuchak,2
2023-06-08,Thailand,Samphantawong,1
2023-01-06,Thailand,Phaya Thai,2
2023-07-24,Thailand,Ko Phangan,2
2023-07-24,Thailand,Hat Yai,3
2023-07-24,Thailand,Thungkru,9
2023-06-03,Thailand,Muang Chiang Rai,2
2023-02-12,Thailand,Pathum Wan,4
2023-02-12,Thailand,Khlong Toey,10
2023-02-12,Thailand,Bang Rak,25
2023-01-05,Thailand,Bang Plad,2
2023-08-30,Thailand,Don Muang,1
2023-07-23,Thailand,Takua Pa,4
2023-01-19,Thailand,Muang Kanchanaburi,1
2023-06-16,Thailand,Lat Krabang,9
2023-05-09,Thailand,Phra Nakhon,4
2023-02-11,Thailand,Don Muang,1
2023-06-05,Thailand,Pathum Wan,8
2023-06-05,Thailand,Bang Kapi,1
2023-07-12,Thailand,Si Racha,5
2023-07-12,Thailand,Muang Samut Prakan,2
2023-07-26,Thailand,Muang Rayong,1
2023-07-26,Thailand,Phaya Thai,13
2023-06-19,Thailand,Pattaya,70
2023-06-19,Thailand,Cha-Am,4
2023-07-26,Thailand,Wang Thonglang,2
2023-02-14,Thailand,Ratchathewi,69
2023-02-14,Thailand,Hua Hin,3
2023-03-21,Thailand,Phuttha Mon Thon,1
2023-03-21,Thailand,Bang Rak,33
2023-03-21,Thailand,Don Muang,4
2023-06-04,Thailand,Muang Nakhon Pathom,1
2023-06-18,Thailand,Phuket Island,30
2023-06-18,Thailand,Pathum Wan,5
2023-07-25,Thailand,Khlong Toey,25
2023-07-25,Thailand,Mueang Krabi,18
2023-07-25,Thailand,Bang Rak,16
2023-07-25,Thailand,Huai Kwang,10
2023-07-25,Thailand,Si Racha,2
2023-07-25,Thailand,Khan Na Yao,1
2023-08-31,Thailand,Phuket Island,35
2023-08-01,Thailand,K. Bang Sao Thon,4
2023-09-22,Thailand,Wattana,12
2023-09-22,Thailand,Bang Khae,3
2023-10-03,Thailand,Pattaya,120
2023-03-04,Thailand,K. Ko Chang,1
2023-08-15,Thailand,Pattaya,70
2023-08-15,Thailand,Takua Pa,3
2023-05-31,Thailand,Muang Chon Buri,3
2023-05-31,Thailand,Pak Chong,4
2023-05-31,Thailand,Muang Nakhon Ratchasima,3
2023-05-31,Thailand,Lat Krabang,4
2023-07-08,Thailand,Phaya Thai,15
2023-07-08,Thailand,Suan Luang,2
2023-07-08,Thailand,Rat Burana,1
2023-03-03,Thailand,Chom Thong,1
2023-04-24,Thailand,Khlong San,16
2023-11-10,Thailand,Si Racha,2
2023-11-10,Thailand,Sathorn,3
2023-10-04,Thailand,Phuket Island,47
2023-10-04,Thailand,Ko Lanta,2
2023-03-17,Thailand,Pom Pram Sattru,1
2023-05-30,Thailand,Khlong San,10
2023-08-14,Thailand,Phuket Island,33
2023-08-28,Thailand,Pom Pram Sattru,2
2023-03-02,Thailand,Muang Chiang Rai,3
2023-10-19,Thailand,Bang Rak,31
2023-10-19,Thailand,Muang Samut Prakan,1
2023-04-23,Thailand,Mueang Krabi,1
2023-11-11,Thailand,Pattaya,94
2023-11-11,Thailand,Rat Burana,1
2023-11-11,Thailand,Ratchathewi,294
2023-10-29,Thailand,Pak Kret,1
2023-10-29,Thailand,Suan Luang,5
2023-04-27,Thailand,Huai Kwang,7
2023-03-06,Thailand,Pathum Wan,31
2023-03-06,Thailand,Muang Khon Kaen,5
2023-10-15,Thailand,Lam Luk Ka,4
2023-08-17,Thailand,Ko Phangan,2
2023-08-17,Thailand,Wang Thonglang,1
2023-08-17,Thailand,Takua Pa,7
2023-10-01,Thailand,Muang Phangnga,1
2023-11-22,Thailand,Pattaya,11
2023-09-24,Thailand,Mae Rim,1
2023-09-24,Thailand,Bang Lamung,24
2023-10-16,Thailand,Lat Krabang,6
2023-03-05,Thailand,Pathum Wan,25
2023-03-05,Thailand,Mae Rim,1
2023-03-05,Thailand,Sathorn,5
2023-03-05,Thailand,K. Ko Kut,1
2023-03-05,Thailand,Lat Krabang,2
2023-03-19,Thailand,Huai Kwang,2
2023-08-02,Thailand,Pattaya,55
2023-08-02,Thailand,Din Dang,6
2023-04-26,Thailand,Pathum Wan,15
2023-04-26,Thailand,Ko Phangan,1
2023-09-23,Thailand,K. Ko Chang,4
2023-09-23,Thailand,Muang Satun,10
2023-09-23,Thailand,Wang Thonglang,1
2023-07-09,Thailand,Pattaya,80
2023-10-27,Thailand,Hang Dong,1
2023-10-27,Thailand,Muang Chiang Mai,18
2023-04-11,Thailand,Muang Satun,1
2023-04-11,Thailand,Pathum Wan,15
2023-10-13,Thailand,Din Dang,5
2023-02-07,Thailand,Bangkok Noi,2
2023-08-11,Thailand,Pathum Wan,8
2023-08-11,Thailand,Cha-Am,22
2023-08-25,Thailand,Muang Satun,10
2023-08-25,Thailand,Sathorn,2
2023-03-28,Thailand,Pathum Wan,12
2023-03-28,Thailand,K. Bang Sao Thon,2
2023-07-18,Thailand,Wang Thonglang,1
2023-07-18,Thailand,Muang Kanchanaburi,1
2023-07-18,Thailand,K. Bang Sao Thon,2
2023-11-20,Thailand,Muang Kanchanaburi,1
2023-08-10,Thailand,Hat Yai,6
2023-08-10,Thailand,Dusit,2
2023-07-03,Thailand,Pattaya,58
2023-10-28,Thailand,Muang Satun,9
2023-10-28,Thailand,Mueang Krabi,46
2023-07-03,Thailand,Khlong San,5
2023-10-28,Thailand,Bang Plad,1
2023-10-14,Thailand,Ban Chang,1
2023-10-14,Thailand,Lat Krabang,3
2023-08-24,Thailand,Ratchathewi,133
2023-08-24,Thailand,Chatuchak,3
2023-08-24,Thailand,Bang Kapi,4
2023-07-17,Thailand,Huai Kwang,8
2023-11-21,Thailand,Suan Luang,4
2023-11-21,Thailand,Khlong Luang,2
2023-03-16,Thailand,Phaya Thai,5
2023-10-25,Thailand,Din Dang,8
2023-09-20,Thailand,Dusit,6
2023-09-20,Thailand,Bang Plee,1
2023-09-20,Thailand,Khlong San,12
2023-09-30,Thailand,Samphantawong,5
2023-02-09,Thailand,Lam Luk Ka,2
2023-02-09,Thailand,Muang Chiang Rai,5
2023-08-27,Thailand,Hat Yai,3
2023-08-27,Thailand,Pathum Wan,18
2023-08-13,Thailand,Muang Khon Kaen,1
2023-03-01,Thailand,Lat Krabang,2
2023-10-26,Thailand,Dusit,1
2023-10-26,Thailand,Hua Hin,14
2023-10-26,Thailand,Mae Rim,3
2023-10-26,Thailand,Phuttha Mon Thon,3
2023-07-06,Thailand,Chatuchak,25
2023-03-15,Thailand,Cha-Am,2
2023-08-12,Thailand,Samphantawong,2
2023-03-29,Thailand,Si Racha,3
2023-02-08,Thailand,Phaya Thai,10
2023-02-08,Thailand,Muang Khon Kaen,2
2023-10-12,Thailand,Wattana,15
2023-10-12,Thailand,Suan Luang,2
2023-07-19,Thailand,Ratchathewi,158
2023-07-19,Thailand,Thawi Wattana,1
2023-03-14,Thailand,Din Dang,1
2023-04-05,Thailand,Phra Khanong,8
2023-04-05,Thailand,Khlong Toey,26
2023-04-05,Thailand,Dusit,1
2023-11-04,Thailand,Muang Khon Kaen,1
2023-11-19,Thailand,Muang Khon Kaen,1
2023-08-09,Thailand,Muang Satun,12
2023-08-09,Thailand,Bang Kapi,3
2023-05-26,Thailand,Muang Pathum Thani,1
2023-05-11,Thailand,Khlong Hoi Kong,1
2023-05-11,Thailand,Suan Luang,1
2023-05-11,Thailand,Sathorn,1
2023-09-01,Thailand,Suan Luang,2
2023-05-25,Thailand,Cha-Am,1
2023-04-04,Thailand,Muang Buri Ram,1
2023-11-16,Thailand,Pathum Wan,10
2023-11-16,Thailand,Suan Luang,8
2023-11-05,Thailand,Ko Samui,7
2023-11-05,Thailand,N/A,1
2023-11-05,Thailand,San Sai,4
2023-05-10,Thailand,Mueang Krabi,3
2023-04-07,Thailand,Ko Phangan,1
2023-04-07,Thailand,Don Muang,1
2023-04-07,Thailand,Mueang Krabi,1
2023-08-08,Thailand,Lat Krabang,8
2023-08-08,Thailand,Din Dang,6
2023-08-08,Thailand,Muang Chon Buri,2
2023-08-08,Thailand,K. Bang Sao Thon,3
2023-11-02,Thailand,Thon Buri,1
2023-11-02,Thailand,Bang Kapi,3
2023-09-29,Thailand,Muang Chon Buri,1
2023-05-28,Thailand,Bang Rak,11
2023-09-04,Thailand,Lam Luk Ka,1
2023-09-04,Thailand,Wattana,19
2023-11-03,Thailand,Pak Kret,3
2023-11-03,Thailand,Khan Na Yao,2
2023-09-18,Thailand,Klaeng,1
2023-09-18,Thailand,Sathorn,1
2023-09-18,Thailand,Bang Lamung,30
2023-01-23,Thailand,Muang Chiang Mai,7
2023-11-17,Thailand,Ban Chang,1
2023-06-20,Thailand,Din Dang,1
2023-05-28,Thailand,Muang Satun,1
2023-05-13,Thailand,Bang Rak,15
2023-05-13,Thailand,Bang Kapi,1
2023-05-14,Thailand,Khlong San,2
2023-09-19,Thailand,Lak Si,1
2023-09-19,Thailand,Wattana,26
2023-05-27,Thailand,Phaya Thai,1
2023-05-27,Thailand,Wang Thonglang,3
2023-05-27,Thailand,Khan Na Yao,2
2023-09-03,Thailand,Chom Thong,1
2023-05-12,Thailand,Muang Rayong,1
2023-04-06,Thailand,Samphantawong,6
2023-10-07,Thailand,Don Muang,25
2023-04-29,Thailand,Takua Pa,2
2023-10-08,Thailand,Sattahip,1
2023-10-08,Thailand,K. Ko Chang,6
2023-04-14,Thailand,Pom Pram Sattru,1
2023-08-05,Thailand,Bang Plad,8
2023-05-20,Thailand,Bang Kruai,1
2023-04-28,Thailand,Khlong Hoi Kong,1
2023-04-28,Thailand,Samphantawong,3
2023-04-28,Thailand,Cha-Am,1
2023-09-12,Thailand,Lak Si,2
2023-09-12,Thailand,Bang Rak,52
2023-09-12,Thailand,Suan Luang,12
2023-09-12,Thailand,Muang Khon Kaen,1
2023-09-12,Thailand,Muang Chiang Rai,5
2023-03-07,Thailand,Ko Phangan,1
2023-08-04,Thailand,Lak Si,1
2023-08-18,Thailand,Khan Na Yao,4
2023-04-13,Thailand,Huai Kwang,1
2023-09-25,Thailand,Pak Kret,2
2023-09-25,Thailand,Wang Thonglang,1
2023-10-09,Thailand,Cha-Am,3
2023-09-14,Thailand,K. Ko Chang,4
2023-09-28,Thailand,Thai Muang,6
2023-11-13,Thailand,Phuttha Mon Thon,1
2023-10-06,Thailand,Dusit,3
2023-08-07,Thailand,Muang Surat Thani,1
2023-04-17,Thailand,Pattaya,38
2023-04-17,Thailand,Bang Kapi,2
2023-04-17,Thailand,Muang Khon Kaen,3
2023-04-17,Thailand,Bang Lamung,24
2023-09-14,Thailand,Don Muang,4
2023-05-24,Thailand,Pathum Wan,10
2023-05-24,Thailand,Sathorn,6
2023-04-16,Thailand,Suan Phung,1
2023-05-23,Thailand,Muang Nonthaburi,1
2023-01-30,Thailand,Pathum Wan,13
2023-04-03,Thailand,Aranyaprathet,1
2023-04-03,Thailand,Hua Hin,7
2023-09-27,Thailand,Bang Lamung,37
2023-10-05,Thailand,Cha-Am,8
2023-03-09,Thailand,Khlong Hoi Kong,1
2023-05-22,Thailand,Bang Kapi,2
2023-11-12,Thailand,Mae Rim,3
2023-11-12,Thailand,Bang Plee,3
2023-05-06,Thailand,Khlong Toey,15
2023-09-13,Thailand,Lat Krabang,6
2023-09-13,Thailand,Cha-Am,10
2023-09-13,Thailand,Chatuchak,17
2023-09-13,Thailand,Huai Kwang,3
2023-04-01,Thailand,Din Dang,1
2023-04-02,Thailand,Pak Chong,1
2023-04-02,Thailand,Muang Chiang Mai,5
2023-04-02,Thailand,Don Muang,1
2023-04-02,Thailand,Hua Hin,3
2023-06-27,Thailand,Phra Nakhon,2
2023-05-05,Thailand,Khlong San,11
2023-02-21,Thailand,Prawet,1
2023-02-21,Thailand,Bang Kapi,1
2023-06-01,Thailand,Khlong Toey,38
2023-06-01,Thailand,Samphantawong,1
2023-02-10,Thailand,Ratchathewi,103
2023-02-10,Thailand,Takua Pa,1
2023-01-29,Thailand,Muang Nonthaburi,2
2023-05-05,Thailand,Muang Nonthaburi,1
2023-07-22,Thailand,Pattaya,76
2023-07-22,Thailand,Bang Khen,1
2023-05-19,Thailand,Pathum Wan,10
2023-05-19,Thailand,K. Bang Sao Thon,9
2023-05-19,Thailand,Dusit,1
2023-01-14,Thailand,Khlong Toey,8
2023-01-02,Thailand,Wattana,9
2023-06-14,Thailand,Bang Lamung,24
2023-06-15,Thailand,Bang Rak,38
2023-06-15,Thailand,Pom Pram Sattru,1
2023-06-15,Thailand,Bang Plee,3
2023-06-26,Thailand,Muang Nonthaburi,1
2023-06-23,Thailand,Khlong Toey,14
2023-06-28,Thailand,Phaya Thai,11
2023-06-28,Thailand,Mueang Krabi,12
2023-06-28,Thailand,Lam Luk Ka,2
2023-06-28,Thailand,Muang Khon Kaen,3
2023-05-02,Thailand,Pathum Wan,7
2023-07-20,Thailand,Pathum Wan,15
2023-07-20,Thailand,Doi Saket,1
2023-01-03,Thailand,Muang Nonthaburi,3
2023-01-03,Thailand,Don Muang,1
2023-06-23,Thailand,Bang Plad,1
2023-11-09,Thailand,Din Dang,7
2023-11-09,Thailand,Mueang Krabi,38
2023-11-09,Thailand,Muang Rayong,1
2023-11-09,Thailand,Samphantawong,3
2023-09-09,Thailand,Muang Surat Thani,2
2023-09-09,Thailand,Bang Kho Laem,1
2023-05-16,Thailand,Phaya Thai,1
2023-05-29,Thailand,Phra Khanong,2
2023-09-05,Thailand,Wattana,26
2023-09-05,Thailand,Ko Phangan,2
2023-01-25,Thailand,Muang Nonthaburi,3
2023-09-06,Thailand,Muang Kanchanaburi,2
2023-02-24,Thailand,Phra Nakhon,7
2023-07-21,Thailand,Min Buri,2
2023-07-21,Thailand,Bang Plad,4
2023-01-11,Thailand,Samphantawong,1
2023-05-01,Thailand,Phuket Island,29
2023-01-28,Thailand,Phuttha Mon Thon,1
2023-01-28,Thailand,Lat Krabang,1
2023-05-18,Thailand,Bang Rak,21
2023-05-18,Thailand,Pak Chong,1
2023-05-18,Thailand,Din Dang,2
2023-06-22,Thailand,Bang Bua Thong,1
2023-11-07,Thailand,Muang Samut Prakan,1
2023-02-20,Thailand,Bang Bo,2
2023-06-21,Thailand,Mueang Krabi,13
2023-11-06,Thailand,Huai Kwang,7
2023-05-03,Thailand,Wattana,19
2023-06-10,Thailand,Bang Rak,40
2023-06-24,Thailand,Wattana,19
2023-06-24,Thailand,Thawi Wattana,1
2023-06-24,Thailand,Bang Lamung,20
2023-01-27,Thailand,Phuket Island,47
2023-06-10,Thailand,Khan Na Yao,2
2023-06-25,Thailand,Muang Chiang Rai,1
2023-06-25,Thailand,Thai Muang,1
2023-09-08,Thailand,Muang Chiang Rai,1
2023-07-31,Thailand,Phuket Island,36
2023-07-31,Thailand,Wang Chan,1
2023-09-07,Thailand,Huai Kwang,3
2023-11-08,Thailand,Hua Hin,8
2023-01-26,Thailand,Muang Nonthaburi,3
2023-08-21,Thailand,Wang Thonglang,1
2023-07-14,Thailand,Lam Luk Ka,1
2023-07-14,Thailand,Cha-Am,15
2023-07-14,Thailand,Bang Lamung,19
2023-04-30,Thailand,Pak Chong,1
2023-04-30,Thailand,Din Dang,2
2023-10-23,Thailand,Huai Kwang,4
2023-06-07,Thailand,Muang Chiang Mai,2
2023-07-28,Thailand,Hat Yai,7
2023-07-28,Thailand,Cha-Am,20
2023-08-20,Thailand,Don Muang,6
2023-08-20,Thailand,Ko Phangan,1
2023-02-16,Thailand,Khlong Hoi Kong,1
2023-02-16,Thailand,Sattahip,1
2023-02-16,Thailand,Bang Plee,1
2023-10-24,Thailand,Ban Chang,2
2023-10-24,Thailand,Pak Chong,3
2023-10-24,Thailand,Muang Nonthaburi,1
2023-07-13,Thailand,Wattana,35
2023-01-09,Thailand,Wattana,10
2023-01-09,Thailand,Min Buri,1
2023-02-01,Thailand,Phra Khanong,3
2023-03-22,Thailand,Khlong San,21
2023-06-06,Thailand,Phaya Thai,1
2023-07-27,Thailand,Huai Kwang,8
2023-02-15,Thailand,Pattaya,38
2023-02-15,Thailand,Yannawa,1
2023-10-10,Thailand,Khlong Toey,36
2023-10-10,Thailand,Ko Phangan,1
2023-10-10,Thailand,Rat Burana,1
2023-08-23,Thailand,Pattaya,73
2023-03-26,Thailand,Pattaya,72
2023-03-26,Thailand,Lat Phrao,1
2023-03-26,Thailand,Hua Hin,5
2023-02-19,Thailand,Doi Saket,1
2023-02-19,Thailand,Muang Nonthaburi,2
2023-03-11,Thailand,Samphantawong,1
2023-07-16,Thailand,Phuket Island,43
2023-07-16,Thailand,Pathum Wan,27
2023-07-16,Thailand,Hua Hin,13
2023-07-16,Thailand,Sai Yok,1
2023-02-04,Thailand,Prawet,2
2023-10-21,Thailand,Muang Chiang Rai,1
2023-03-25,Thailand,Ko Samui,1
2023-03-25,Thailand,Bang Rak,38
2023-06-09,Thailand,Bang Rak,25
2023-08-22,Thailand,Ratchathewi,150
2023-08-22,Thailand,Phra Khanong,4
2023-02-18,Thailand,Thawi Wattana,3
2023-07-15,Thailand,Pak Kret,2
2023-07-29,Thailand,Muang Sukhothai,1
2023-03-10,Thailand,Samphantawong,2
2023-03-10,Thailand,Phra Khanong,3
2023-03-24,Thailand,Cha-Am,5
2023-03-24,Thailand,Phra Khanong,4
2023-02-03,Thailand,Wattana,20
2023-02-03,Thailand,Samphantawong,3
2023-01-06,Thailand,Sattahip,1
2023-06-03,Thailand,Phra Nakhon,10
2023-02-12,Thailand,Thon Buri,2
2023-01-05,Thailand,Muang Nonthaburi,5
2023-02-26,Thailand,Ko Samui,3
2023-08-30,Thailand,Pattaya,119
2023-08-30,Thailand,Phuket Island,38
2023-07-23,Thailand,Phra Nakhon,8
2023-01-19,Thailand,Khlong San,4
2023-06-02,Thailand,Ratchathewi,129
2023-06-02,Thailand,Ko Samui,1
2023-05-09,Thailand,Bang Plad,1
2023-05-09,Thailand,Bang Kapi,3
2023-02-11,Thailand,Pai,1
2023-02-11,Thailand,Muang Chiang Mai,15
2023-02-11,Thailand,Phra Khanong,5
2023-10-20,Thailand,Muang Chiang Mai,36
2023-02-25,Thailand,Khlong San,6
2023-06-05,Thailand,Muang Rayong,2
2023-06-05,Thailand,Khan Na Yao,1
2023-07-12,Thailand,Bang Plee,14
2023-01-08,Thailand,Din Dang,1
2023-01-08,Thailand,Phuket Island,6
2023-06-19,Thailand,Khlong Toey,32
2023-06-19,Thailand,Mueang Krabi,14
2023-06-19,Thailand,Klaeng,1
2023-02-14,Thailand,Bang Rak,12
2023-03-21,Thailand,Phuket Island,31
2023-02-28,Thailand,Wattana,20
2023-02-28,Thailand,Pom Pram Sattru,1
2023-02-28,Thailand,Sathorn,2
2023-06-04,Thailand,Phra Nakhon,5
2023-01-07,Thailand,Pathum Wan,1
2023-07-11,Thailand,Chatuchak,51
2023-03-20,Thailand,Pom Pram Sattru,1
2023-07-10,Thailand,Wattana,38
2023-07-25,Thailand,Muang Satun,4
2023-02-13,Thailand,Bang Rak,21
2023-02-13,Thailand,Muang Chiang Rai,9
2023-08-31,Thailand,Aranyaprathet,1
2023-08-31,Thailand,Dusit,3
2023-04-25,Thailand,Don Muang,2
2023-04-25,Thailand,Pattaya,38
2023-10-17,Thailand,Muang Chiang Mai,32
2023-08-01,Thailand,Pattaya,41
2023-08-01,Thailand,Muang Chiang Mai,10
2023-09-22,Thailand,Pom Pram Sattru,1
2023-10-03,Thailand,Bang Na,1
2023-03-04,Thailand,Muang Khon Kaen,3
2023-03-03,Thailand,Wattana,53
2023-03-03,Thailand,Pathum Wan,22
2023-04-24,Thailand,Pak Kret,5
2023-09-21,Thailand,Khlong San,12
2023-10-04,Thailand,Koh Si Chang,1
2023-10-18,Thailand,Bang Kapi,76
2023-10-18,Thailand,Phra Nakhon,17
2023-05-30,Thailand,Phra Nakhon,1
2023-07-07,Thailand,Bang Plee,23
2023-03-02,Thailand,Bang Rak,44
2023-03-02,Thailand,Khlong San,37
2023-03-02,Thailand,Hua Hin,4
2023-09-10,Thailand,Pattaya,124
2023-09-10,Thailand,Bang Rak,69
2023-09-10,Thailand,Muang Satun,8
2023-10-19,Thailand,Dusit,2
2023-04-27,Thailand,Bangkok Noi,1
2023-04-27,Thailand,Chatuchak,1
2023-10-15,Thailand,Si Racha,1
2023-10-15,Thailand,Muang Kanchanaburi,3
2023-08-17,Thailand,Ratchathewi,170
2023-08-17,Thailand,Hat Yai,5
2023-10-01,Thailand,Chatuchak,14
2023-09-24,Thailand,Bang Rak,31
2023-09-24,Thailand,Bang Khae,3
2023-10-16,Thailand,Hat Yai,4
2023-10-16,Thailand,Si Racha,2
2023-04-12,Thailand,Wattana,37
2023-04-12,Thailand,Cha-Am,3
2023-04-26,Thailand,Prawet,1
2023-04-26,Thailand,Bang Lamung,1
2023-09-23,Thailand,Khlong Toey,23
2023-09-23,Thailand,Pom Pram Sattru,1
2023-08-16,Thailand,Suan Luang,2
2023-07-09,Thailand,Chom Thong,3
2023-07-09,Thailand,Bang Kapi,5
2023-07-09,Thailand,Lam Luk Ka,1
2023-07-09,Thailand,Pong Nam Ron,1
2023-07-09,Thailand,Thai Muang,1
2023-10-27,Thailand,N/A,1
2023-04-11,Thailand,Din Dang,1
2023-10-13,Thailand,Dusit,2
2023-02-07,Thailand,Sattahip,2
2023-02-07,Thailand,Ban Pong,1
2023-08-11,Thailand,Din Dang,4
2023-07-04,Thailand,Phaya Thai,15
2023-08-25,Thailand,Muang Surat Thani,1
2023-03-28,Thailand,Bang Lamung,35
2023-04-20,Thailand,Bang Kruai,1
2023-11-20,Thailand,Khlong Toey,38
2023-11-20,Thailand,Samphantawong,2
2023-11-20,Thailand,Muang Chai Nat,1
2023-02-06,Thailand,Muang Khon Kaen,2
2023-08-10,Thailand,Ratchathewi,164
2023-08-10,Thailand,Sattahip,3
2023-03-13,Thailand,Muang Buri Ram,1
2023-10-28,Thailand,Ban Chang,2
2023-10-28,Thailand,Muang Phitsanulok,1
2023-10-14,Thailand,Pak Chong,3
2023-10-14,Thailand,Muang Satun,7
2023-10-14,Thailand,Muang Chiang Mai,21
2023-08-24,Thailand,Bang Plee,1
2023-07-17,Thailand,Khlong Toey,49
2023-07-17,Thailand,Klaeng,2
2023-09-20,Thailand,Sadao,1
2023-09-20,Thailand,Si Racha,2
2023-09-20,Thailand,Mueang Krabi,51
2023-09-30,Thailand,Phaya Thai,2
2023-10-11,Thailand,Takua Pa,5
2023-02-09,Thailand,Bang Rak,23
2023-02-09,Thailand,Bang Na,1
2023-08-13,Thailand,Prawet,1
2023-07-06,Thailand,Ko Samui,3
2023-07-06,Thailand,Bang Bua Thong,1
2023-03-15,Thailand,Lak Si,1
2023-04-22,Thailand,Phuket Island,40
2023-04-22,Thailand,Phuttha Mon Thon,1
2023-03-29,Thailand,Pak Chong,1
2023-03-01,Thailand,Phra Khanong,3
2023-02-08,Thailand,Muang Nonthaburi,5
2023-08-26,Thailand,Phra Khanong,5
2023-08-26,Thailand,Aranyaprathet,1
2023-10-12,Thailand,Cha-Am,3
2023-10-12,Thailand,Bang Plad,2
2023-10-12,Thailand,K. Ko Chang,2
2023-10-12,Thailand,Koh Si Chang,2
2023-07-05,Thailand,Dusit,1
2023-04-05,Thailand,Samphantawong,6
2023-04-05,Thailand,Bangkok Noi,2
2023-11-04,Thailand,Bang Lamung,9
2023-09-02,Thailand,Wang Thonglang,5
2023-11-19,Thailand,Chatuchak,11
2023-11-19,Thailand,Khlong San,7
2023-11-19,Thailand,Phra Nakhon,16
2023-04-19,Thailand,Pattaya,124
2023-08-09,Thailand,Ratchathewi,206
2023-08-09,Thailand,Lat Phrao,3
2023-05-11,Thailand,Phra Khanong,2
2023-09-01,Thailand,Muang Chon Buri,4
2023-09-15,Thailand,Phaya Thai,4
2023-04-18,Thailand,Takua Pa,1
2023-09-29,Thailand,Phaya Thai,2
2023-09-29,Thailand,Takua Pa,8
2023-05-10,Thailand,Bang Rak,21
2023-05-10,Thailand,Phaya Thai,1
2023-05-10,Thailand,Muang Khon Kaen,1
2023-04-07,Thailand,Thawi Wattana,2
2023-11-02,Thailand,Muang Phangnga,2
2023-11-02,Thailand,Ko Yao District,2
2023-11-02,Thailand,Bang Bua Thong,1
2023-11-16,Thailand,Muang Satun,2
2023-09-04,Thailand,Mae Rim,2
2023-11-03,Thailand,Ban Chang,3
2023-11-17,Thailand,Amphawa,1
2023-11-17,Thailand,Wattana,12
2023-11-17,Thailand,Huai Kwang,9
2023-11-17,Thailand,Muang Ubon Ratchatani,1
2023-11-18,Thailand,Khlong San,8
2023-09-17,Thailand,Bang Lamung,42
2023-11-14,Thailand,Lat Phrao,1
2023-11-14,Thailand,Huai Kwang,7
2023-11-14,Thailand,Suan Luang,5
2023-10-07,Thailand,Muang Chiang Mai,13
2023-04-29,Thailand,Wattana,16
2023-03-08,Thailand,Pak Chong,3
2023-03-08,Thailand,Ko Samui,3
2023-05-21,Thailand,Khlong Toey,30
2023-05-21,Thailand,Samphantawong,2
2023-11-01,Thailand,Wattana,22
2023-08-19,Thailand,Ratchathewi,151
2023-09-26,Thailand,Bang Lamung,65
2023-09-26,Thailand,Khan Na Yao,1
2023-09-26,Thailand,Bang Kho Laem,2
2023-04-14,Thailand,Phra Nakhon,7
2023-01-31,Thailand,Bang Bo,2
2023-09-11,Thailand,Khlong Toey,26
2023-09-11,Thailand,Don Muang,1
2023-09-11,Thailand,Thawi Wattana,2
2023-04-29,Thailand,Pathum Wan,4
2023-05-20,Thailand,Bang Lamung,33
2023-05-20,Thailand,Khlong Luang,2
2023-04-28,Thailand,Pattaya,52
2023-11-15,Thailand,Pathum Wan,8
2023-03-07,Thailand,Bang Plee,4
2023-03-07,Thailand,Pak Chong,1
2023-08-04,Thailand,Pathum Wan,19
2023-08-04,Thailand,Mueang Krabi,17
2023-08-18,Thailand,Bang Khun Thian,2
2023-09-25,Thailand,Huai Kwang,4
2023-10-09,Thailand,Sathorn,1
2023-09-14,Thailand,Prawet,5
2023-09-28,Thailand,Pom Pram Sattru,1
2023-11-13,Thailand,Phuket Island,60
2023-11-13,Thailand,Khlong Luang,5
2023-11-13,Thailand,Samphantawong,3
2023-08-07,Thailand,Sikhiu,1
2023-08-07,Thailand,Lat Krabang,4
2023-08-07,Thailand,Phra Khanong,3
2023-08-07,Thailand,Hat Yai,1
2023-04-17,Thailand,Wattana,29
2023-09-14,Thailand,Muang Chon Buri,1
2023-05-24,Thailand,Bang Kapi,3
2023-05-24,Thailand,Phaya Thai,2
2023-05-24,Thailand,Takua Pa,1
2023-04-16,Thailand,Mueang Krabi,4
2023-04-16,Thailand,Huai Kwang,3
2023-05-23,Thailand,Bang Rak,35
2023-05-23,Thailand,Suan Luang,1
2023-05-23,Thailand,Muang Chiang Mai,2
2023-04-03,Thailand,Huai Kwang,16
2023-06-30,Thailand,Muang Nonthaburi,1
2023-06-30,Thailand,Phra Khanong,1
2023-09-27,Thailand,Mueang Krabi,38
2023-09-27,Thailand,Muang Rayong,1
2023-10-05,Thailand,Samphantawong,3
2023-06-13,Thailand,Pathum Wan,3
2023-06-13,Thailand,Muang Khon Kaen,7
2023-06-13,Thailand,Muang Nakhon Pathom,4
2023-03-09,Thailand,Phuket Island,46
2023-03-09,Thailand,Muang Nonthaburi,2
2023-11-12,Thailand,Bangkok Noi,1
2023-11-12,Thailand,Sattahip,1
2023-01-01,Thailand,Mueang Krabi,2
2023-02-22,Thailand,Lat Krabang,1
2023-08-06,Thailand,Phra Khanong,2
2023-04-16,Thailand,Sattahip,1
2023-09-13,Thailand,Pattaya,123
2023-04-01,Thailand,Pai,1
2023-04-01,Thailand,Phra Khanong,4
2023-05-22,Thailand,Ratchathewi,159
2023-05-22,Thailand,Pathum Wan,7
2023-06-27,Thailand,Pak Kret,1
2023-06-26,Thailand,Wang Thonglang,1
2023-06-26,Thailand,Muang Satun,1
2023-06-26,Thailand,Phra Khanong,6
2023-01-18,Thailand,Wattana,6
2023-06-01,Thailand,Khlong San,13
2023-06-01,Thailand,Khan Na Yao,1
2023-06-11,Thailand,Suan Luang,3
2023-10-30,Thailand,Muang Chiang Mai,29
2023-05-19,Thailand,Bang Rak,32
2023-07-22,Thailand,Muang Satun,5
2023-07-22,Thailand,Muang Kanchanaburi,1
2023-02-10,Thailand,Don Muang,1
2023-03-31,Thailand,Muang Chon Buri,1
2023-05-19,Thailand,Muang Khon Kaen,1
2023-05-19,Thailand,Bang Lamung,18
2023-05-19,Thailand,Hang Dong,1
2023-01-14,Thailand,Ratchathewi,65
2023-01-14,Thailand,Muang Kanchanaburi,1
2023-06-12,Thailand,Samphantawong,3
2023-06-12,Thailand,Bang Rak,28
2023-06-14,Thailand,Khan Na Yao,2
2023-06-15,Thailand,Bang Kruai,1
2023-06-23,Thailand,Wattana,17
2023-06-28,Thailand,Phuket Island,23
2023-05-02,Thailand,Muang Chiang Mai,5
2023-05-02,Thailand,Phra Khanong,4
2023-05-02,Thailand,Bang Lamung,1
2023-05-02,Thailand,Sathorn,2
2023-07-20,Thailand,Cha-Am,10
2023-05-07,Thailand,Takua Pa,6
2023-03-30,Thailand,Bang Rak,34
2023-03-30,Thailand,Pathum Wan,7
2023-02-23,Thailand,Khlong Hoi Kong,1
2023-02-23,Thailand,Don Muang,1
2023-01-03,Thailand,Muang Chiang Mai,6
2023-01-03,Thailand,Lam Luk Ka,2
2023-06-23,Thailand,Mueang Krabi,16
2023-06-23,Thailand,K. Bang Sao Thon,1
2023-04-08,Thailand,Wang Thonglang,1
2023-11-09,Thailand,Khlong San,12
2023-11-09,Thailand,Suan Luang,5
2023-01-24,Thailand,Muang Phangnga,2
2023-05-15,Thailand,Bang Rak,26
2023-05-15,Thailand,Muang Chiang Mai,3
2023-01-16,Thailand,Phuket Island,7
2023-01-16,Thailand,Lat Krabang,1
2023-05-29,Thailand,Si Racha,2
2023-01-25,Thailand,Khlong San,3
2023-09-06,Thailand,Pattaya,115
2023-09-06,Thailand,Rat Burana,1
2023-02-24,Thailand,Bang Khun Thian,1
2023-02-24,Thailand,Thon Buri,1
2023-07-21,Thailand,Samoeng,2
2023-01-11,Thailand,Khlong San,1
2023-05-01,Thailand,Pak Chong,3
2023-09-05,Thailand,Suan Luang,5
2023-09-05,Thailand,Muang Chiang Rai,5
2023-01-13,Thailand,Hat Yai,9
2023-01-13,Thailand,Din Dang,1
2023-01-13,Thailand,Muang Chiang Mai,4
2023-01-28,Thailand,Samphantawong,1
2023-05-18,Thailand,Bang Lamung,19
2023-05-18,Thailand,Muang Phitsanulok,1
2023-06-22,Thailand,Cha-Am,6
2023-11-07,Thailand,Bang Lamung,9
2023-11-07,Thailand,Lat Krabang,3
2023-11-07,Thailand,Muang Chiang Mai,19
2023-05-04,Thailand,Chatuchak,4
2023-11-06,Thailand,Phaya Thai,2
2023-11-06,Thailand,Muang Khon Kaen,1
2023-05-03,Thailand,Ratchathewi,112
2023-06-24,Thailand,Phra Nakhon,2
2023-01-27,Thailand,Thawi Wattana,1
2023-09-08,Thailand,Mae Rim,1
2023-07-31,Thailand,Khlong Hoi Kong,1
2023-07-31,Thailand,Bang Khae,5
2023-09-07,Thailand,Hat Yai,5
2023-09-07,Thailand,Bang Lamung,25
2023-07-30,Thailand,Thungkru,9
2023-07-30,Thailand,Samphantawong,1
2023-05-03,Thailand,Phaya Thai,2
2023-11-08,Thailand,Muang Nonthaburi,1
2023-01-26,Thailand,Chatuchak,1
2023-01-26,Thailand,Don Muang,2
2023-02-17,Thailand,Bang Kapi,2
2023-08-21,Thailand,Si Racha,1
2023-07-14,Thailand,Bang Plad,1
2023-07-14,Thailand,Rat Burana,1
2023-07-14,Thailand,Muang Chiang Rai,4
2023-07-28,Thailand,Mueang Krabi,21
2023-07-28,Thailand,Muang Samut Prakan,2
2023-02-02,Thailand,Lak Si,3
2023-02-02,Thailand,Din Dang,1
2023-02-02,Thailand,Wattana,13
2023-02-02,Thailand,Lat Krabang,1
2023-08-20,Thailand,San Sai,1
2023-02-16,Thailand,Bang Khae,1
2023-10-24,Thailand,Phra Nakhon,19
2023-07-13,Thailand,Huai Kwang,7
2023-07-13,Thailand,Sattahip,1
2023-01-09,Thailand,Bang Rak,6
2023-03-22,Thailand,K. Ko Chang,1
2023-07-27,Thailand,Muang Tak,2
2023-02-15,Thailand,Wattana,13
2023-10-10,Thailand,Pak Chong,4
2023-10-10,Thailand,Muang Chiang Mai,18
2023-02-05,Thailand,Muang Chiang Mai,6
2023-02-05,Thailand,Pak Kret,1
2023-08-23,Thailand,Muang Nakhon Nayok,1
2023-08-23,Thailand,Yannawa,1
2023-03-11,Thailand,Bang Rak,22
2023-07-16,Thailand,Lak Si,1
2023-07-16,Thailand,Muang Satun,8
2023-02-04,Thailand,Hua Hin,5
2023-02-04,Thailand,Muang Nonthaburi,3
2023-10-21,Thailand,Bang Plee,1
2023-03-25,Thailand,Pathum Wan,8
2023-06-09,Thailand,Hua Hin,9
2023-07-15,Thailand,Muang Rayong,1
2023-07-15,Thailand,Dusit,3
2023-02-18,Thailand,Phaya Thai,8
2023-10-22,Thailand,Mae Rim,3
2023-10-22,Thailand,Lat Krabang,3
2023-07-29,Thailand,Bang Rak,14
2023-07-29,Thailand,Wang Thonglang,3
2023-03-10,Thailand,Pattaya,88
2023-01-06,Thailand,Muang Nonthaburi,6
2023-01-06,Thailand,Hang Dong,1
2023-01-06,Thailand,Muang Satun,1
2023-07-24,Thailand,Wattana,12
2023-07-24,Thailand,Muang Rayong,2
2023-07-24,Thailand,Ko Samui,2
2023-06-03,Thailand,Muang Nakhon Pathom,3
2023-06-17,Thailand,Bang Lamung,16
2023-01-05,Thailand,Pathum Wan,3
2023-02-26,Thailand,Huai Kwang,4
2023-08-30,Thailand,Khlong Toey,39
2023-06-02,Thailand,Lam Luk Ka,1
2023-06-16,Thailand,Khlong Toey,19
2023-05-09,Thailand,Huai Kwang,9
2023-05-09,Thailand,Bang Plee,1
2023-02-11,Thailand,Muang Phitsanulok,1
2023-10-20,Thailand,Doi Saket,1
2023-10-20,Thailand,Muang Chon Buri,1
2023-10-20,Thailand,Muang Nakhon Ratchasima,1
2023-02-25,Thailand,Mueang Krabi,8
2023-01-04,Thailand,Wattana,10
2023-01-08,Thailand,Muang Nonthaburi,4
2023-07-26,Thailand,Ratchathewi,168
2023-07-26,Thailand,Prawet,1
2023-06-19,Thailand,Muang Chiang Mai,5
2023-06-19,Thailand,Takua Pa,1
2023-07-26,Thailand,Suan Luang,1
2023-02-14,Thailand,Huai Kwang,8
2023-03-21,Thailand,Muang Chiang Mai,4
2023-02-28,Thailand,Muang Satun,5
2023-01-07,Thailand,Khlong San,10
2023-07-11,Thailand,Muang Chiang Rai,1
2023-06-18,Thailand,Din Dang,3
2023-07-10,Thailand,Phra Nakhon,10
2023-07-25,Thailand,Wang Chan,1
2023-07-25,Thailand,Lam Luk Ka,3
2023-02-13,Thailand,Bang Lamung,31
2023-08-31,Thailand,Don Muang,1
2023-08-31,Thailand,Muang Chiang Mai,13
2023-08-31,Thailand,Suan Luang,2
2023-08-31,Thailand,Cha-Am,9
2023-08-31,Thailand,Muang Songkhla,1
2023-08-31,Thailand,Bang Khae,10
2023-04-25,Thailand,Bang Khen,1
2023-04-25,Thailand,Muang Khon Kaen,3
2023-04-25,Thailand,Muang Nonthaburi,2
2023-04-25,Thailand,Chatuchak,4
2023-10-17,Thailand,Hua Hin,11
2023-08-01,Thailand,Wang Chan,1
2023-08-01,Thailand,Phra Nakhon,8
2023-03-04,Thailand,Min Buri,1
2023-10-03,Thailand,Pak Chong,1
2023-10-03,Thailand,Thai Muang,1
2023-08-15,Thailand,Lat Krabang,7
2023-08-29,Thailand,Samphantawong,3
2023-08-29,Thailand,Khlong San,8
2023-03-03,Thailand,Hua Hin,8
2023-03-03,Thailand,Suan Luang,1
2023-04-10,Thailand,Lat Phrao,1
2023-04-10,Thailand,K. Ko Chang,1
2023-04-24,Thailand,Pattaya,37
2023-11-10,Thailand,Dusit,6
2023-11-10,Thailand,Bang Khae,3
2023-10-04,Thailand,Wang Thonglang,3
2023-03-17,Thailand,Hat Yai,6
2023-05-30,Thailand,Pathum Wan,17
2023-07-07,Thailand,Phra Nakhon,12
2023-08-14,Thailand,Pathum Wan,12
2023-08-14,Thailand,Bang Kho Laem,1
2023-03-02,Thailand,Sattahip,5
2023-09-10,Thailand,Muang Chiang Mai,15
2023-09-10,Thailand,Khlong Luang,1
2023-10-19,Thailand,Bang Kapi,33
2023-10-19,Thailand,Khan Na Yao,2
2023-04-23,Thailand,Phaya Thai,6
2023-04-23,Thailand,Prawet,1
2023-04-23,Thailand,Muang Khon Kaen,2
2023-10-29,Thailand,Rat Burana,1
2023-08-03,Thailand,Takua Pa,5
2023-08-17,Thailand,Pak Kret,2
2023-08-17,Thailand,Wang Chan,1
2023-08-17,Thailand,Phra Khanong,3
2023-10-01,Thailand,Wattana,21
2023-10-01,Thailand,Muang Pathum Thani,2
2023-09-24,Thailand,Dusit,3
2023-09-24,Thailand,Ko Samui,2
2023-09-24,Thailand,Ko Phangan,2
2023-09-24,Thailand,Muang Rayong,1
2023-09-24,Thailand,Phuket Island,31
2023-09-24,Thailand,Muang Surat Thani,2
2023-10-16,Thailand,Pathum Wan,3
2023-10-02,Thailand,Chatuchak,7
2023-10-02,Thailand,Lat Phrao,4
2023-10-02,Thailand,Ratchathewi,209
2023-10-02,Thailand,Muang Chon Buri,1
2023-08-02,Thailand,Si Racha,1
2023-08-02,Thailand,Muang Samut Prakan,2
2023-09-23,Thailand,Huai Kwang,2
2023-08-16,Thailand,Muang Chon Buri,1
2023-07-09,Thailand,Phaya Thai,17
2023-10-27,Thailand,Muang Kanchanaburi,1
2023-04-11,Thailand,Khlong Toey,22
2023-10-13,Thailand,Bangkok Noi,3
2023-10-13,Thailand,Prawet,1
2023-10-13,Thailand,Bang Plee,1
2023-02-07,Thailand,Muang Chiang Mai,9
2023-08-11,Thailand,Muang Khon Kaen,1
2023-07-04,Thailand,Ko Phangan,1
2023-04-20,Thailand,Sattahip,1
2023-04-20,Thailand,Khlong Luang,4
2023-07-18,Thailand,Samphantawong,1
2023-07-18,Thailand,Mae Sot,1
2023-07-18,Thailand,Klaeng,4
2023-11-20,Thailand,Suan Luang,5
2023-11-20,Thailand,Thai Muang,4
2023-11-20,Thailand,Bang Lamung,14
2023-03-27,Thailand,Muang Rayong,4
2023-02-06,Thailand,Muang Chiang Mai,5
2023-10-28,Thailand,Phra Khanong,4
2023-07-03,Thailand,Pak Chong,1
2023-10-14,Thailand,Ko Yao District,1
2023-10-14,Thailand,Muang Kanchanaburi,1
2023-08-24,Thailand,Lat Phrao,4
2023-07-17,Thailand,Phra Nakhon,10
2023-03-12,Thailand,Samphantawong,5
2023-11-21,Thailand,Huai Kwang,2
2023-11-21,Thailand,Bang Saphan,1
2023-10-25,Thailand,Chatuchak,12
2023-10-25,Thailand,Bang Bua Thong,1
2023-10-11,Thailand,Muang Kanchanaburi,8
2023-10-11,Thailand,Suan Phung,2
2023-02-09,Thailand,Muang Rayong,1
2023-08-13,Thailand,Wattana,24
2023-10-26,Thailand,Wang Thonglang,1
2023-03-15,Thailand,Don Muang,1
2023-08-12,Thailand,Lak Si,1
2023-08-12,Thailand,Sattahip,1
2023-04-22,Thailand,Chatuchak,1
2023-03-29,Thailand,Hat Yai,1
2023-08-26,Thailand,Chatuchak,6
2023-08-26,Thailand,Wang Num Khiaw,1
2023-04-21,Thailand,Wattana,26
2023-10-12,Thailand,K. Bang Sao Thon,10
2023-07-19,Thailand,Bangkok Noi,1
2023-07-05,Thailand,Si Racha,2
2023-11-19,Thailand,Muang Kanchanaburi,2
2023-01-21,Thailand,Muang Chiang Mai,6
2023-01-21,Thailand,Muang Satun,1
2023-09-16,Thailand,Khlong Toey,19
2023-09-16,Thailand,Lak Si,1
2023-09-16,Thailand,Sathorn,2
2023-08-09,Thailand,Khan Na Yao,2
2023-05-26,Thailand,Phaya Thai,4
2023-05-26,Thailand,Prawet,1
2023-05-26,Thailand,Sai Yok,1
2023-05-11,Thailand,Lat Krabang,2
2023-05-25,Thailand,Hat Yai,6
2023-04-04,Thailand,Pak Chong,1
2023-04-04,Thailand,Bang Rak,38
2023-04-04,Thailand,Muang Nonthaburi,5
2023-09-15,Thailand,Don Muang,4
2023-09-15,Thailand,Mueang Krabi,47
2023-04-18,Thailand,K. Bang Sao Thon,2
2023-11-16,Thailand,Wang Chan,1
2023-11-05,Thailand,Khlong Toey,27
2023-11-05,Thailand,Muang Kanchanaburi,2
2023-11-05,Thailand,Thawi Wattana,2
2023-11-05,Thailand,Don Muang,5
2023-11-05,Thailand,Bang Bua Thong,2
2023-05-10,Thailand,Bang Plad,3
2023-11-02,Thailand,Muang Nonthaburi,5
2023-11-02,Thailand,Khlong Luang,1
2023-11-02,Thailand,Bang Saphan,1
2023-09-04,Thailand,Pak Chong,6
2023-09-18,Thailand,Ko Lanta,1
2023-09-18,Thailand,Thawi Wattana,1
2023-11-17,Thailand,Ko Lanta,5
2023-09-17,Thailand,Khlong Toey,18
2023-05-28,Thailand,Muang Lampang,1
2023-05-14,Thailand,Hua Hin,2
2023-09-19,Thailand,Pattaya,133
2023-09-19,Thailand,Bang Rak,31
2023-05-27,Thailand,Thawi Wattana,1
2023-05-27,Thailand,Hua Hin,3
2023-05-27,Thailand,Khlong Luang,1
2023-09-03,Thailand,Bang Rak,56
2023-09-03,Thailand,Muang Kanchanaburi,2
2023-09-03,Thailand,Ko Samui,1
2023-05-12,Thailand,Bang Lamung,59
2023-11-14,Thailand,Bang Kapi,5
2023-11-14,Thailand,Ko Phangan,5
2023-04-06,Thailand,Lak Si,1
2023-10-07,Thailand,Bang Plee,1
2023-10-07,Thailand,Suan Luang,4
2023-10-07,Thailand,Phuket Island,37
2023-04-29,Thailand,Phra Nakhon,5
2023-04-29,Thailand,Phaya Thai,6
2023-01-31,Thailand,Pran Buri,1
2023-08-19,Thailand,Koh Si Chang,1
2023-08-19,Thailand,Muang Chiang Rai,5
2023-08-19,Thailand,Muang Pathum Thani,1
2023-08-19,Thailand,K. Bang Sao Thon,2
2023-08-05,Thailand,Hua Hin,12
2023-10-08,Thailand,Thon Buri,5
2023-04-14,Thailand,Chatuchak,4
2023-04-14,Thailand,Hua Hin,7
2023-08-05,Thailand,Sikhiu,1
2023-08-05,Thailand,Khlong San,6
2023-09-11,Thailand,Lat Phrao,4
2023-09-11,Thailand,Sathorn,1
2023-05-20,Thailand,Lam Luk Ka,2
2023-05-20,Thailand,Bang Na,1
2023-04-28,Thailand,Muang Nakhon Ratchasima,3
2023-11-15,Thailand,Khlong Luang,1
2023-03-07,Thailand,Pattaya,69
2023-08-04,Thailand,Muang Satun,4
2023-08-04,Thailand,Cha-Am,5
2023-08-18,Thailand,Phuket Island,37
2023-08-18,Thailand,Suan Luang,5
2023-04-13,Thailand,Pak Chong,2
2023-10-09,Thailand,Hua Hin,20
2023-09-14,Thailand,Bang Plad,6
2023-09-14,Thailand,Muang Satun,7
2023-09-28,Thailand,Pak Kret,2
2023-09-28,Thailand,Bang Kapi,6
2023-09-28,Thailand,Ratchathewi,172
2023-09-28,Thailand,Khlong Luang,1
2023-09-28,Thailand,K. Bang Sao Thon,6
2023-11-13,Thailand,Thawi Wattana,6
2023-11-13,Thailand,K. Bang Sao Thon,2
2023-10-06,Thailand,Hat Yai,4
2023-10-06,Thailand,Phra Nakhon,8
2023-08-07,Thailand,Pattaya,74
2023-08-07,Thailand,Muang Satun,2
2023-05-24,Thailand,Lat Krabang,2
2023-05-24,Thailand,Thon Buri,2
2023-01-30,Thailand,Phuttha Mon Thon,1
2023-04-03,Thailand,Pathum Wan,7
2023-06-30,Thailand,Hua Hin,6
2023-06-30,Thailand,Pak Kret,1
2023-09-27,Thailand,Khlong San,23
2023-09-27,Thailand,Thai Muang,1
2023-10-05,Thailand,Pathum Wan,11
2023-10-05,Thailand,K. Bang Sao Thon,3
2023-06-13,Thailand,Pattaya,74
2023-06-13,Thailand,Bang Lamung,26
2023-06-13,Thailand,Khlong Luang,1
2023-11-12,Thailand,Khlong San,12
2023-11-12,Thailand,Bang Kapi,3
2023-05-06,Thailand,Pathum Wan,7
2023-09-13,Thailand,Lak Si,1
2023-04-02,Thailand,Khlong Luang,1
2023-06-27,Thailand,Ko Yao District,1
2023-06-27,Thailand,Don Muang,2
2023-06-26,Thailand,Lat Krabang,6
2023-06-26,Thailand,Cha-Am,7
2023-05-05,Thailand,Bang Rak,15
2023-05-05,Thailand,Muang Chiang Mai,2
2023-06-01,Thailand,Wang Thonglang,2
2023-06-11,Thailand,Bang Plad,4
2023-06-11,Thailand,Chatuchak,2
2023-06-11,Thailand,Bang Rak,49
2023-01-29,Thailand,Phuket Island,43
2023-07-22,Thailand,K. Bang Sao Thon,1
2023-03-31,Thailand,Ratchathewi,128
2023-03-31,Thailand,Khlong Toey,28
2023-03-31,Thailand,Wang Thonglang,1
2023-05-08,Thailand,Din Dang,1
2023-05-08,Thailand,Hat Yai,3
2023-05-08,Thailand,Muang Nonthaburi,1
2023-01-14,Thailand,Bang Bo,1
2023-01-14,Thailand,K. Bang Sao Thon,3
2023-01-17,Thailand,Don Muang,2
2023-01-02,Thailand,Muang Nonthaburi,2
2023-06-12,Thailand,Bang Lamung,18
2023-06-12,Thailand,K. Bang Sao Thon,1
2023-06-14,Thailand,Phuket Island,36
2023-06-14,Thailand,Muang Songkhla,1
2023-06-15,Thailand,Lat Krabang,3
2023-06-15,Thailand,Pathum Wan,14
2023-04-09,Thailand,Phra Khanong,15
2023-06-28,Thailand,Phra Nakhon,3
2023-06-28,Thailand,Suan Luang,3
2023-05-02,Thailand,Khlong Toey,13
2023-05-02,Thailand,Mueang Krabi,6
2023-03-30,Thailand,Khlong San,18
2023-01-03,Thailand,Sattahip,1
2023-01-03,Thailand,Bang Kapi,1
2023-11-09,Thailand,K. Bang Sao Thon,3
2023-05-15,Thailand,Bang Plad,1
2023-09-09,Thailand,Bang Rak,71
2023-01-16,Thailand,Bang Rak,14
2023-05-29,Thailand,Bang Plad,1
2023-09-06,Thailand,Hua Hin,19
2023-09-06,Thailand,Bang Rak,71
2023-09-06,Thailand,Phra Khanong,13
2023-07-21,Thailand,Ratchathewi,205
2023-05-01,Thailand,Din Dang,2
2023-05-01,Thailand,Muang Khon Kaen,1
2023-05-01,Thailand,Lat Krabang,1
2023-09-05,Thailand,Bangkok Noi,1
2023-09-05,Thailand,Suan Phung,1
2023-01-13,Thailand,K. Bang Sao Thon,9
2023-09-08,Thailand,Hat Yai,5
2023-05-18,Thailand,Muang Satun,1
2023-05-18,Thailand,Huai Kwang,11
2023-06-22,Thailand,Muang Chiang Mai,11
2023-06-22,Thailand,Aranyaprathet,2
2023-06-22,Thailand,Mueang Krabi,15
2023-11-07,Thailand,Ko Samui,7
2023-02-20,Thailand,Thawi Wattana,1
2023-05-04,Thailand,Koh Si Chang,1
2023-06-21,Thailand,Pathum Wan,9
2023-11-06,Thailand,Ko Samui,5
2023-11-06,Thailand,Phra Khanong,6
2023-11-06,Thailand,Pathum Wan,12
2023-06-24,Thailand,K. Bang Sao Thon,2
2023-01-26,Thailand,Sadao,1
2023-06-25,Thailand,Phuttha Mon Thon,1
2023-05-17,Thailand,Pathum Wan,6
2023-09-08,Thailand,Lat Krabang,3
2023-09-08,Thailand,Khan Na Yao,1
2023-09-07,Thailand,Pathum Wan,11
2023-09-07,Thailand,Prawet,2
2023-07-30,Thailand,Prawet,1
2023-07-30,Thailand,Huai Kwang,4
2023-11-08,Thailand,Bang Rak,50
2023-11-08,Thailand,Bang Lamung,3
2023-02-17,Thailand,Phra Nakhon,6
2023-08-21,Thailand,Samphantawong,4
2023-07-14,Thailand,Hua Hin,12
2023-04-30,Thailand,Prawet,1
2023-04-30,Thailand,Koh Si Chang,1
2023-10-23,Thailand,Bangkok Noi,1
2023-06-07,Thailand,Muang Songkhla,1
2023-07-28,Thailand,Samoeng,1
2023-02-02,Thailand,Hat Yai,5
2023-08-20,Thailand,Pak Chong,4
2023-02-16,Thailand,Pathum Wan,15
2023-02-16,Thailand,Cha-Am,1
2023-10-24,Thailand,Phuket Island,59
2023-10-24,Thailand,Hat Yai,5
2023-10-24,Thailand,Huai Kwang,3
2023-10-24,Thailand,K. Bang Sao Thon,4
2023-07-13,Thailand,Phra Nakhon,16
2023-01-09,Thailand,Phra Nakhon,3
2023-02-01,Thailand,Muang Chiang Mai,3
2023-02-01,Thailand,K. Bang Sao Thon,4
2023-03-22,Thailand,Phaya Thai,5
2023-03-22,Thailand,Si Racha,3
2023-07-27,Thailand,Muang Satun,6
2023-07-27,Thailand,Thungkru,6
2023-02-05,Thailand,Chatuchak,1
2023-08-23,Thailand,Sathorn,2
2023-07-02,Thailand,Bang Rak,30
2023-07-02,Thailand,Ratchathewi,96
2023-03-26,Thailand,Bang Lamung,17
2023-03-11,Thailand,Muang Khon Kaen,6
2023-07-16,Thailand,Ko Phangan,1
2023-02-04,Thailand,Ratchathewi,60
2023-06-09,Thailand,Phra Nakhon,6
2023-06-09,Thailand,Thon Buri,2
2023-08-22,Thailand,Muang Chon Buri,1
2023-07-15,Thailand,Pathum Wan,13
2023-02-18,Thailand,Muang Nonthaburi,3
2023-02-18,Thailand,Bang Lamung,2
2023-07-01,Thailand,Chatuchak,7
2023-07-01,Thailand,Thawi Wattana,1
2023-07-01,Thailand,Muang Khon Kaen,2
2023-07-01,Thailand,Bang Bua Thong,1
2023-10-22,Thailand,Bang Rak,20
2023-10-22,Thailand,Huai Kwang,2
2023-07-29,Thailand,Bang Kho Laem,1
2023-07-29,Thailand,Chatuchak,24
2023-07-29,Thailand,Phimai,1
2023-03-10,Thailand,Ko Phangan,3
2023-06-08,Thailand,Pathum Wan,4
2023-02-27,Thailand,Ratchathewi,94
2023-02-12,Thailand,Bang Lamung,30
2023-01-05,Thailand,Chatuchak,3
2023-02-26,Thailand,Yannawa,1
2023-08-30,Thailand,Bang Rak,43
2023-08-30,Thailand,Muang Rayong,1
2023-08-30,Thailand,Muang Nakhon Ratchasima,2
2023-01-19,Thailand,Bang Lamung,16
2023-06-02,Thailand,Wattana,26
2023-06-02,Thailand,Bang Plad,1
2023-06-02,Thailand,Thawi Wattana,1
2023-06-02,Thailand,Khlong San,11
2023-06-16,Thailand,Phuttha Mon Thon,1
2023-06-16,Thailand,Koh Si Chang,2
2023-02-11,Thailand,Pathum Wan,7
2023-10-20,Thailand,Dusit,6
2023-10-20,Thailand,Bang Plee,7
2023-10-20,Thailand,Pak Chong,8
2023-02-25,Thailand,Cha-Am,3
2023-07-12,Thailand,Muang Chon Buri,4
2023-07-12,Thailand,Bangkok Noi,1
2023-06-05,Thailand,Phaya Thai,6
2023-06-05,Thailand,Khlong Toey,17
2023-01-04,Thailand,Khlong San,10
2023-07-12,Thailand,Mae Rim,1
2023-07-12,Thailand,Wang Thonglang,2
2023-01-08,Thailand,Samphantawong,2
2023-06-19,Thailand,Muang Khon Kaen,7
2023-07-26,Thailand,Muang Chiang Rai,4
2023-10-31,Thailand,Pattaya,145
2023-03-21,Thailand,Khan Na Yao,1
2023-02-28,Thailand,K. Sam Roi Yot,1
2023-02-28,Thailand,Muang Nonthaburi,1
2023-02-28,Thailand,Pak Kret,1
2023-06-04,Thailand,Ratchathewi,120
2023-03-20,Thailand,Lat Krabang,1
2023-03-20,Thailand,Bang Plee,1
2023-06-18,Thailand,Hua Hin,3
2023-07-10,Thailand,Khlong Toey,42
2023-08-31,Thailand,Thon Buri,2
2023-10-17,Thailand,Thai Muang,2
2023-10-17,Thailand,Muang Satun,9
2023-08-01,Thailand,Muang Nonthaburi,1
2023-09-22,Thailand,Mueang Krabi,19
2023-10-03,Thailand,Bang Plad,1
2023-03-04,Thailand,Bangkok Noi,1
2023-10-03,Thailand,Muang Ubon Ratchatani,2
2023-03-18,Thailand,Pak Chong,1
2023-08-15,Thailand,Ratchathewi,145
2023-08-15,Thailand,Don Muang,4
2023-08-15,Thailand,Phra Khanong,4
2023-03-03,Thailand,Phra Khanong,3
2023-07-08,Thailand,Muang Khon Kaen,11
2023-09-21,Thailand,Klaeng,1
2023-09-21,Thailand,Thon Buri,1
2023-09-21,Thailand,Phaya Thai,6
2023-10-04,Thailand,K. Ko Chang,4
2023-10-04,Thailand,Muang Phangnga,2
2023-03-17,Thailand,Phuket Island,20
2023-10-18,Thailand,Sadao,3
2023-10-18,Thailand,Hua Hin,26
2023-10-18,Thailand,Khlong San,14
2023-08-14,Thailand,Bang Lamung,28
2023-08-28,Thailand,Bang Rak,48
2023-09-10,Thailand,Muang Chon Buri,1
2023-09-10,Thailand,Doi Saket,1
2023-10-19,Thailand,Muang Songkhla,1
2023-04-23,Thailand,Muang Chon Buri,1
2023-11-11,Thailand,Mae Sot,1
2023-11-11,Thailand,Muang Khon Kaen,3
2023-08-17,Thailand,Wattana,33
2023-08-17,Thailand,Khlong Hoi Kong,1
2023-10-01,Thailand,Bang Khae,1
2023-10-01,Thailand,Bang Lamung,29
2023-10-01,Thailand,Bang Saphan,1
2023-10-01,Thailand,Phra Nakhon,13
2023-11-22,Thailand,Ko Samui,1
2023-09-24,Thailand,Takua Pa,3
2023-09-24,Thailand,Muang Chiang Mai,11
2023-09-24,Thailand,Muang Kanchanaburi,1
2023-03-05,Thailand,Bang Rak,38
2023-04-12,Thailand,Lat Krabang,1
2023-04-12,Thailand,K. Bang Sao Thon,3
2023-04-12,Thailand,Sattahip,1
2023-10-02,Thailand,Bang Kho Laem,1
2023-08-02,Thailand,Min Buri,5
2023-08-02,Thailand,Mae Rim,1
2023-09-23,Thailand,Muang Chon Buri,1
2023-08-16,Thailand,Bang Rak,46
2023-07-09,Thailand,Pathum Wan,4
2023-07-09,Thailand,Hua Hin,7
2023-10-13,Thailand,Muang Chiang Rai,1
2023-02-07,Thailand,Muang Nakhon Phanom,1
2023-02-07,Thailand,Takua Pa,1
2023-08-11,Thailand,Mae Taeng,1
2023-08-11,Thailand,Muang Kanchanaburi,1
2023-08-25,Thailand,Phuket Island,41
2023-08-25,Thailand,Bang Khun Thian,3
2023-03-28,Thailand,Bang Rak,29
2023-03-28,Thailand,Sathorn,1
2023-02-06,Thailand,Bang Lamung,1
2023-02-06,Thailand,Bang Bo,3
2023-02-06,Thailand,Bang Kapi,2
2023-02-06,Thailand,Thon Buri,1
2023-08-10,Thailand,Phuket Island,33
2023-08-10,Thailand,Muang Phitsanulok,1
2023-07-03,Thailand,Wattana,23
2023-07-03,Thailand,Lam Luk Ka,5
2023-08-24,Thailand,Bang Khun Thian,1
2023-08-24,Thailand,Huai Kwang,8
2023-08-24,Thailand,Muang Rayong,1
2023-07-17,Thailand,Hat Yai,11
2023-07-17,Thailand,Bang Plee,28
2023-03-12,Thailand,Phaya Thai,7
2023-03-12,Thailand,Phra Khanong,1
2023-11-21,Thailand,Bang Khae,5
2023-11-21,Thailand,Don Muang,3
2023-11-21,Thailand,K. Bang Sao Thon,2
2023-10-25,Thailand,Lak Si,1
2023-10-25,Thailand,Thon Buri,1
2023-10-25,Thailand,Thap Sakae,1
2023-10-25,Thailand,Muang Chiang Mai,34
2023-09-20,Thailand,Pak Kret,3
2023-09-20,Thailand,Ko Phangan,1
2023-09-20,Thailand,Suan Phung,1
2023-10-11,Thailand,Muang Ubon Ratchatani,5
2023-10-11,Thailand,Muang Satun,2
2023-08-13,Thailand,Khlong San,3
2023-10-26,Thailand,Muang Nakhon Ratchasima,2
2023-03-15,Thailand,Huai Kwang,8
2023-08-12,Thailand,Khlong Hoi Kong,1
2023-04-22,Thailand,Hua Hin,10
2023-03-29,Thailand,Bang Rak,41
2023-02-08,Thailand,Thawi Wattana,2
2023-02-08,Thailand,Bang Bo,3
2023-08-26,Thailand,Lat Krabang,6
2023-08-26,Thailand,Thon Buri,1
2023-08-26,Thailand,Mae Rim,1
2023-07-19,Thailand,Phuket Island,42
2023-07-19,Thailand,Muang Chon Buri,2
2023-07-19,Thailand,Hua Hin,16
2023-07-19,Thailand,Muang Nonthaburi,2
2023-03-14,Thailand,Muang Chiang Mai,3
2023-03-14,Thailand,Huai Kwang,2
2023-03-14,Thailand,Muang Chiang Rai,2
2023-04-05,Thailand,Bang Lamung,24
2023-11-04,Thailand,Takua Pa,4
2023-09-02,Thailand,Don Muang,4
2023-09-02,Thailand,Phimai,1
2023-11-19,Thailand,Pattaya,98
2023-11-19,Thailand,Lat Phrao,3
2023-11-19,Thailand,Pathum Wan,3
2023-09-16,Thailand,Bangkok Noi,2
2023-09-16,Thailand,Pathum Wan,10
2023-09-16,Thailand,Cha-Am,7
2023-09-16,Thailand,K. Bang Sao Thon,7
2023-09-16,Thailand,San Sai,1
2023-08-09,Thailand,Muang Khon Kaen,5
2023-08-09,Thailand,Khlong San,6
2023-05-26,Thailand,Ko Samui,3
2023-05-25,Thailand,Sathorn,3
2023-09-01,Thailand,Lak Si,1
2023-04-04,Thailand,Pattaya,67
2023-09-15,Thailand,Phra Nakhon,16
2023-09-15,Thailand,Bang Plee,3
2023-09-15,Thailand,Lam Luk Ka,2
2023-04-18,Thailand,Phra Nakhon,6
2023-04-18,Thailand,Klaeng,1
2023-11-16,Thailand,Pak Kret,1
2023-09-29,Thailand,Ratchathewi,167
2023-09-29,Thailand,Bang Khae,1
2023-11-05,Thailand,Muang Khon Kaen,1
2023-05-10,Thailand,Pattaya,55
2023-05-10,Thailand,Pathum Wan,10
2023-05-10,Thailand,Lat Krabang,1
2023-04-07,Thailand,Muang Phangnga,2
2023-04-07,Thailand,Hua Hin,4
2023-11-02,Thailand,Khan Na Yao,1
2023-11-02,Thailand,Khlong Toey,35
2023-11-02,Thailand,Ban Chang,1
2023-09-04,Thailand,Khlong San,12
2023-09-04,Thailand,Ko Lanta,1
2023-11-03,Thailand,Sathorn,6
2023-11-03,Thailand,Suan Phung,2
2023-11-03,Thailand,Muang Songkhla,1
2023-11-03,Thailand,Muang Ubon Ratchatani,6
2023-09-18,Thailand,N/A,1
2023-09-18,Thailand,Khlong Luang,1
2023-11-17,Thailand,Mae Rim,20
2023-11-17,Thailand,Muang Satun,2
2023-11-17,Thailand,Muang Chon Buri,1
2023-11-17,Thailand,Muang Samut Prakan,3
2023-01-22,Thailand,Phuket Island,13
2023-09-17,Thailand,Muang Satun,8
2023-09-19,Thailand,Si Racha,1
2023-09-19,Thailand,Pathum Wan,23
2023-05-27,Thailand,N/A,1
2023-05-27,Thailand,Phra Nakhon,4
2023-05-27,Thailand,Khlong San,8
2023-05-27,Thailand,Bang Lamung,19
2023-09-03,Thailand,Pak Chong,1
2023-05-12,Thailand,Don Muang,2
2023-05-12,Thailand,Klaeng,2
2023-11-14,Thailand,Khan Na Yao,1
2023-11-14,Thailand,Bang Khun Thian,1
2023-11-14,Thailand,Muang Nakhon Nayok,1
2023-04-15,Thailand,Muang Kanchanaburi,1
2023-04-06,Thailand,Huai Kwang,15
2023-10-07,Thailand,Muang Ubon Ratchatani,2
2023-04-29,Thailand,Samphantawong,3
2023-04-29,Thailand,Bang Rak,30
2023-03-08,Thailand,Phra Nakhon,4
2023-03-08,Thailand,Don Muang,4
2023-01-31,Thailand,Huai Kwang,6
2023-11-01,Thailand,Hua Hin,10
2023-11-01,Thailand,Ban Chang,2
2023-11-01,Thailand,Pak Kret,1
2023-08-19,Thailand,Lat Krabang,10
2023-05-12,Thailand,Bang Plad,1
2023-04-14,Thailand,Mueang Krabi,11
2023-04-14,Thailand,Bang Lamung,15
2023-04-14,Thailand,Phra Nakhon Si Ayutthaya,1
2023-08-05,Thailand,Muang Nonthaburi,1
2023-01-31,Thailand,Muang Nonthaburi,3
2023-09-11,Thailand,Muang Chiang Mai,9
2023-04-28,Thailand,Chatuchak,2
2023-11-15,Thailand,Pattaya,124
2023-11-15,Thailand,Phuttha Mon Thon,1
2023-03-07,Thailand,Hua Hin,7
2023-08-04,Thailand,Sattahip,5
2023-08-04,Thailand,Khlong Luang,1
2023-08-18,Thailand,Muang Chiang Mai,8
2023-08-18,Thailand,Thawi Wattana,2
2023-08-18,Thailand,Sattahip,3
2023-09-25,Thailand,Phra Khanong,13
2023-06-30,Thailand,Khlong Toey,20
2023-09-28,Thailand,Thon Buri,1
2023-11-13,Thailand,Wattana,18
2023-04-17,Thailand,Bang Rak,18
2023-04-17,Thailand,Phra Khanong,7
2023-09-14,Thailand,Pak Chong,3
2023-09-14,Thailand,Takua Pa,4
2023-04-16,Thailand,Pathum Wan,4
2023-10-06,Thailand,Lat Krabang,5
2023-01-30,Thailand,Khlong San,2
2023-04-03,Thailand,Don Muang,1
2023-09-27,Thailand,Lat Phrao,2
2023-09-27,Thailand,Muang Samut Prakan,1
2023-10-05,Thailand,Lat Phrao,5
2023-10-05,Thailand,Muang Satun,6
2023-10-05,Thailand,Phra Nakhon,8
2023-10-05,Thailand,Wang Thonglang,3
2023-06-13,Thailand,Muang Chon Buri,1
2023-06-13,Thailand,Sathorn,6
2023-06-13,Thailand,Khlong San,9
2023-08-06,Thailand,Suan Phung,2
2023-08-06,Thailand,Bang Khae,1
2023-05-06,Thailand,Ko Phangan,1
2023-09-13,Thailand,Bangkok Noi,1
2023-05-22,Thailand,Din Dang,3
2023-05-22,Thailand,Muang Khon Kaen,1
2023-04-02,Thailand,Phra Nakhon,9
2023-06-27,Thailand,Yannawa,1
2023-06-26,Thailand,Pattaya,48
2023-05-05,Thailand,Muang Buri Ram,1
2023-05-05,Thailand,Huai Kwang,10
2023-01-18,Thailand,Bang Nam Prieo,1
2023-06-01,Thailand,Pak Kret,3
2023-06-11,Thailand,K. Bang Sao Thon,4
2023-10-30,Thailand,Sattahip,2
2023-01-29,Thailand,Prawet,1
2023-05-19,Thailand,Huai Kwang,11
2023-07-22,Thailand,Bang Kapi,4
2023-06-29,Thailand,Sattahip,1
2023-01-14,Thailand,Muang Chiang Mai,4
2023-01-14,Thailand,Pathum Wan,8
2023-01-15,Thailand,Khlong Toey,2
2023-01-02,Thailand,Pathum Wan,4
2023-06-14,Thailand,Kaeng Krachan,1
2023-06-15,Thailand,Chatuchak,8
2023-04-09,Thailand,Lat Krabang,1
2023-06-28,Thailand,Bang Lamung,1
2023-07-20,Thailand,Phra Khanong,4
2023-07-20,Thailand,Huai Kwang,7
2023-07-20,Thailand,Sathorn,1
2023-07-20,Thailand,Muang Samut Prakan,1
2023-03-30,Thailand,Phra Khanong,5
2023-03-30,Thailand,Huai Kwang,9
2023-02-23,Thailand,K. Bang Sao Thon,1
2023-01-03,Thailand,Muang Chiang Rai,1
2023-11-09,Thailand,Hat Yai,5
2023-11-09,Thailand,Ko Phangan,7
2023-01-24,Thailand,Muang Khon Kaen,3
2023-01-24,Thailand,Muang Nonthaburi,5
2023-01-24,Thailand,Phra Khanong,1
2023-05-15,Thailand,Mueang Krabi,9
2023-09-09,Thailand,Suan Luang,4
2023-09-09,Thailand,Ko Phangan,1
2023-05-16,Thailand,Pathum Wan,10
2023-05-16,Thailand,Muang Khon Kaen,1
2023-01-16,Thailand,Hat Yai,9
2023-01-16,Thailand,Wattana,10
2023-05-29,Thailand,Khlong Toey,39
2023-05-15,Thailand,Ko Phangan,1
2023-09-06,Thailand,Si Racha,1
2023-09-06,Thailand,Bang Plad,6
2023-09-06,Thailand,Thawi Wattana,1
2023-02-24,Thailand,Phaya Thai,10
2023-07-21,Thailand,Si Racha,1
2023-07-21,Thailand,Muang Rayong,1
2023-01-28,Thailand,Lak Si,2
2023-06-22,Thailand,Khlong Toey,17
2023-06-22,Thailand,Muang Khon Kaen,3
2023-11-07,Thailand,Suan Luang,11
2023-11-07,Thailand,K. Bang Sao Thon,4
2023-11-07,Thailand,Phuttha Mon Thon,1
2023-02-20,Thailand,Khlong Toey,8
2023-02-20,Thailand,Cha-Am,2
2023-06-21,Thailand,Wattana,34
2023-06-21,Thailand,Hua Hin,6
2023-11-06,Thailand,Sadao,1
2023-11-06,Thailand,Ratchathewi,220
2023-06-24,Thailand,Muang Rayong,1
2023-01-27,Thailand,Bang Lamung,14
2023-01-12,Thailand,Wattana,15
2023-01-12,Thailand,Pathum Wan,12
2023-05-17,Thailand,Phra Nakhon,11
2023-09-08,Thailand,Muang Kanchanaburi,1
2023-07-31,Thailand,Khlong Toey,21
2023-07-30,Thailand,Phuket Island,38
2023-07-30,Thailand,Chatuchak,17
2023-11-08,Thailand,Mae Sot,1
2023-11-08,Thailand,Samphantawong,3
2023-01-26,Thailand,Bang Na,1
2023-02-17,Thailand,Lat Phrao,1
2023-02-17,Thailand,Ko Phangan,1
2023-02-17,Thailand,Bang Plee,1
2023-08-21,Thailand,Muang Khon Kaen,3
2023-07-14,Thailand,Wattana,27
2023-10-23,Thailand,Hat Yai,2
2023-06-07,Thailand,Si Racha,2
2023-06-07,Thailand,Bang Na,2
2023-07-28,Thailand,Muang Chiang Rai,4
2023-07-28,Thailand,Prawet,3
2023-07-28,Thailand,Muang Chumphon,2
2023-03-23,Thailand,Khlong Luang,1
2023-08-20,Thailand,Pom Pram Sattru,1
2023-10-24,Thailand,San Sai,1
2023-10-24,Thailand,Bang Plee,1
2023-07-13,Thailand,Chom Thong,3
2023-07-13,Thailand,Bang Rak,29
2023-07-13,Thailand,Phra Khanong,5
2023-07-13,Thailand,Bang Saphan,2
2023-01-09,Thailand,Prawet,1
2023-02-01,Thailand,Wang Thonglang,1
2023-03-22,Thailand,Muang Nonthaburi,2
2023-07-27,Thailand,Cha-Am,23
2023-07-27,Thailand,Muang Kanchanaburi,1
2023-02-15,Thailand,Pai,1
2023-10-10,Thailand,Phaya Thai,3
2023-08-23,Thailand,Don Muang,2
2023-08-23,Thailand,Muang Chiang Mai,4
2023-08-23,Thailand,Hat Yai,3
2023-08-23,Thailand,Huai Kwang,12
2023-07-02,Thailand,Mueang Krabi,19
2023-07-02,Thailand,K. Bang Sao Thon,3
2023-03-26,Thailand,Sawankhalok,1
2023-02-19,Thailand,Bang Plad,1
2023-02-19,Thailand,Huai Kwang,5
2023-02-19,Thailand,Don Muang,1
2023-03-11,Thailand,K. Ko Kut,1
2023-02-04,Thailand,Bang Rak,21
2023-03-25,Thailand,Phaya Thai,7
2023-03-25,Thailand,Pom Pram Sattru,1
2023-08-22,Thailand,Pak Chong,2
2023-07-15,Thailand,Hat Yai,8
2023-02-18,Thailand,Pathum Wan,25
2023-02-18,Thailand,Pak Kret,1
2023-07-01,Thailand,Pattaya,51
2023-07-01,Thailand,Don Muang,6
2023-07-01,Thailand,Bang Plad,1
2023-10-22,Thailand,Ban Chang,1
2023-03-10,Thailand,Suan Luang,1
2023-03-24,Thailand,Aranyaprathet,1
2023-02-03,Thailand,Hat Yai,2
2023-02-03,Thailand,Sattahip,2
2023-02-03,Thailand,Bang Khae,1
2023-07-24,Thailand,Pak Chong,7
2023-07-24,Thailand,Lam Luk Ka,2
2023-02-12,Thailand,Phaya Thai,4
2023-06-17,Thailand,Muang Chiang Mai,2
2023-08-30,Thailand,Takua Pa,5
2023-07-23,Thailand,Wattana,20
2023-06-02,Thailand,Khan Na Yao,2
2023-05-09,Thailand,Yannawa,2
2023-02-11,Thailand,Khlong Toey,5
2023-02-11,Thailand,Suan Luang,1
2023-10-20,Thailand,Mueang Krabi,50
2023-07-12,Thailand,Bang Khae,5
2023-06-05,Thailand,Chatuchak,2
2023-06-05,Thailand,Yannawa,1
2023-06-05,Thailand,Muang Nakhon Pathom,4
2023-01-04,Thailand,Huai Kwang,2
2023-07-12,Thailand,Takua Pa,9
2023-07-12,Thailand,K. Bang Sao Thon,2
2023-01-08,Thailand,Ratchathewi,52
2023-07-26,Thailand,Muang Satun,11
2023-06-19,Thailand,Samphantawong,2
2023-10-31,Thailand,Din Dang,8
2023-10-31,Thailand,Phra Khanong,5
2023-02-28,Thailand,Pathum Wan,24
2023-06-04,Thailand,Khlong Toey,17
2023-01-07,Thailand,Mueang Krabi,3
2023-07-11,Thailand,Min Buri,1
2023-07-11,Thailand,Pak Chong,1
2023-07-11,Thailand,Khlong San,5
2023-03-20,Thailand,Muang Chon Buri,1
2023-03-20,Thailand,Muang Rayong,1
2023-07-25,Thailand,Muang Chiang Mai,8
2023-07-25,Thailand,Koh Si Chang,2
2023-07-25,Thailand,Muang Chai Nat,1
2023-02-13,Thailand,Khlong San,8
2023-10-17,Thailand,Wattana,16
2023-10-17,Thailand,Lat Krabang,3
2023-08-01,Thailand,Phaya Thai,12
2023-08-01,Thailand,Muang Surat Thani,2
2023-08-01,Thailand,Rat Burana,1
2023-08-01,Thailand,Huai Kwang,6
2023-08-01,Thailand,Bang Saphan,1
2023-09-22,Thailand,Lak Si,1
2023-09-22,Thailand,Muang Chiang Mai,11
2023-10-03,Thailand,Khlong Toey,41
2023-03-18,Thailand,Sadao,1
2023-03-18,Thailand,Khlong Toey,15
2023-03-18,Thailand,Thon Buri,1
2023-08-15,Thailand,Chatuchak,20
2023-08-15,Thailand,Hua Hin,9
2023-08-15,Thailand,Din Dang,10
2023-08-15,Thailand,Sathorn,4
2023-08-29,Thailand,Takua Pa,3
2023-03-03,Thailand,Muang Khon Kaen,3
2023-03-03,Thailand,Khlong Toey,52
2023-05-31,Thailand,Bangkok Noi,1
2023-05-31,Thailand,Muang Nakhon Pathom,3
2023-07-08,Thailand,Samphantawong,2
2023-07-08,Thailand,Bang Plee,16
2023-04-24,Thailand,Muang Chiang Rai,3
2023-11-10,Thailand,Lat Krabang,2
2023-11-10,Thailand,Ban Chang,2
2023-10-04,Thailand,Ko Phangan,1
2023-03-17,Thailand,Ko Phangan,2
2023-10-18,Thailand,Sathorn,2
2023-10-18,Thailand,Bang Khae,1
2023-10-18,Thailand,Koh Si Chang,1
2023-10-18,Thailand,Bang Kho Laem,3
2023-05-30,Thailand,Sathorn,4
2023-07-07,Thailand,Bang Plad,6
2023-07-07,Thailand,Thungkru,5
2023-07-07,Thailand,Muang Samut Prakan,3
2023-08-14,Thailand,Ratchathewi,165
2023-08-14,Thailand,Muang Chon Buri,2
2023-08-28,Thailand,Chiang Dao,1
2023-03-02,Thailand,Cha-Am,15
2023-09-10,Thailand,Sikhiu,1
2023-10-19,Thailand,Ban Chang,5
2023-10-19,Thailand,Ko Yao District,1
2023-10-19,Thailand,Muang Khon Kaen,1
2023-04-23,Thailand,Muang Chiang Rai,2
2023-11-11,Thailand,Khlong San,13
2023-10-29,Thailand,Hua Hin,18
2023-10-29,Thailand,Ko Samui,2
2023-10-29,Thailand,Phra Khanong,3
2023-10-29,Thailand,Phuttha Mon Thon,4
2023-04-27,Thailand,Khlong Toey,13
2023-04-27,Thailand,K. Bang Sao Thon,1
2023-04-27,Thailand,Phaya Thai,1
2023-03-06,Thailand,Khlong Toey,36
2023-10-01,Thailand,Muang Songkhla,1
2023-10-16,Thailand,Wattana,13
2023-10-16,Thailand,Bang Plad,1
2023-03-05,Thailand,Muang Chiang Mai,5
2023-10-02,Thailand,Wattana,27
2023-08-16,Thailand,Bang Khen,1
2023-08-16,Thailand,Khlong San,7
2023-10-27,Thailand,Takua Pa,1
2023-10-27,Thailand,Muang Chiang Rai,3
2023-10-27,Thailand,Muang Nonthaburi,4
2023-04-11,Thailand,Bangkok Noi,1
2023-04-11,Thailand,Muang Kanchanaburi,1
2023-10-13,Thailand,Hat Yai,6
2023-10-13,Thailand,Ko Lanta,3
2023-02-07,Thailand,Hua Hin,8
2023-02-07,Thailand,K. Bang Sao Thon,2
2023-08-25,Thailand,Ratchathewi,148
2023-08-25,Thailand,Huai Kwang,6
2023-08-25,Thailand,Takua Pa,7
2023-03-28,Thailand,Muang Rayong,1
2023-04-20,Thailand,Muang Chiang Rai,7
2023-04-20,Thailand,Pom Pram Sattru,2
2023-11-20,Thailand,Bangkok Noi,1
2023-03-27,Thailand,Din Dang,1
2023-08-10,Thailand,Bang Khae,4
2023-08-10,Thailand,Khlong Luang,1
2023-03-13,Thailand,Muang Chon Buri,1
2023-07-03,Thailand,Bang Kapi,1
2023-10-14,Thailand,Si Racha,1
2023-07-17,Thailand,Muang Rayong,1
2023-07-17,Thailand,Muang Chiang Mai,22
2023-07-17,Thailand,Bang Lamung,33
2023-03-12,Thailand,Ratchathewi,98
2023-11-21,Thailand,Khlong Toey,31
2023-10-25,Thailand,Sattahip,1
2023-09-20,Thailand,Wattana,25
2023-09-20,Thailand,Samphantawong,6
2023-09-20,Thailand,Muang Chiang Mai,13
2023-09-30,Thailand,Huai Kwang,6
2023-10-11,Thailand,Bang Bo,2
2023-10-11,Thailand,Khan Na Yao,2
2023-02-09,Thailand,Phaya Thai,7
2023-02-09,Thailand,Pattaya,51
2023-08-27,Thailand,Muang Nonthaburi,1
2023-08-13,Thailand,Muang Phangnga,1
2023-08-13,Thailand,Hat Yai,3
2023-03-01,Thailand,Thon Buri,1
2023-10-26,Thailand,Muang Satun,7
2023-10-26,Thailand,Khlong Luang,1
2023-10-26,Thailand,Thawi Wattana,1
2023-07-06,Thailand,Takua Pa,7
2023-07-06,Thailand,Thungkru,4
2023-03-15,Thailand,Bang Rak,28
2023-08-12,Thailand,Pattaya,70
2023-08-12,Thailand,Huai Kwang,3
2023-08-12,Thailand,Ko Lanta,2
2023-03-01,Thailand,Lak Si,1
2023-03-01,Thailand,Bang Plee,3
2023-08-26,Thailand,Khlong Toey,24
2023-04-21,Thailand,Hat Yai,7
2023-04-21,Thailand,Sattahip,1
2023-10-12,Thailand,Phra Khanong,4
2023-10-12,Thailand,Khlong Toey,23
2023-04-05,Thailand,Huai Kwang,14
2023-04-05,Thailand,Ko Phangan,3
2023-04-05,Thailand,Pathum Wan,33
2023-04-05,Thailand,Pom Pram Sattru,1
2023-11-04,Thailand,Don Muang,5
2023-11-04,Thailand,Phra Khanong,3
2023-11-04,Thailand,Huai Kwang,6
2023-09-02,Thailand,Bang Khae,2
2023-11-19,Thailand,Bang Rak,28
2023-11-19,Thailand,Huai Kwang,7
2023-09-16,Thailand,Bang Plad,6
2023-09-16,Thailand,Phuket Island,36
2023-05-11,Thailand,Khlong San,10
2023-05-11,Thailand,Muang Chiang Mai,3
2023-09-01,Thailand,Muang Khon Kaen,2
2023-09-01,Thailand,Din Dang,1
2023-05-25,Thailand,Khan Na Yao,1
2023-01-20,Thailand,Wattana,16
2023-04-18,Thailand,Phuket Island,24
2023-09-29,Thailand,Pom Pram Sattru,2
2023-09-29,Thailand,Koh Si Chang,1
2023-09-29,Thailand,Muang Chiang Rai,3
2023-11-05,Thailand,Suan Luang,9
2023-11-05,Thailand,Dusit,1
2023-11-05,Thailand,Wang Thonglang,2
2023-05-10,Thailand,Dusit,1
2023-04-07,Thailand,Takua Pa,2
2023-08-08,Thailand,Bang Bo,1
2023-11-02,Thailand,Lat Krabang,3
2023-11-16,Thailand,Dusit,3
2023-05-28,Thailand,Bang Plad,1
2023-06-20,Thailand,Khlong Toey,15
2023-09-04,Thailand,Lak Si,1
2023-11-03,Thailand,Bang Kapi,7
2023-11-03,Thailand,Samphantawong,6
2023-09-18,Thailand,Huai Kwang,4
2023-09-18,Thailand,Sawankhalok,1
2023-09-18,Thailand,Phuket Island,34
2023-09-18,Thailand,Phuttha Mon Thon,1
2023-11-17,Thailand,Bang Kho Laem,1
2023-06-20,Thailand,Muang Nonthaburi,3
2023-11-18,Thailand,Pathum Wan,10
2023-11-18,Thailand,Phuttha Mon Thon,1
2023-09-17,Thailand,Khan Na Yao,2
2023-05-13,Thailand,Yannawa,1
2023-05-13,Thailand,Muang Chiang Mai,2
2023-09-19,Thailand,Prawet,4
2023-09-19,Thailand,K. Ko Chang,1
2023-05-12,Thailand,Muang Chon Buri,1
2023-05-12,Thailand,Mueang Krabi,7
2023-11-14,Thailand,Khlong Toey,50
2023-11-14,Thailand,Muang Rayong,1
2023-04-15,Thailand,Muang Khon Kaen,5
2023-04-15,Thailand,Hua Hin,2
2023-10-07,Thailand,Muang Rayong,2
2023-03-08,Thailand,Khlong San,14
2023-05-21,Thailand,Khlong San,3
2023-11-01,Thailand,Khlong San,26
2023-08-19,Thailand,Phaya Thai,10
2023-08-19,Thailand,Phuket Island,39
2023-05-12,Thailand,Pathum Wan,1
2023-05-12,Thailand,Bang Kapi,1
2023-08-05,Thailand,Phra Nakhon,6
2023-10-08,Thailand,Si Racha,1
2023-10-08,Thailand,Suan Phung,1
2023-09-26,Thailand,Hat Yai,2
2023-09-26,Thailand,Bang Rak,34
2023-09-26,Thailand,Lat Phrao,4
2023-09-26,Thailand,Bangkok Noi,1
2023-09-26,Thailand,Khlong Luang,2
2023-08-05,Thailand,Bang Lamung,27
2023-01-31,Thailand,Khlong San,3
2023-09-11,Thailand,Hat Yai,9
2023-09-11,Thailand,Hua Hin,14
2023-09-11,Thailand,K. Ko Chang,1
2023-04-28,Thailand,Si Racha,1
2023-04-28,Thailand,Prawet,1
2023-11-15,Thailand,Muang Chiang Mai,26
2023-11-15,Thailand,Muang Kanchanaburi,4
2023-03-07,Thailand,Phuket Island,60
2023-08-18,Thailand,Mueang Krabi,30
2023-09-25,Thailand,K. Ko Chang,2
2023-09-25,Thailand,Muang Chiang Rai,1
2023-06-30,Thailand,Khlong San,9
2023-10-09,Thailand,Pak Chong,3
2023-10-09,Thailand,Khlong Toey,26
2023-10-09,Thailand,Muang Chiang Mai,21
2023-09-28,Thailand,Khlong Toey,31
2023-11-13,Thailand,Din Dang,7
2023-08-07,Thailand,Bang Plad,8
2023-04-17,Thailand,Din Dang,3
2023-05-23,Thailand,Ratchathewi,144
2023-05-23,Thailand,Lat Krabang,5
2023-05-23,Thailand,Cha-Am,4
2023-04-03,Thailand,Bang Na,1
2023-09-27,Thailand,Bang Kapi,1
2023-09-27,Thailand,K. Ko Chang,4
2023-10-05,Thailand,Dusit,2
2023-10-05,Thailand,Khan Na Yao,4
2023-10-05,Thailand,K. Wiang Nong Long,1
2023-04-01,Thailand,Muang Chon Buri,1
2023-01-01,Thailand,Yannawa,1
2023-08-06,Thailand,Muang Chiang Mai,7
2023-08-06,Thailand,Muang Chon Buri,2
2023-09-13,Thailand,Bang Khae,5
2023-09-13,Thailand,Bang Khen,1
2023-04-01,Thailand,Mueang Krabi,4
2023-06-27,Thailand,Aranyaprathet,1
2023-06-26,Thailand,Pak Kret,1
2023-06-26,Thailand,Don Muang,1
2023-02-21,Thailand,Din Dang,1
2023-10-30,Thailand,Pak Chong,4
2023-01-29,Thailand,Bang Kapi,2
2023-01-29,Thailand,Sattahip,3
2023-07-22,Thailand,Cha-Am,11
2023-02-10,Thailand,Si Racha,1
2023-06-29,Thailand,Din Dang,1
2023-05-08,Thailand,Phra Nakhon,5
2023-01-14,Thailand,Hat Yai,7
2023-01-17,Thailand,Muang Khon Kaen,1
2023-01-02,Thailand,Bang Lamung,15
2023-06-12,Thailand,Phra Khanong,16
2023-06-14,Thailand,Muang Khon Kaen,6
2023-06-14,Thailand,Bang Kapi,2
2023-06-14,Thailand,Khlong Luang,1
2023-06-15,Thailand,Cha-Am,9
2023-06-15,Thailand,Chom Thong,1
2023-06-15,Thailand,Bangkok Noi,1
2023-04-09,Thailand,K. Bang Sao Thon,3
2023-02-23,Thailand,Hua Hin,11
2023-11-09,Thailand,Yannawa,2
2023-11-09,Thailand,Bang Plee,2
2023-11-09,Thailand,Wang Thonglang,1
2023-01-24,Thailand,Lam Luk Ka,1
2023-05-15,Thailand,Phuket Island,31
2023-01-10,Thailand,Phra Nakhon,1
2023-09-05,Thailand,Lak Si,2
2023-09-06,Thailand,Takua Pa,4
2023-09-06,Thailand,Muang Satun,12
2023-09-05,Thailand,Lat Phrao,4
2023-01-28,Thailand,Muang Khon Kaen,5
2023-05-18,Thailand,Lat Krabang,1
2023-05-18,Thailand,Pathum Wan,3
2023-06-22,Thailand,Hat Yai,2
2023-11-07,Thailand,San Sai,2
2023-06-10,Thailand,Samphantawong,1
2023-06-24,Thailand,Dusit,2
2023-01-27,Thailand,Phaya Thai,3
2023-01-27,Thailand,Ko Samui,1
2023-01-26,Thailand,Bang Lamung,9
2023-06-25,Thailand,Khlong Toey,14
2023-09-08,Thailand,Muang Khon Kaen,6
2023-07-31,Thailand,Mueang Krabi,14
2023-07-31,Thailand,Hua Hin,16
2023-07-31,Thailand,Pak Chong,6
2023-07-30,Thailand,Hat Yai,5
2023-07-30,Thailand,Bang Kapi,2
2023-07-30,Thailand,Bang Plee,11
2023-07-30,Thailand,Khlong San,4
2023-07-30,Thailand,Bang Lamung,17
2023-05-03,Thailand,Bang Lamung,4
2023-11-08,Thailand,Ratchathewi,242
2023-11-08,Thailand,Phuket Island,57
2023-11-08,Thailand,Ko Yao District,3
2023-02-17,Thailand,Phuket Island,32
2023-08-21,Thailand,Bang Khae,2
2023-07-14,Thailand,Phra Nakhon,15
2023-07-14,Thailand,Bang Kho Laem,2
2023-04-30,Thailand,Bang Rak,15
2023-07-28,Thailand,Bang Lamung,19
2023-07-28,Thailand,Bang Khae,4
2023-08-20,Thailand,Dusit,5
2023-08-20,Thailand,Hat Yai,10
2023-08-20,Thailand,Suan Luang,3
2023-08-20,Thailand,Thawi Wattana,1
2023-07-13,Thailand,Muang Satun,11
2023-07-13,Thailand,Bang Khae,12
2023-02-01,Thailand,Chatuchak,2
2023-03-22,Thailand,Muang Khon Kaen,3
2023-07-27,Thailand,Wattana,35
2023-07-27,Thailand,Ko Samui,5
2023-10-10,Thailand,Chatuchak,18
2023-10-10,Thailand,Lat Krabang,1
2023-08-23,Thailand,Khlong Toey,41
2023-07-02,Thailand,Khlong Toey,18
2023-03-26,Thailand,Phra Nakhon,3
2023-03-11,Thailand,Hua Hin,2
2023-10-21,Thailand,Hua Hin,14
2023-10-21,Thailand,Ko Lanta,1
2023-06-09,Thailand,Phaya Thai,4
2023-08-22,Thailand,Phra Nakhon,3
2023-07-01,Thailand,Phuket Island,31
2023-07-29,Thailand,Bang Kapi,2
2023-07-29,Thailand,Mae Rim,1
2023-03-10,Thailand,Mueang Krabi,7
2023-06-08,Thailand,Khlong San,6
2023-06-08,Thailand,Takua Pa,1
2023-03-24,Thailand,Muang Chiang Mai,6
2023-03-24,Thailand,Samphantawong,5
2023-03-24,Thailand,Thawi Wattana,3
2023-02-27,Thailand,Prawet,2
2023-07-24,Thailand,Pattaya,82
2023-07-24,Thailand,Bang Plee,14
2023-06-03,Thailand,Din Dang,3
2023-02-26,Thailand,Don Muang,1
2023-02-26,Thailand,Sattahip,1
2023-08-30,Thailand,Din Dang,1
2023-08-30,Thailand,K. Bang Sao Thon,16
2023-08-30,Thailand,Pak Kret,1
2023-07-23,Thailand,Pathum Wan,25
2023-01-19,Thailand,Phaya Thai,3
2023-06-16,Thailand,Thon Buri,1
2023-05-09,Thailand,Ratchathewi,91
2023-05-09,Thailand,Ko Phangan,2
2023-05-09,Thailand,Lat Krabang,4
2023-05-09,Thailand,Muang Nakhon Pathom,1
2023-10-20,Thailand,Bangkok Noi,1
2023-07-12,Thailand,Muang Songkhla,2
2023-07-26,Thailand,Bang Plad,4
2023-06-19,Thailand,Bang Rak,18
2023-07-26,Thailand,Pom Pram Sattru,1
2023-10-31,Thailand,Ban Chang,1
2023-10-31,Thailand,Chatuchak,12
2023-10-31,Thailand,Muang Chiang Rai,1
2023-03-21,Thailand,Hat Yai,4
2023-03-21,Thailand,Chatuchak,1
2023-02-28,Thailand,Hat Yai,11
2023-02-28,Thailand,Takua Thung,1
2023-02-28,Thailand,Mueang Krabi,4
2023-06-04,Thailand,Don Muang,1
2023-01-07,Thailand,Bang Na,1
2023-07-11,Thailand,Bang Rak,44
2023-07-25,Thailand,Phra Khanong,4
2023-07-25,Thailand,Phra Nakhon,15
2023-02-13,Thailand,Wattana,14
2023-08-31,Thailand,Lat Phrao,5
2023-04-25,Thailand,Samphantawong,2
2023-04-25,Thailand,Pathum Wan,9
2023-10-17,Thailand,Dusit,5
2023-10-17,Thailand,Chatuchak,28
2023-08-01,Thailand,Khlong Luang,1
2023-09-22,Thailand,Pattaya,119
2023-10-03,Thailand,Muang Chiang Mai,21
2023-09-22,Thailand,Bang Plad,5
2023-03-18,Thailand,Samphantawong,1
2023-08-15,Thailand,Muang Chon Buri,1
2023-08-29,Thailand,Don Muang,4
2023-08-29,Thailand,Pak Chong,2
2023-05-31,Thailand,Muang Khon Kaen,1
2023-07-08,Thailand,Khlong Toey,29
2023-07-08,Thailand,Phra Nakhon,9
2023-09-21,Thailand,Ko Yao District,1
2023-09-21,Thailand,Takua Pa,6
2023-09-21,Thailand,Lat Krabang,7
2023-10-04,Thailand,Lat Krabang,2
2023-10-04,Thailand,Muang Chiang Mai,10
2023-03-17,Thailand,Ratchathewi,97
2023-03-17,Thailand,Bang Rak,27
2023-03-17,Thailand,Pathum Wan,1
2023-03-17,Thailand,Thon Buri,2
2023-10-18,Thailand,Wang Thonglang,2
2023-05-30,Thailand,Muang Chiang Mai,6
2023-07-07,Thailand,Bang Rak,41
2023-07-07,Thailand,Ko Phangan,4
2023-08-14,Thailand,Phra Khanong,5
2023-08-28,Thailand,Bangkok Noi,1
2023-03-02,Thailand,Don Muang,4
2023-09-10,Thailand,Si Racha,1
2023-09-10,Thailand,Takua Pa,5
2023-04-23,Thailand,Muang Nonthaburi,1
2023-11-11,Thailand,Phra Khanong,10
2023-10-29,Thailand,Bang Na,1
2023-10-29,Thailand,Hat Yai,4
2023-10-29,Thailand,Sathorn,3
2023-10-29,Thailand,Khlong Toey,18
2023-04-27,Thailand,Phra Khanong,3
2023-04-27,Thailand,Muang Nakhon Pathom,1
2023-03-06,Thailand,Sattahip,3
2023-03-06,Thailand,Phaya Thai,9
2023-03-06,Thailand,Hua Hin,3
2023-10-15,Thailand,Pak Kret,1
2023-10-15,Thailand,Muang Satun,7
2023-10-15,Thailand,Thawi Wattana,1
2023-08-03,Thailand,Hua Hin,8
2023-08-03,Thailand,Pak Chong,2
2023-08-17,Thailand,Ko Samui,8
2023-08-17,Thailand,Muang Nonthaburi,1
2023-10-01,Thailand,Lat Phrao,2
2023-10-16,Thailand,Khlong San,11
2023-03-05,Thailand,Muang Samut Prakan,1
2023-03-05,Thailand,Muang Pathum Thani,1
2023-04-12,Thailand,Pak Kret,5
2023-10-02,Thailand,Lam Luk Ka,3
2023-08-02,Thailand,Lat Krabang,5
2023-09-23,Thailand,Ban Chang,1
2023-08-16,Thailand,Phra Khanong,6
2023-10-27,Thailand,Samphantawong,7
2023-02-07,Thailand,Bang Kapi,1
2023-07-04,Thailand,Muang Chiang Mai,9
2023-04-20,Thailand,Muang Nonthaburi,3
2023-07-18,Thailand,Khlong Toey,33
2023-07-18,Thailand,Muang Khon Kaen,2
2023-07-18,Thailand,Muang Chiang Rai,5
2023-03-27,Thailand,Mueang Krabi,3
2023-03-27,Thailand,K. Bang Sao Thon,2
2023-03-13,Thailand,Bangkok Noi,1
2023-10-28,Thailand,Bang Lamung,8
2023-10-28,Thailand,Muang Kanchanaburi,2
2023-10-14,Thailand,Bang Plad,2
2023-10-14,Thailand,Ko Phangan,1
2023-11-21,Thailand,Pathum Wan,9
2023-11-21,Thailand,Muang Satun,4
2023-03-16,Thailand,K. Bang Sao Thon,2
2023-10-25,Thailand,Dusit,2
2023-10-25,Thailand,Mae Rim,1
2023-09-30,Thailand,Si Racha,1
2023-10-11,Thailand,Huai Kwang,3
2023-02-09,Thailand,Thawi Wattana,1
2023-02-09,Thailand,Huai Kwang,5
2023-08-27,Thailand,Bang Saphan,1
2023-08-13,Thailand,Muang Chiang Rai,2
2023-10-26,Thailand,Si Racha,3
2023-10-26,Thailand,Muang Rayong,2
2023-03-15,Thailand,Ratchathewi,86
2023-08-12,Thailand,Suan Luang,4
2023-04-22,Thailand,Khlong Toey,17
2023-04-22,Thailand,Tha Mai,1
2023-03-29,Thailand,Samphantawong,9
2023-02-08,Thailand,Pattaya,40
2023-02-08,Thailand,Bang Rak,22
2023-02-08,Thailand,Don Muang,1
2023-02-08,Thailand,Muang Chiang Rai,1
2023-08-26,Thailand,Pran Buri,1
2023-04-21,Thailand,Phuttha Mon Thon,1
2023-04-21,Thailand,Khlong Luang,1
2023-04-21,Thailand,Don Muang,2
2023-07-05,Thailand,Phaya Thai,8
2023-07-05,Thailand,Bang Lamung,9
2023-07-05,Thailand,Muang Chon Buri,1
2023-07-05,Thailand,Muang Khon Kaen,2
2023-03-14,Thailand,Muang Khon Kaen,3
2023-11-04,Thailand,Khlong Luang,2
2023-09-02,Thailand,Pak Chong,4
2023-09-02,Thailand,Din Dang,1
2023-09-02,Thailand,Pak Kret,2
2023-11-19,Thailand,Muang Chiang Mai,20
2023-01-21,Thailand,Pathum Wan,4
2023-01-21,Thailand,Thon Buri,1
2023-04-19,Thailand,Phra Nakhon,4
2023-04-19,Thailand,Pak Kret,9
2023-09-16,Thailand,K. Khlong Khuan,1
2023-09-16,Thailand,Prawet,1
2023-09-16,Thailand,Bang Plee,2
2023-08-09,Thailand,Prawet,2
2023-05-26,Thailand,Khlong Toey,35
2023-05-11,Thailand,Khlong Toey,24
2023-05-11,Thailand,Thawi Wattana,2
2023-05-11,Thailand,Suan Phung,1
2023-05-25,Thailand,Phra Nakhon,6
2023-05-25,Thailand,Lat Krabang,1
2023-09-01,Thailand,Mueang Krabi,30
2023-09-01,Thailand,Bang Kho Laem,2
2023-09-15,Thailand,Dusit,3
2023-04-18,Thailand,Khlong Toey,24
2023-04-18,Thailand,Hua Hin,14
2023-11-16,Thailand,Muang Pathum Thani,2
2023-11-16,Thailand,Ko Samui,6
2023-09-29,Thailand,Bang Khun Thian,1
2023-09-29,Thailand,Bang Lamung,22
2023-09-29,Thailand,Sattahip,1
2023-11-05,Thailand,Muang Rayong,1
2023-11-05,Thailand,Bang Lamung,11
2023-11-05,Thailand,Lak Si,1
2023-04-07,Thailand,Khlong Toey,28
2023-08-08,Thailand,Mueang Krabi,22
2023-08-08,Thailand,Muang Satun,8
2023-09-04,Thailand,Lat Phrao,4
2023-09-04,Thailand,Thawi Wattana,1
2023-09-04,Thailand,Sattahip,5
2023-09-04,Thailand,Cha-Am,7
2023-11-03,Thailand,Ko Yao District,4
2023-11-03,Thailand,Khlong Toey,55
2023-11-03,Thailand,Muang Nonthaburi,9
2023-11-17,Thailand,Sadao,1
2023-11-17,Thailand,Ko Samui,6
2023-11-17,Thailand,Phra Nakhon,19
2023-06-20,Thailand,Sathorn,6
2023-01-22,Thailand,Pak Kret,1
2023-05-14,Thailand,Phra Nakhon,8
2023-05-14,Thailand,Muang Chiang Mai,12
2023-09-19,Thailand,Hua Hin,11
2023-09-19,Thailand,K. Bang Sao Thon,12
2023-09-03,Thailand,Sathorn,1
2023-04-06,Thailand,Thawi Wattana,1
2023-04-06,Thailand,Sattahip,2
2023-10-07,Thailand,Hua Hin,17
2023-10-07,Thailand,Wattana,19
2023-10-07,Thailand,Din Dang,2
2023-10-07,Thailand,Pak Kret,1
2023-10-07,Thailand,Bang Kapi,2
2023-03-08,Thailand,Wattana,56
2023-03-08,Thailand,Cha-Am,4
2023-03-08,Thailand,Bang Lamung,29
2023-08-19,Thailand,Bang Khun Thian,1
2023-10-08,Thailand,Hua Hin,11
2023-10-08,Thailand,Phaya Thai,3
2023-10-08,Thailand,Phra Khanong,6
2023-04-14,Thailand,Cha-Am,2
2023-09-11,Thailand,Phra Nakhon,11
2023-04-29,Thailand,N/A,1
2023-05-20,Thailand,Sathorn,1
2023-09-12,Thailand,Pak Kret,1
2023-11-15,Thailand,Din Dang,3
2023-11-15,Thailand,Pak Chong,5
2023-03-07,Thailand,Bang Rak,38
2023-03-07,Thailand,Khlong San,17
2023-03-07,Thailand,Huai Kwang,11
2023-08-04,Thailand,Phuket Island,36
2023-08-04,Thailand,Muang Samut Prakan,3
2023-09-25,Thailand,Si Racha,1
2023-10-09,Thailand,Ko Phangan,2
2023-09-14,Thailand,Bang Plee,2
2023-09-14,Thailand,Khan Na Yao,2
2023-09-28,Thailand,Phaya Thai,2
2023-10-06,Thailand,Chatuchak,7
2023-08-07,Thailand,Wattana,29
2023-08-07,Thailand,Suan Luang,3
2023-04-17,Thailand,Phra Nakhon,5
2023-09-14,Thailand,Bang Khae,3
2023-05-24,Thailand,Pak Kret,3
2023-04-16,Thailand,Khan Na Yao,1
2023-11-01,Thailand,Din Dang,5
2023-11-01,Thailand,Muang Ubon Ratchatani,1
2023-01-30,Thailand,Ratchathewi,59
2023-01-30,Thailand,Phaya Thai,2
2023-01-30,Thailand,Muang Chiang Rai,6
2023-04-03,Thailand,Ratchathewi,122
2023-04-03,Thailand,Takua Pa,7
2023-06-30,Thailand,Koh Si Chang,2
2023-09-27,Thailand,Don Muang,6
2023-04-01,Thailand,Khlong Toey,22
2023-03-09,Thailand,Thon Buri,1
2023-08-06,Thailand,Bang Kapi,1
2023-05-06,Thailand,Phuket Island,26
2023-09-13,Thailand,Phuket Island,48
2023-09-13,Thailand,Samphantawong,7
2023-01-18,Thailand,Sathorn,1
2023-01-18,Thailand,Bang Kapi,2
2023-06-01,Thailand,Phra Nakhon,9
2023-06-01,Thailand,Ratchathewi,134
2023-06-11,Thailand,Phra Nakhon,8
2023-06-11,Thailand,Pathum Wan,5
2023-02-10,Thailand,Khlong San,14
2023-10-30,Thailand,Thai Muang,1
2023-07-22,Thailand,Wattana,23
2023-07-22,Thailand,Din Dang,5
2023-07-22,Thailand,Khan Na Yao,2
2023-03-31,Thailand,Si Racha,1
2023-03-31,Thailand,Lat Krabang,1
2023-06-29,Thailand,Muang Rayong,1
2023-05-19,Thailand,Din Dang,1
2023-05-08,Thailand,Wang Thonglang,2
2023-01-14,Thailand,Muang Nonthaburi,7
2023-05-08,Thailand,Thanyaburi,1
2023-01-17,Thailand,Ratchathewi,68
2023-06-12,Thailand,Si Racha,2
2023-06-12,Thailand,Ko Yao District,1
2023-06-12,Thailand,Khlong Luang,2
2023-06-14,Thailand,Phaya Thai,7
2023-06-15,Thailand,Muang Rayong,2
2023-06-15,Thailand,Khan Na Yao,2
2023-02-21,Thailand,Sattahip,2
2023-04-09,Thailand,Pak Kret,1
2023-06-26,Thailand,Bang Khen,1
2023-05-02,Thailand,Thawi Wattana,1
2023-03-30,Thailand,Hua Hin,6
2023-03-30,Thailand,Muang Nonthaburi,2
2023-03-30,Thailand,Ko Samui,1
2023-02-23,Thailand,Si Racha,1
2023-02-23,Thailand,Ko Samui,3
2023-01-03,Thailand,Muang Buri Ram,1
2023-04-08,Thailand,Ko Samui,2
2023-04-08,Thailand,Don Muang,2
2023-09-09,Thailand,Phaya Thai,4
2023-01-10,Thailand,Hua Hin,4
2023-01-25,Thailand,Wattana,14
2023-09-06,Thailand,Lat Phrao,1
2023-09-06,Thailand,Samphantawong,2
2023-02-24,Thailand,Samphantawong,4
2023-07-21,Thailand,Bang Khae,7
2023-07-21,Thailand,Muang Chumphon,2
2023-07-21,Thailand,Khlong Hoi Kong,1
2023-01-28,Thailand,Wattana,9
2023-01-28,Thailand,Bang Lamung,24
2023-06-22,Thailand,Huai Kwang,6
2023-06-22,Thailand,Bung Kum,1
2023-06-22,Thailand,Dusit,1
2023-11-07,Thailand,Phuket Island,51
2023-11-07,Thailand,Thawi Wattana,3
2023-11-07,Thailand,Muang Songkhla,3
2023-02-20,Thailand,Phuket Island,35
2023-02-20,Thailand,Hat Yai,4
2023-05-04,Thailand,Muang Chiang Rai,1
2023-06-21,Thailand,Don Muang,2
2023-06-21,Thailand,Muang Phitsanulok,1
2023-06-24,Thailand,Takua Thung,1
2023-01-27,Thailand,Ko Phangan,1
2023-01-12,Thailand,Muang Khon Kaen,1
2023-01-26,Thailand,Sattahip,2
2023-06-25,Thailand,Pattaya,49
2023-06-25,Thailand,Bang Lamung,9
2023-09-08,Thailand,Muang Chon Buri,1
2023-09-08,Thailand,Khlong Luang,1
2023-07-31,Thailand,Lak Si,5
2023-07-31,Thailand,Chatuchak,21
2023-07-31,Thailand,Suan Phung,2
2023-07-31,Thailand,Muang Kanchanaburi,2
2023-09-07,Thailand,Phaya Thai,6
2023-07-30,Thailand,Muang Chiang Rai,1
2023-05-03,Thailand,Phra Khanong,4
2023-05-03,Thailand,Sawankhalok,1
2023-02-17,Thailand,Ratchathewi,85
2023-02-17,Thailand,Thawi Wattana,1
2023-04-30,Thailand,Aranyaprathet,1
2023-04-30,Thailand,Muang Nonthaburi,3
2023-04-30,Thailand,Muang Chiang Rai,1
2023-07-28,Thailand,Phuket Island,35
2023-02-02,Thailand,Pak Kret,1
2023-03-23,Thailand,Huai Kwang,6
2023-08-20,Thailand,Huai Kwang,8
2023-02-16,Thailand,Phra Nakhon,5
2023-10-24,Thailand,Ko Lanta,3
2023-03-22,Thailand,Bang Rak,40
2023-06-06,Thailand,Hat Yai,1
2023-06-06,Thailand,Huai Kwang,3
2023-06-06,Thailand,Don Muang,2
2023-07-27,Thailand,Muang Chiang Mai,21
2023-07-27,Thailand,Muang Chon Buri,2
2023-07-27,Thailand,Muang Chiang Rai,5
2023-02-15,Thailand,Hua Hin,7
2023-08-23,Thailand,Koh Si Chang,1
2023-08-23,Thailand,Takua Pa,1
2023-07-02,Thailand,Phra Khanong,3
2023-03-26,Thailand,Bang Kapi,2
2023-03-11,Thailand,Muang Chon Buri,1
2023-07-16,Thailand,Muang Khon Kaen,2
2023-07-16,Thailand,Dusit,1
2023-02-04,Thailand,Muang Chiang Mai,10
2023-10-21,Thailand,Don Muang,10
2023-10-21,Thailand,K. Bang Sao Thon,3
2023-06-09,Thailand,Wattana,46
2023-02-18,Thailand,Wattana,27
2023-07-15,Thailand,Pattaya,117
2023-02-18,Thailand,Bang Bo,3
2023-07-01,Thailand,Bang Khae,1
2023-07-15,Thailand,Thungkru,6
2023-10-22,Thailand,Bang Khae,1
2023-03-10,Thailand,Din Dang,1
2023-06-08,Thailand,Bang Plee,2
2023-03-24,Thailand,Lat Krabang,5
2023-02-03,Thailand,Hua Hin,14
2023-02-27,Thailand,K. Bang Sao Thon,1
2023-06-03,Thailand,San Sai,1
2023-06-03,Thailand,Don Muang,1
2023-01-05,Thailand,Pattaya,12
2023-02-26,Thailand,Pattaya,58
2023-02-26,Thailand,Khlong Toey,12
2023-02-26,Thailand,Muang Buri Ram,2
2023-08-30,Thailand,Prawet,1
2023-07-23,Thailand,Ratchathewi,181
2023-06-02,Thailand,Pattaya,38
2023-06-02,Thailand,K. Bang Sao Thon,2
2023-02-25,Thailand,Pran Buri,1
2023-05-09,Thailand,Chatuchak,3
2023-05-09,Thailand,Muang Chiang Rai,1
2023-02-11,Thailand,Bang Rak,21
2023-10-20,Thailand,Lat Krabang,2
2023-07-12,Thailand,Prawet,2
2023-07-12,Thailand,Phaya Thai,15
2023-06-05,Thailand,Wang Thonglang,1
2023-01-04,Thailand,Hua Hin,3
2023-07-12,Thailand,Muang Satun,13
2023-07-12,Thailand,Bang Kho Laem,1
2023-06-19,Thailand,Hua Hin,7
2023-07-26,Thailand,Pak Chong,14
2023-07-26,Thailand,Huai Kwang,8
2023-10-31,Thailand,Khlong Toey,29
2023-10-31,Thailand,Muang Nonthaburi,3
2023-03-21,Thailand,Bangkok Noi,2
2023-02-14,Thailand,Si Racha,1
2023-02-28,Thailand,Thon Buri,1
2023-06-04,Thailand,Khlong Hoi Kong,1
2023-01-07,Thailand,Ratchathewi,38
2023-07-25,Thailand,Suan Luang,2
2023-07-25,Thailand,Bang Saphan,1
2023-02-13,Thailand,Hua Hin,9
2023-08-31,Thailand,Bang Plad,8
2023-08-31,Thailand,Phaya Thai,10
2023-10-17,Thailand,Hat Yai,4
2023-10-17,Thailand,Samoeng,1
2023-10-17,Thailand,Bang Kapi,59
2023-08-01,Thailand,Sattahip,2
2023-03-04,Thailand,Ratchathewi,164
2023-03-04,Thailand,Mueang Krabi,7
2023-03-18,Thailand,Muang Nonthaburi,1
2023-08-15,Thailand,Bangkok Noi,2
2023-08-15,Thailand,Muang Phangnga,1
2023-08-15,Thailand,Muang Chiang Mai,12
2023-05-31,Thailand,Cha-Am,3
2023-05-31,Thailand,Takua Pa,1
2023-04-10,Thailand,Don Muang,2
2023-04-10,Thailand,Ko Samui,1
2023-04-10,Thailand,Muang Chiang Rai,1
2023-04-24,Thailand,Phra Khanong,10
2023-11-10,Thailand,Muang Satun,3
2023-11-10,Thailand,Bang Plee,5
2023-09-21,Thailand,Cha-Am,2
2023-09-21,Thailand,Muang Chon Buri,1
2023-10-04,Thailand,Khan Na Yao,1
2023-10-18,Thailand,K. Ko Kut,2
2023-10-18,Thailand,Ko Yao District,4
2023-10-18,Thailand,Muang Chon Buri,1
2023-05-30,Thailand,Huai Kwang,11
2023-07-07,Thailand,Muang Khon Kaen,6
2023-07-07,Thailand,Lak Si,1
2023-08-14,Thailand,Wattana,37
2023-08-14,Thailand,K. Bang Sao Thon,1
2023-08-28,Thailand,Mueang Krabi,16
2023-08-28,Thailand,Cha-Am,11
2023-03-02,Thailand,Bang Na,1
2023-10-19,Thailand,Ko Lanta,4
2023-10-19,Thailand,Khlong San,19
2023-11-11,Thailand,K. Ko Kut,1
2023-11-11,Thailand,Muang Pathum Thani,1
2023-11-11,Thailand,Phra Nakhon Si Ayutthaya,1
2023-10-29,Thailand,Mueang Krabi,42
2023-04-27,Thailand,Pak Chong,1
2023-04-27,Thailand,Wattana,26
2023-03-06,Thailand,Suan Luang,2
2023-03-06,Thailand,Hat Yai,2
2023-08-03,Thailand,Muang Khon Kaen,4
2023-08-03,Thailand,Thungkru,1
2023-08-17,Thailand,Prawet,3
2023-08-17,Thailand,Bang Plee,1
2023-11-22,Thailand,Khlong Toey,5
2023-09-24,Thailand,Ratchathewi,173
2023-10-16,Thailand,Phaya Thai,3
2023-10-02,Thailand,Takua Pa,6
2023-08-02,Thailand,Ratchathewi,160
2023-08-02,Thailand,Pom Pram Sattru,1
2023-08-02,Thailand,Bang Khae,4
2023-04-26,Thailand,Pak Chong,1
2023-09-23,Thailand,Ko Lanta,1
2023-08-16,Thailand,Dusit,4
2023-07-09,Thailand,Bang Plad,5
2023-07-09,Thailand,Dusit,3
2023-10-27,Thailand,Bang Plad,3
2023-10-27,Thailand,Huai Kwang,5
2023-04-11,Thailand,Phuket Island,33
2023-02-07,Thailand,Huai Kwang,10
2023-08-11,Thailand,Muang Chon Buri,2
2023-08-11,Thailand,Khlong San,3
2023-08-11,Thailand,Wattana,35
2023-07-04,Thailand,Pattaya,46
2023-07-18,Thailand,Huai Kwang,8
2023-07-18,Thailand,Bang Lamung,22
2023-07-18,Thailand,Wattana,16
2023-11-20,Thailand,Khlong Luang,1
2023-03-27,Thailand,Chatuchak,3
2023-03-27,Thailand,Samphantawong,4
2023-03-27,Thailand,Pak Chong,1
2023-03-27,Thailand,Dusit,1
2023-03-13,Thailand,Suan Luang,1
2023-10-28,Thailand,Lat Krabang,18
2023-10-28,Thailand,Phra Nakhon,11
2023-10-28,Thailand,Muang Chiang Mai,14
2023-07-03,Thailand,Din Dang,2
2023-10-28,Thailand,Sattahip,1
2023-10-14,Thailand,Bangkok Noi,1
2023-08-24,Thailand,Bang Rak,29
2023-08-24,Thailand,Dusit,6
2023-08-24,Thailand,Prawet,3
2023-03-16,Thailand,Takua Pa,2
2023-10-25,Thailand,Sadao,2
2023-10-25,Thailand,Min Buri,1
2023-10-25,Thailand,Ko Phangan,7
2023-09-20,Thailand,Bang Lamung,29
2023-09-30,Thailand,Lat Krabang,4
2023-09-30,Thailand,Hua Hin,10
2023-10-11,Thailand,Bangkok Noi,1
2023-08-27,Thailand,Lat Phrao,5
2023-08-27,Thailand,Muang Rayong,1
2023-08-13,Thailand,Pathum Wan,19
2023-08-13,Thailand,Hua Hin,20
2023-03-01,Thailand,Khlong San,20
2023-10-26,Thailand,Cha-Am,5
2023-10-26,Thailand,Bang Plee,3
2023-10-26,Thailand,Muang Nonthaburi,1
2023-07-06,Thailand,Khan Na Yao,1
2023-03-15,Thailand,Ko Phangan,3
2023-04-22,Thailand,Phra Nakhon,4
2023-02-08,Thailand,Pai,2
2023-02-08,Thailand,Lam Luk Ka,1
2023-08-26,Thailand,Khlong Hoi Kong,1
2023-10-12,Thailand,Hat Yai,4
2023-10-12,Thailand,Mae Rim,4
2023-10-12,Thailand,Khan Na Yao,2
2023-07-19,Thailand,Bang Rak,33
2023-07-05,Thailand,Lat Krabang,6
2023-03-14,Thailand,Khlong San,6
2023-04-05,Thailand,Muang Chiang Rai,1
2023-11-04,Thailand,Muang Kanchanaburi,2
2023-09-02,Thailand,Phaya Thai,14
2023-09-02,Thailand,Thawi Wattana,1
2023-04-19,Thailand,Phaya Thai,8
2023-09-16,Thailand,Suan Phung,1
2023-09-16,Thailand,Phra Khanong,9
2023-08-09,Thailand,Muang Phangnga,1
2023-05-11,Thailand,Cha-Am,2
2023-05-25,Thailand,Ratchathewi,160
2023-05-25,Thailand,Samphantawong,5
2023-05-25,Thailand,Thawi Wattana,4
2023-04-04,Thailand,Khlong Toey,20
2023-04-04,Thailand,Cha-Am,12
2023-01-20,Thailand,Huai Kwang,16
2023-09-15,Thailand,Bang Rak,46
2023-11-16,Thailand,Ratchathewi,222
2023-11-16,Thailand,Din Dang,5
2023-09-29,Thailand,Ban Chang,1
2023-09-29,Thailand,Muang Kanchanaburi,4
2023-11-05,Thailand,Rat Burana,1
2023-05-10,Thailand,Khlong Toey,23
2023-05-10,Thailand,Chatuchak,4
2023-04-07,Thailand,Pathum Wan,16
2023-08-08,Thailand,Bang Rak,69
2023-11-02,Thailand,Pattaya,145
2023-11-02,Thailand,Ko Samui,12
2023-11-02,Thailand,Phuttha Mon Thon,1
2023-11-02,Thailand,Huai Kwang,7
2023-11-02,Thailand,Wattana,27
2023-11-02,Thailand,Pak Chong,14
2023-11-16,Thailand,Muang Songkhla,2
2023-11-16,Thailand,Bang Plee,5
2023-05-28,Thailand,Suan Luang,1
2023-05-28,Thailand,Muang Nakhon Pathom,3
2023-09-04,Thailand,Wang Thonglang,1
2023-11-03,Thailand,Muang Chai Nat,2
2023-09-18,Thailand,Prawet,2
2023-09-18,Thailand,Pattaya,129
2023-01-23,Thailand,Bang Kho Laem,1
2023-01-23,Thailand,Mueang Krabi,2
2023-11-17,Thailand,Pathum Wan,11
2023-11-17,Thailand,Phuket Island,60
2023-11-17,Thailand,Samphantawong,3
2023-11-18,Thailand,Muang Pathum Thani,1
2023-09-17,Thailand,Din Dang,3
2023-09-17,Thailand,Bang Rak,50
2023-09-17,Thailand,Phra Khanong,11
2023-05-28,Thailand,Muang Phangnga,1
2023-05-28,Thailand,Muang Nonthaburi,1
2023-05-13,Thailand,Samphantawong,6
2023-05-14,Thailand,Yannawa,1
2023-05-27,Thailand,Muang Nakhon Pathom,1
2023-09-03,Thailand,Khlong Toey,34
2023-09-03,Thailand,Si Racha,3
2023-05-12,Thailand,Phaya Thai,4
2023-05-12,Thailand,Muang Nonthaburi,4
2023-05-12,Thailand,Huai Kwang,6
2023-11-14,Thailand,Bang Saphan,2
2023-09-17,Thailand,Takua Pa,10
2023-04-15,Thailand,Samphantawong,3
2023-04-06,Thailand,Muang Phitsanulok,1
2023-10-07,Thailand,Khlong Toey,31
2023-03-08,Thailand,Pattaya,68
2023-03-08,Thailand,Bang Na,1
2023-08-19,Thailand,Din Dang,1
2023-10-08,Thailand,Bangkok Yai,1
2023-10-08,Thailand,Wang Thonglang,1
2023-10-08,Thailand,Muang Chiang Mai,13
2023-04-14,Thailand,Don Muang,1
2023-01-31,Thailand,Don Muang,2
2023-01-31,Thailand,Ko Samui,2
2023-04-28,Thailand,Pak Kret,2
2023-11-15,Thailand,Bang Lamung,11
2023-11-15,Thailand,Muang Nonthaburi,6
2023-03-07,Thailand,Wattana,45
2023-08-04,Thailand,Khlong Hoi Kong,1
2023-08-04,Thailand,Thawi Wattana,2
2023-08-18,Thailand,Aranyaprathet,1
2023-08-18,Thailand,Khlong Hoi Kong,1
2023-04-13,Thailand,Pathum Wan,10
2023-09-25,Thailand,Pattaya,122
2023-10-09,Thailand,Lam Luk Ka,1
2023-10-09,Thailand,Mueang Krabi,51
2023-09-28,Thailand,Pattaya,128
2023-09-28,Thailand,Wattana,12
2023-09-28,Thailand,Chatuchak,12
2023-09-28,Thailand,Huai Kwang,3
2023-11-13,Thailand,Takua Pa,2
2023-11-13,Thailand,Muang Kanchanaburi,2
2023-08-07,Thailand,Muang Chiang Mai,8
2023-09-14,Thailand,Muang Rayong,1
2023-11-01,Thailand,San Sai,1
2023-05-23,Thailand,Khlong Toey,42
2023-05-23,Thailand,Phra Khanong,2
2023-04-03,Thailand,Ko Phangan,1
2023-06-30,Thailand,Bang Kapi,20
2023-09-27,Thailand,Samphantawong,6
2023-10-05,Thailand,Ko Yao District,1
2023-10-05,Thailand,Mae Rim,2
2023-10-05,Thailand,Don Muang,10
2023-06-13,Thailand,K. Ko Chang,1
2023-04-01,Thailand,Cha-Am,11
2023-04-01,Thailand,Khlong San,16
2023-05-22,Thailand,Bang Plee,2
2023-01-01,Thailand,Din Dang,1
2023-01-01,Thailand,Muang Chiang Mai,6
2023-09-13,Thailand,K. Ko Chang,6
2023-09-13,Thailand,Mae Rim,1
2023-05-22,Thailand,Muang Nakhon Ratchasima,2
2023-05-22,Thailand,San Sai,1
2023-05-22,Thailand,Muang Chiang Mai,4
2023-06-27,Thailand,Phaya Thai,10
2023-06-27,Thailand,Muang Nakhon Ratchasima,2
2023-06-26,Thailand,Mueang Krabi,11
2023-01-18,Thailand,Phuket Island,11
2023-06-01,Thailand,Don Muang,2
2023-06-11,Thailand,Pattaya,45
2023-06-11,Thailand,Huai Kwang,8
2023-06-11,Thailand,Don Muang,2
2023-02-10,Thailand,Phra Nakhon,3
2023-02-10,Thailand,Muang Khon Kaen,1
2023-10-30,Thailand,Bang Lamung,21
2023-10-30,Thailand,Phra Nakhon,16
2023-10-30,Thailand,Muang Khon Kaen,1
2023-10-30,Thailand,Muang Ubon Ratchatani,4
2023-05-05,Thailand,Ko Phangan,1
2023-07-22,Thailand,Mueang Krabi,26
2023-07-22,Thailand,Muang Phitsanulok,1
2023-06-29,Thailand,Ratchathewi,102
2023-06-29,Thailand,Wattana,27
2023-05-19,Thailand,Phaya Thai,2
2023-05-19,Thailand,Muang Chiang Mai,7
2023-01-14,Thailand,Muang Buri Ram,7
2023-01-15,Thailand,K. Bang Sao Thon,7
2023-01-17,Thailand,Bang Rak,23
2023-01-17,Thailand,Suan Luang,1
2023-06-12,Thailand,Dusit,2
2023-06-15,Thailand,Ratchathewi,142
2023-04-09,Thailand,Ratchathewi,117
2023-06-23,Thailand,Pran Buri,1
2023-05-02,Thailand,Ko Samui,6
2023-05-02,Thailand,Bang Plee,1
2023-05-07,Thailand,Wang Chan,1
2023-05-07,Thailand,Lat Krabang,1
2023-02-23,Thailand,Phayuha Khiri,1
2023-02-23,Thailand,San Sai,1
2023-01-03,Thailand,Chatuchak,1
2023-06-23,Thailand,Samphantawong,3
2023-06-23,Thailand,Din Dang,2
2023-04-08,Thailand,Ratchathewi,88
2023-04-08,Thailand,Min Buri,1
2023-11-09,Thailand,Lak Si,4
2023-11-09,Thailand,Takua Pa,2
2023-11-09,Thailand,Bang Saphan,1
2023-05-15,Thailand,Aranyaprathet,1
2023-09-09,Thailand,Muang Chanthaburi,1
2023-01-10,Thailand,Muang Buri Ram,1
2023-01-10,Thailand,Muang Chiang Rai,1
2023-01-16,Thailand,Chatuchak,2
2023-05-29,Thailand,Ratchathewi,164
2023-05-29,Thailand,Wattana,31
2023-05-29,Thailand,Muang Chiang Rai,1
2023-05-29,Thailand,Takua Pa,1
2023-01-25,Thailand,Doi Saket,1
2023-09-06,Thailand,Bang Kruai,1
2023-09-06,Thailand,Bang Lamung,26
2023-07-21,Thailand,Bang Khun Thian,4
2023-07-21,Thailand,Lat Krabang,5
2023-07-21,Thailand,Bang Lamung,29
2023-05-01,Thailand,Khlong San,6
2023-05-01,Thailand,Muang Rayong,13
2023-01-28,Thailand,Mueang Krabi,4
2023-01-28,Thailand,Khlong Toey,9
2023-05-18,Thailand,Phuttha Mon Thon,2
2023-05-18,Thailand,Muang Chiang Rai,1
2023-05-18,Thailand,K. Bang Sao Thon,1
2023-06-22,Thailand,Takua Pa,5
2023-11-07,Thailand,Prawet,2
2023-11-07,Thailand,Bang Khae,3
2023-11-07,Thailand,Bang Plad,3
2023-11-07,Thailand,Don Muang,6
2023-11-07,Thailand,Rat Burana,1
2023-05-04,Thailand,Phra Khanong,4
2023-11-06,Thailand,Wattana,18
2023-11-06,Thailand,Muang Songkhla,1
2023-06-24,Thailand,Huai Kwang,7
2023-06-24,Thailand,Ko Samui,1
2023-01-27,Thailand,Muang Nonthaburi,7
2023-01-27,Thailand,Chatuchak,1
2023-01-12,Thailand,Phuket Island,11
2023-06-25,Thailand,Phra Nakhon,9
2023-05-17,Thailand,Bang Rak,15
2023-05-17,Thailand,Din Dang,3
2023-05-17,Thailand,Wang Thonglang,1
2023-09-08,Thailand,Si Racha,2
2023-09-08,Thailand,Wang Thonglang,6
2023-09-08,Thailand,Bang Plee,1
2023-09-08,Thailand,Bang Kruai,1
2023-07-31,Thailand,Phra Khanong,2
2023-09-07,Thailand,Lat Krabang,7
2023-09-07,Thailand,Phra Khanong,7
2023-07-30,Thailand,Takua Pa,7
2023-11-08,Thailand,Hat Yai,2
2023-11-08,Thailand,Phaya Thai,11
2023-04-30,Thailand,Phra Khanong,6
2023-10-23,Thailand,Dusit,1
2023-07-28,Thailand,Khlong Toey,22
2023-07-28,Thailand,Muang Prachuap Khiri Khan,1
2023-02-02,Thailand,Muang Nakhon Ratchasima,1
2023-02-02,Thailand,Muang Chiang Mai,9
2023-03-23,Thailand,Phaya Thai,4
2023-08-20,Thailand,Muang Kanchanaburi,1
2023-02-16,Thailand,Muang Nakhon Ratchasima,1
2023-02-16,Thailand,Khlong Toey,7
2023-02-01,Thailand,Phaya Thai,5
2023-02-01,Thailand,Suan Luang,1
2023-03-22,Thailand,Lat Krabang,1
2023-07-27,Thailand,Lat Phrao,1
2023-07-27,Thailand,Khlong San,11
2023-07-27,Thailand,Muang Chanthaburi,1
2023-07-27,Thailand,Muang Samut Prakan,5
2023-02-15,Thailand,Pathum Wan,14
2023-10-10,Thailand,Muang Ubon Ratchatani,4
2023-07-02,Thailand,Ko Samui,11
2023-07-02,Thailand,Lam Luk Ka,7
2023-03-11,Thailand,Ratchathewi,75
2023-03-11,Thailand,Wattana,27
2023-03-11,Thailand,Cha-Am,9
2023-02-19,Thailand,Phra Khanong,3
2023-02-04,Thailand,Khlong Luang,1
2023-10-21,Thailand,Hat Yai,3
2023-10-21,Thailand,Mae Rim,1
2023-03-25,Thailand,K. Bang Sao Thon,1
2023-06-09,Thailand,Khlong Toey,26
2023-06-09,Thailand,Bang Plad,3
2023-06-09,Thailand,Ko Samui,1
2023-06-09,Thailand,Huai Kwang,3
2023-07-15,Thailand,Khlong San,12
2023-07-01,Thailand,Phaya Thai,11
2023-07-01,Thailand,Si Racha,1
2023-10-22,Thailand,Pattaya,90
2023-07-29,Thailand,Wang Num Khiaw,1
2023-07-29,Thailand,Sathorn,1
2023-06-08,Thailand,Ratchathewi,129
2023-06-08,Thailand,Phaya Thai,4
2023-06-08,Thailand,Lak Si,1
2023-06-08,Thailand,Bang Lamung,8
2023-03-24,Thailand,Takua Pa,1
2023-03-24,Thailand,Chatuchak,3
2023-02-27,Thailand,Bang Khun Thian,1
2023-02-27,Thailand,Cha-Am,12
2023-02-27,Thailand,Muang Satun,1
2023-02-27,Thailand,Mueang Krabi,6
2023-07-24,Thailand,Phaya Thai,7
2023-06-17,Thailand,Bang Rak,20
2023-06-17,Thailand,Muang Chiang Rai,3
2023-02-26,Thailand,Bang Plee,3
2023-08-30,Thailand,Lat Krabang,7
2023-07-23,Thailand,Pattaya,81
2023-07-23,Thailand,Khan Na Yao,1
2023-06-02,Thailand,Phuket Island,14
2023-02-25,Thailand,Muang Nakhon Pathom,1
2023-05-09,Thailand,Muang Kanchanaburi,1
2023-10-20,Thailand,Prawet,1
2023-10-20,Thailand,Hua Hin,13
2023-02-25,Thailand,Huai Kwang,7
2023-01-04,Thailand,Hat Yai,7
2023-01-04,Thailand,Lat Krabang,1
2023-07-12,Thailand,Chatuchak,48
2023-07-12,Thailand,Phuttha Mon Thon,1
2023-06-19,Thailand,Hat Yai,5
2023-07-26,Thailand,Muang Khon Kaen,10
2023-07-26,Thailand,Muang Surat Thani,1
2023-07-26,Thailand,Sattahip,7
2023-10-31,Thailand,Phaya Thai,3
2023-10-31,Thailand,Muang Satun,10
2023-10-31,Thailand,Khlong Luang,2
2023-02-28,Thailand,Bang Rak,34
2023-02-28,Thailand,Muang Buri Ram,1
2023-06-04,Thailand,Bang Kapi,1
2023-07-11,Thailand,Ko Phangan,3
2023-03-20,Thailand,Pathum Wan,4
2023-07-25,Thailand,Ko Phangan,4
2023-08-31,Thailand,Muang Satun,11
2023-04-25,Thailand,Phra Nakhon,7
2023-08-01,Thailand,Sathorn,1
2023-08-01,Thailand,Don Muang,1
2023-10-03,Thailand,Muang Satun,17
2023-10-03,Thailand,Cha-Am,12
2023-09-22,Thailand,Prawet,1
2023-03-04,Thailand,Pathum Wan,24
2023-03-04,Thailand,Chatuchak,4
2023-08-15,Thailand,Suan Luang,3
2023-08-29,Thailand,Bang Kho Laem,1
2023-05-31,Thailand,Phaya Thai,2
2023-07-08,Thailand,Pathum Wan,3
2023-03-03,Thailand,Phaya Thai,4
2023-04-24,Thailand,Klaeng,5
2023-11-10,Thailand,Muang Nakhon Ratchasima,1
2023-11-10,Thailand,Ko Samui,5
2023-09-21,Thailand,Bang Rak,37
2023-09-21,Thailand,Bang Plad,4
2023-09-21,Thailand,Ratchathewi,133
2023-09-21,Thailand,Muang Songkhla,3
2023-10-04,Thailand,Din Dang,1
2023-10-04,Thailand,Don Muang,4
2023-10-04,Thailand,K. Bang Sao Thon,5
2023-03-17,Thailand,Phra Nakhon,2
2023-03-17,Thailand,Ko Samui,2
2023-10-18,Thailand,Muang Chiang Rai,4
2023-10-18,Thailand,Muang Kanchanaburi,2
2023-05-30,Thailand,Pattaya,41
2023-07-07,Thailand,Phaya Thai,10
2023-07-07,Thailand,Phuttha Mon Thon,3
2023-07-07,Thailand,Muang Satun,7
2023-08-14,Thailand,Phaya Thai,8
2023-08-14,Thailand,Cha-Am,9
2023-08-28,Thailand,Dusit,3
2023-08-28,Thailand,Prawet,4
2023-08-28,Thailand,Takua Pa,12
2023-03-02,Thailand,Phuket Island,70
2023-09-10,Thailand,Bang Plad,3
2023-10-19,Thailand,Huai Kwang,3
2023-11-11,Thailand,Ko Phangan,4
2023-10-29,Thailand,Bang Kapi,3
2023-10-29,Thailand,Ko Phangan,3
2023-04-27,Thailand,Muang Samut Prakan,1
2023-03-06,Thailand,Ko Phangan,2
2023-10-15,Thailand,Bangkok Noi,2
2023-10-15,Thailand,Bang Kho Laem,1
2023-08-17,Thailand,Bang Lamung,29
2023-10-01,Thailand,Rat Burana,1
2023-10-01,Thailand,Suan Luang,2
2023-10-01,Thailand,Khlong Luang,1
2023-11-22,Thailand,Ko Phangan,1
2023-11-22,Thailand,Phaya Thai,1
2023-09-24,Thailand,Pathum Wan,4
2023-09-24,Thailand,Khan Na Yao,1
2023-10-16,Thailand,Muang Chiang Mai,20
2023-03-05,Thailand,Lak Si,3
2023-04-12,Thailand,Phra Nakhon,5
2023-10-02,Thailand,Sathorn,2
2023-09-23,Thailand,Chatuchak,4
2023-08-16,Thailand,Ratchathewi,192
2023-08-16,Thailand,Muang Khon Kaen,2
2023-08-02,Thailand,Pak Kret,3
2023-07-09,Thailand,Bang Rak,31
2023-07-09,Thailand,Lat Krabang,7
2023-10-27,Thailand,K. Ko Kut,1
2023-10-27,Thailand,Muang Samut Prakan,1
2023-04-11,Thailand,Muang Nonthaburi,5
2023-10-13,Thailand,Phaya Thai,6
2023-10-13,Thailand,Lam Luk Ka,1
2023-08-11,Thailand,Muang Surat Thani,2
2023-08-11,Thailand,Ko Lanta,2
2023-08-11,Thailand,Prawet,1
2023-08-25,Thailand,Muang Chon Buri,1
2023-08-25,Thailand,Mueang Krabi,16
2023-08-25,Thailand,Wattana,20
2023-08-25,Thailand,Bang Plee,3
2023-08-25,Thailand,Pak Kret,4
2023-08-25,Thailand,Ko Yao District,1
2023-04-20,Thailand,Lat Krabang,1
2023-07-18,Thailand,Phuket Island,42
2023-11-20,Thailand,Muang Phangnga,1
2023-11-20,Thailand,Muang Ubon Ratchatani,2
2023-08-10,Thailand,Bang Plad,8
2023-08-10,Thailand,Prawet,1
2023-03-13,Thailand,Thanyaburi,2
2023-10-28,Thailand,Pak Chong,7
2023-07-03,Thailand,Bangkok Noi,1
2023-08-24,Thailand,Bang Khae,3
2023-07-17,Thailand,Pathum Wan,10
2023-07-17,Thailand,Thungkru,4
2023-11-21,Thailand,Phra Nakhon,20
2023-11-21,Thailand,Muang Songkhla,1
2023-11-21,Thailand,Muang Chiang Mai,23
2023-10-25,Thailand,San Sai,1
2023-09-20,Thailand,Pattaya,130
2023-09-30,Thailand,Khlong Toey,27
2023-08-13,Thailand,Thawi Wattana,5
2023-10-26,Thailand,Thai Muang,1
2023-10-26,Thailand,Muang Chiang Mai,45
2023-07-06,Thailand,Mueang Krabi,17
2023-03-15,Thailand,Phaya Thai,11
2023-03-15,Thailand,Bang Plee,2
2023-08-12,Thailand,Dusit,1
2023-04-22,Thailand,Pak Chong,4
2023-04-22,Thailand,Din Dang,3
2023-04-22,Thailand,Suan Luang,1
2023-04-22,Thailand,Phra Khanong,5
2023-08-26,Thailand,Ko Phangan,2
2023-08-26,Thailand,Ko Samui,3
2023-10-12,Thailand,Prawet,1
2023-10-12,Thailand,Samphantawong,7
2023-10-12,Thailand,Muang Samut Prakan,1
2023-07-05,Thailand,Khlong Toey,29
2023-11-04,Thailand,Ko Yao District,1
2023-09-02,Thailand,Wattana,8
2023-09-16,Thailand,Wattana,19
2023-05-26,Thailand,Phra Nakhon,11
2023-05-26,Thailand,Pak Kret,4
2023-05-11,Thailand,Don Muang,5
2023-05-11,Thailand,Chiang Khan,1
2023-05-25,Thailand,Ko Samui,1
2023-01-20,Thailand,Phra Nakhon Si Ayutthaya,1
2023-09-15,Thailand,Lat Phrao,3
2023-09-15,Thailand,Muang Satun,11
2023-09-15,Thailand,Wang Thonglang,3
2023-04-18,Thailand,Samphantawong,2
2023-04-18,Thailand,Bang Na,2
2023-09-29,Thailand,Pattaya,132
2023-09-29,Thailand,Thawi Wattana,1
2023-11-05,Thailand,Thon Buri,2
2023-08-08,Thailand,Pak Chong,3
2023-08-08,Thailand,Bang Lamung,35
2023-09-04,Thailand,Bang Plad,6
2023-09-04,Thailand,Chatuchak,24
2023-11-03,Thailand,Huai Kwang,13
2023-09-18,Thailand,Khlong San,20
2023-09-18,Thailand,Muang Kanchanaburi,1
2023-01-23,Thailand,Pathum Wan,2
2023-09-17,Thailand,Phuket Island,49
2023-05-13,Thailand,Phuttha Mon Thon,2
2023-05-13,Thailand,Khlong Luang,1
2023-05-14,Thailand,Pattaya,58
2023-05-14,Thailand,Muang Khon Kaen,1
2023-09-19,Thailand,Sattahip,1
2023-05-27,Thailand,Khlong Toey,28
2023-09-03,Thailand,Phra Khanong,4
2023-05-12,Thailand,Phuket Island,37
2023-05-12,Thailand,Pattaya,57
2023-11-14,Thailand,Lat Krabang,6
2023-04-15,Thailand,Pattaya,37
2023-04-15,Thailand,Yannawa,2
2023-03-08,Thailand,K. Ko Kut,1
2023-03-08,Thailand,Bang Plee,2
2023-09-26,Thailand,Pattaya,163
2023-05-21,Thailand,Lat Krabang,2
2023-05-21,Thailand,Prawet,1
2023-01-31,Thailand,Hat Yai,8
2023-11-01,Thailand,Ratchathewi,274
2023-08-19,Thailand,Samphantawong,3
2023-08-19,Thailand,Muang Chiang Mai,6
2023-08-19,Thailand,Thawi Wattana,2
2023-08-19,Thailand,Bang Kapi,3
2023-09-26,Thailand,Khlong San,20
2023-09-26,Thailand,Phra Khanong,7
2023-09-26,Thailand,Samphantawong,7
2023-04-14,Thailand,Pattaya,37
2023-04-28,Thailand,Hua Hin,12
2023-09-12,Thailand,Ratchathewi,165
2023-11-15,Thailand,Bang Plad,2
2023-03-07,Thailand,Suan Luang,1
2023-08-04,Thailand,Muang Phitsanulok,1
2023-08-04,Thailand,Muang Nakhon Pathom,1
2023-08-18,Thailand,Pattaya,99
2023-04-13,Thailand,Phaya Thai,10
2023-09-25,Thailand,Cha-Am,8
2023-09-25,Thailand,Hat Yai,5
2023-09-25,Thailand,Wang Chan,1
2023-09-28,Thailand,Lat Krabang,6
2023-11-13,Thailand,Bang Khae,1
2023-10-06,Thailand,Lat Phrao,2
2023-10-06,Thailand,Klaeng,2
2023-08-07,Thailand,Sawankhalok,1
2023-08-07,Thailand,K. Bang Sao Thon,1
2023-04-17,Thailand,Phaya Thai,4
2023-09-14,Thailand,Bang Khun Thian,1
2023-05-23,Thailand,Phuket Island,28
2023-05-23,Thailand,Huai Kwang,7
2023-04-03,Thailand,Phuket Island,42
2023-06-30,Thailand,Pathum Wan,2
2023-06-30,Thailand,Mueang Krabi,19
2023-09-27,Thailand,Muang Nakhon Ratchasima,3
2023-10-05,Thailand,Bangkok Noi,2
2023-10-05,Thailand,Ratchathewi,143
2023-06-13,Thailand,Lam Luk Ka,1
2023-03-09,Thailand,Muang Chiang Mai,7
2023-11-12,Thailand,Sadao,1
2023-11-12,Thailand,Pak Chong,1
2023-01-01,Thailand,Pathum Wan,5
2023-02-22,Thailand,Phuket Island,31
2023-08-06,Thailand,Ratchathewi,172
2023-08-06,Thailand,Pathum Wan,20
2023-08-06,Thailand,Samphantawong,4
2023-05-06,Thailand,Muang Chon Buri,2
2023-09-13,Thailand,Muang Surat Thani,1
2023-04-02,Thailand,Muang Chiang Rai,2
2023-06-27,Thailand,Din Dang,1
2023-01-18,Thailand,Khlong San,4
2023-06-01,Thailand,Doi Saket,1
2023-06-11,Thailand,Dusit,1
2023-02-10,Thailand,Mueang Krabi,1
2023-10-30,Thailand,Pattaya,134
2023-10-30,Thailand,Ko Samui,5
2023-10-30,Thailand,Samphantawong,11
2023-02-10,Thailand,Pak Chong,2
2023-03-31,Thailand,Takua Pa,4
2023-06-29,Thailand,Ko Samui,3
2023-05-08,Thailand,Muang Chiang Mai,7
2023-01-14,Thailand,Phuket Island,13
2023-01-02,Thailand,Mueang Krabi,2
2023-01-02,Thailand,Chatuchak,2
2023-01-02,Thailand,Pak Chong,1
2023-06-12,Thailand,Khlong Toey,19
2023-06-12,Thailand,Muang Nonthaburi,6
2023-06-14,Thailand,Huai Kwang,9
2023-06-14,Thailand,Muang Satun,1
2023-06-14,Thailand,Muang Phitsanulok,5
2023-06-15,Thailand,Muang Surat Thani,1
2023-06-15,Thailand,Phuket Island,20
2023-06-15,Thailand,Khlong San,5
2023-06-23,Thailand,Muang Chiang Mai,7
2023-05-02,Thailand,Muang Chiang Rai,1
2023-07-20,Thailand,Phuket Island,28
2023-07-20,Thailand,Bang Lamung,39
2023-05-07,Thailand,Muang Buri Ram,1
2023-05-07,Thailand,Chatuchak,1
2023-03-30,Thailand,Don Muang,2
2023-02-23,Thailand,Lam Luk Ka,1
2023-06-23,Thailand,Ko Samui,1
2023-06-23,Thailand,Muang Kanchanaburi,1
2023-06-23,Thailand,Bang Lamung,27
2023-06-23,Thailand,Cha-Am,12
2023-06-23,Thailand,Don Muang,1
2023-04-08,Thailand,Phaya Thai,8
2023-04-08,Thailand,Lak Si,1
2023-04-08,Thailand,Mueang Krabi,8
2023-04-08,Thailand,Cha-Am,2
2023-11-09,Thailand,Muang Samut Prakan,1
2023-01-24,Thailand,Suan Luang,1
2023-09-09,Thailand,K. Bang Sao Thon,10
2023-01-10,Thailand,Phra Khanong,1
2023-05-29,Thailand,Bang Plee,1
2023-09-05,Thailand,Prawet,1
2023-01-25,Thailand,Phaya Thai,2
2023-01-25,Thailand,Hua Hin,8
2023-09-06,Thailand,Pak Kret,1
2023-09-06,Thailand,Khlong San,14
2023-09-06,Thailand,Phra Nakhon,14
2023-09-06,Thailand,Muang Khon Kaen,2
2023-01-11,Thailand,Bang Bo,4
2023-05-01,Thailand,Muang Nonthaburi,3
2023-09-05,Thailand,Pak Kret,1
2023-05-18,Thailand,Phaya Thai,3
2023-11-07,Thailand,Lak Si,1
2023-11-07,Thailand,Pattaya,116
2023-11-07,Thailand,Muang Nonthaburi,1
2023-02-20,Thailand,Bang Plee,2
2023-05-04,Thailand,Huai Kwang,9
2023-06-21,Thailand,Lat Krabang,1
2023-06-21,Thailand,Hat Yai,3
2023-11-06,Thailand,Bang Rak,22
2023-11-06,Thailand,Bang Khun Thian,1
2023-06-24,Thailand,Klaeng,2
2023-01-27,Thailand,Pak Kret,2
2023-01-12,Thailand,Khlong San,3
2023-01-12,Thailand,Pran Buri,1
2023-01-12,Thailand,Thon Buri,1
2023-06-25,Thailand,Muang Chiang Mai,9
2023-05-17,Thailand,Ratchathewi,140
2023-05-17,Thailand,Thawi Wattana,2
2023-09-07,Thailand,Bang Rak,53
2023-07-30,Thailand,Dusit,1
2023-05-03,Thailand,Phuttha Mon Thon,1
2023-11-08,Thailand,Lat Phrao,1
2023-11-08,Thailand,Huai Kwang,5
2023-01-26,Thailand,Bang Kruai,1
2023-08-21,Thailand,Phra Khanong,8
2023-08-21,Thailand,Khlong Toey,26
2023-07-14,Thailand,Lat Phrao,1
2023-07-14,Thailand,Muang Khon Kaen,6
2023-07-14,Thailand,Bang Plee,23
2023-07-14,Thailand,Bang Khae,21
2023-04-30,Thailand,Bang Kruai,1
2023-10-23,Thailand,Sadao,1
2023-10-23,Thailand,San Sai,2
2023-06-07,Thailand,Wattana,24
2023-06-07,Thailand,Pak Kret,3
2023-06-07,Thailand,Dusit,1
2023-07-28,Thailand,Pattaya,76
2023-07-28,Thailand,Muang Chiang Mai,20
2023-08-20,Thailand,Cha-Am,6
2023-02-16,Thailand,Hat Yai,5
2023-02-16,Thailand,Huai Kwang,10
2023-07-13,Thailand,Muang Chon Buri,1
2023-07-13,Thailand,Muang Chiang Mai,18
2023-01-09,Thailand,Muang Songkhla,1
2023-03-22,Thailand,Phuket Island,26
2023-06-06,Thailand,Samphantawong,1
2023-07-27,Thailand,Don Muang,1
2023-02-15,Thailand,Si Racha,1
2023-02-15,Thailand,Khlong Toey,16
2023-02-15,Thailand,Ko Samui,1
2023-02-15,Thailand,Huai Kwang,11
2023-10-10,Thailand,Hat Yai,3
2023-10-10,Thailand,Bang Rak,30
2023-02-05,Thailand,Phaya Thai,3
2023-02-05,Thailand,Muang Khon Kaen,5
2023-02-19,Thailand,Pattaya,29
2023-02-19,Thailand,Phuket Island,23
2023-02-19,Thailand,Phra Nakhon,2
2023-07-16,Thailand,Doi Saket,1
2023-07-16,Thailand,Phra Khanong,4
2023-02-04,Thailand,Muang Nakhon Ratchasima,1
2023-02-04,Thailand,Din Dang,3
2023-10-21,Thailand,Phuket Island,34
2023-03-25,Thailand,Muang Buri Ram,1
2023-10-21,Thailand,Phuttha Mon Thon,1
2023-06-09,Thailand,Pak Chong,3
2023-07-15,Thailand,Mae Rim,3
2023-02-18,Thailand,Cha-Am,3
2023-02-18,Thailand,Don Muang,1
2023-07-01,Thailand,Phra Khanong,2
2023-10-22,Thailand,Muang Chiang Rai,1
2023-07-29,Thailand,Bang Plee,9
2023-03-10,Thailand,Pak Chong,1
2023-06-08,Thailand,Khlong Toey,19
2023-03-24,Thailand,Pak Chong,1
2023-02-03,Thailand,Muang Nonthaburi,3
2023-02-03,Thailand,Don Muang,3
2023-07-24,Thailand,Koh Si Chang,1
2023-07-24,Thailand,Klaeng,2
2023-06-03,Thailand,Chatuchak,4
2023-06-17,Thailand,Ko Samui,2
2023-01-05,Thailand,Samphantawong,4
2023-08-30,Thailand,Phra Khanong,8
2023-07-23,Thailand,Sathorn,1
2023-07-23,Thailand,Muang Surat Thani,1
2023-01-19,Thailand,Khlong Toey,5
2023-01-19,Thailand,Phra Khanong,3
2023-06-16,Thailand,Bang Kapi,1
2023-02-11,Thailand,Ratchathewi,115
2023-02-11,Thailand,Hua Hin,7
2023-02-11,Thailand,Hat Yai,2
2023-10-20,Thailand,Sattahip,1
2023-10-20,Thailand,Bang Khen,1
2023-10-20,Thailand,Ko Phangan,1
2023-10-20,Thailand,Muang Nonthaburi,1
2023-02-25,Thailand,Muang Rayong,3
2023-02-25,Thailand,Prawet,2
2023-02-25,Thailand,K. Bang Sao Thon,2
2023-01-04,Thailand,Bang Plee,1
2023-01-08,Thailand,Suan Luang,1
2023-06-19,Thailand,Bangkok Noi,1
2023-06-19,Thailand,Muang Satun,4
2023-06-19,Thailand,Thon Buri,2
2023-02-14,Thailand,Phaya Thai,5
2023-02-14,Thailand,Pathum Wan,12
2023-02-14,Thailand,Samphantawong,2
2023-03-21,Thailand,Pattaya,36
2023-10-31,Thailand,Cha-Am,3
2023-06-04,Thailand,Muang Chiang Rai,1
2023-01-07,Thailand,Bang Plad,1
2023-06-18,Thailand,Don Muang,1
2023-07-10,Thailand,Muang Nonthaburi,1
2023-07-25,Thailand,Thawi Wattana,4
2023-07-25,Thailand,Pak Chong,12
2023-07-25,Thailand,Khlong San,8
2023-04-25,Thailand,Hat Yai,4
2023-04-25,Thailand,Phra Khanong,9
2023-04-25,Thailand,Lat Krabang,3
2023-08-01,Thailand,Bang Kapi,1
2023-09-22,Thailand,Ratchathewi,170
2023-10-03,Thailand,Lat Krabang,5
2023-03-18,Thailand,Wattana,11
2023-08-15,Thailand,Rat Burana,1
2023-08-15,Thailand,Khlong San,2
2023-07-08,Thailand,Pattaya,73
2023-04-24,Thailand,Pathum Wan,8
2023-11-10,Thailand,Bang Plad,2
2023-11-10,Thailand,Muang Khon Kaen,1
2023-09-21,Thailand,Muang Surat Thani,1
2023-10-04,Thailand,Bang Plee,3
2023-03-17,Thailand,Bang Na,1
2023-10-18,Thailand,Mueang Krabi,47
2023-10-18,Thailand,Phra Khanong,5
2023-05-30,Thailand,Bang Plee,1
2023-07-07,Thailand,Dusit,4
2023-07-07,Thailand,Klaeng,3
2023-08-14,Thailand,Phuttha Mon Thon,1
2023-08-28,Thailand,Lat Krabang,6
2023-03-02,Thailand,K. Sam Roi Yot,1
2023-03-02,Thailand,Mueang Krabi,3
2023-09-10,Thailand,Ko Samui,6
2023-10-19,Thailand,Hang Dong,1
2023-04-23,Thailand,Samphantawong,2
2023-11-11,Thailand,Cha-Am,1
2023-11-11,Thailand,Hua Hin,13
2023-10-29,Thailand,Lat Phrao,4
2023-04-27,Thailand,Hat Yai,10
2023-04-27,Thailand,Pathum Wan,10
2023-04-27,Thailand,Bang Plad,2
2023-03-06,Thailand,Phuket Island,44
2023-03-06,Thailand,Muang Rayong,1
2023-08-17,Thailand,Muang Nakhon Ratchasima,1
2023-08-17,Thailand,Muang Satun,5
2023-08-17,Thailand,Bang Bo,1
2023-09-24,Thailand,Bang Saphan,2
2023-09-24,Thailand,Mueang Krabi,32
2023-10-16,Thailand,Din Dang,5
2023-04-12,Thailand,Muang Samut Prakan,1
2023-03-19,Thailand,Khlong Toey,18
2023-10-02,Thailand,Hua Hin,13
2023-08-02,Thailand,Phaya Thai,6
2023-08-02,Thailand,Lak Si,2
2023-08-02,Thailand,Muang Kanchanaburi,1
2023-04-26,Thailand,Wattana,23
2023-09-23,Thailand,Bang Plad,2
2023-08-16,Thailand,Pak Kret,8
2023-07-09,Thailand,Don Muang,2
2023-10-27,Thailand,Chatuchak,7
2023-04-11,Thailand,Wattana,32
2023-04-11,Thailand,Muang Khon Kaen,3
2023-10-13,Thailand,Pathum Wan,11
2023-08-11,Thailand,Muang Satun,17
2023-08-11,Thailand,Wang Thonglang,1
2023-07-04,Thailand,Muang Chumphon,1
2023-08-25,Thailand,Phra Nakhon,6
2023-03-28,Thailand,Khlong Toey,25
2023-03-28,Thailand,Hua Hin,2
2023-04-20,Thailand,Samphantawong,7
2023-07-18,Thailand,Muang Satun,14
2023-07-18,Thailand,Suan Luang,1
2023-07-18,Thailand,Takua Thung,1
2023-08-10,Thailand,Pattaya,99
2023-10-28,Thailand,Bang Kapi,5
2023-10-28,Thailand,Ko Phangan,5
2023-10-28,Thailand,Khlong Toey,21
2023-10-28,Thailand,Muang Chai Nat,1
2023-10-14,Thailand,Thai Muang,4
2023-10-14,Thailand,Mueang Krabi,45
2023-08-24,Thailand,Phuket Island,48
2023-07-17,Thailand,Wattana,17
2023-03-12,Thailand,Wattana,34
2023-11-21,Thailand,Dusit,3
2023-11-21,Thailand,Muang Nonthaburi,1
2023-10-25,Thailand,Sathorn,1
2023-10-25,Thailand,Thai Muang,3
2023-09-20,Thailand,Don Muang,6
2023-09-20,Thailand,Lat Krabang,7
2023-09-30,Thailand,Takua Pa,3
2023-10-11,Thailand,Pak Chong,4
2023-10-11,Thailand,Cha-Am,3
2023-02-09,Thailand,Hat Yai,4
2023-08-27,Thailand,Pran Buri,1
2023-08-13,Thailand,Bang Rak,48
2023-07-06,Thailand,Yannawa,1
2023-07-06,Thailand,Bang Lamung,13
2023-07-06,Thailand,Thawi Wattana,3
2023-03-15,Thailand,Bang Kapi,3
2023-08-12,Thailand,Hat Yai,7
2023-08-12,Thailand,Hua Hin,13
2023-04-22,Thailand,Cha-Am,1
2023-03-01,Thailand,Muang Buri Ram,2
2023-02-08,Thailand,Doi Saket,1
2023-02-08,Thailand,Bang Lamung,16
2023-08-26,Thailand,Khlong San,15
2023-08-26,Thailand,Phuket Island,53
2023-08-26,Thailand,Sathorn,1
2023-07-19,Thailand,Don Muang,7
2023-07-05,Thailand,Muang Nonthaburi,1
2023-03-14,Thailand,Sattahip,1
2023-04-05,Thailand,Lak Si,1
2023-11-04,Thailand,Hua Hin,14
2023-11-04,Thailand,Muang Phitsanulok,2
2023-09-02,Thailand,Pattaya,124
2023-09-02,Thailand,Muang Chon Buri,3
2023-01-21,Thailand,K. Ko Chang,1
2023-01-21,Thailand,Bang Lamung,2
2023-04-19,Thailand,Muang Satun,1
2023-04-19,Thailand,Huai Kwang,1
2023-09-16,Thailand,Bang Kapi,5
2023-03-14,Thailand,Muang Buri Ram,1
2023-05-25,Thailand,Bang Lamung,21
2023-09-01,Thailand,Phuket Island,47
2023-09-01,Thailand,Bang Lamung,41
2023-09-01,Thailand,Ko Yao District,1
2023-04-04,Thailand,Wattana,33
2023-09-15,Thailand,Rat Burana,1
2023-04-18,Thailand,Bang Rak,12
2023-04-18,Thailand,Chatuchak,4
2023-04-18,Thailand,Don Muang,2
2023-09-29,Thailand,Phra Nakhon,6
2023-09-29,Thailand,Khlong San,13
2023-09-29,Thailand,Thai Muang,2
2023-04-07,Thailand,Samphantawong,9
2023-08-08,Thailand,Khlong Toey,30
2023-08-08,Thailand,Khlong San,6
2023-08-08,Thailand,Bang Kapi,5
2023-08-08,Thailand,Prawet,1
2023-11-02,Thailand,K. Bang Sao Thon,10
2023-11-16,Thailand,Rat Burana,2
2023-09-04,Thailand,Bang Rak,54
2023-11-03,Thailand,Bang Saphan,1
2023-09-18,Thailand,Thon Buri,2
2023-09-18,Thailand,Phra Khanong,9
2023-09-18,Thailand,Muang Chiang Mai,16
2023-11-17,Thailand,Mueang Krabi,24
2023-11-17,Thailand,Muang Phangnga,2
2023-06-20,Thailand,Muang Buri Ram,1
2023-01-22,Thailand,Wattana,11
2023-11-18,Thailand,Dusit,2
2023-09-17,Thailand,Muang Rayong,1
2023-05-13,Thailand,Thawi Wattana,1
2023-05-14,Thailand,Chatuchak,4
2023-01-22,Thailand,Muang Nonthaburi,3
2023-05-27,Thailand,Bang Rak,34
2023-05-27,Thailand,Lat Krabang,2
2023-09-03,Thailand,Phra Nakhon,15
2023-11-14,Thailand,Pattaya,113
2023-11-14,Thailand,Muang Nonthaburi,6
2023-04-15,Thailand,Khlong San,7
2023-10-07,Thailand,Muang Kanchanaburi,4
2023-09-26,Thailand,Bang Saphan,1
2023-05-21,Thailand,Wattana,22
2023-01-31,Thailand,Prawet,1
2023-11-01,Thailand,Ko Phangan,4
2023-08-19,Thailand,Pattaya,88
2023-08-19,Thailand,Lat Phrao,1
2023-08-19,Thailand,Phra Nakhon,11
2023-10-08,Thailand,Bang Kapi,1
2023-10-08,Thailand,Pathum Wan,7
2023-10-08,Thailand,Bang Lamung,16
2023-09-26,Thailand,Sathorn,1
2023-09-26,Thailand,Bang Plee,3
2023-09-26,Thailand,Suan Luang,7
2023-04-14,Thailand,Muang Pathum Thani,1
2023-04-14,Thailand,Samphantawong,3
2023-08-05,Thailand,Muang Surat Thani,1
2023-09-11,Thailand,Lam Luk Ka,2
2023-04-29,Thailand,Muang Nonthaburi,3
2023-05-20,Thailand,Bang Rak,40
2023-05-20,Thailand,Din Dang,3
2023-05-20,Thailand,Cha-Am,6
2023-04-28,Thailand,Pak Chong,4
2023-04-28,Thailand,Bang Rak,21
2023-09-12,Thailand,Hua Hin,14
2023-09-12,Thailand,Takua Pa,1
2023-11-15,Thailand,Chatuchak,11
2023-11-15,Thailand,Lat Krabang,10
2023-03-07,Thailand,Sathorn,7
2023-08-04,Thailand,Phuttha Mon Thon,1
2023-08-18,Thailand,Hat Yai,9
2023-08-18,Thailand,Cha-Am,10
2023-09-25,Thailand,Ko Lanta,1
2023-10-09,Thailand,Bang Kapi,1
2023-09-14,Thailand,Hua Hin,16
2023-11-13,Thailand,Thon Buri,1
2023-11-13,Thailand,Ko Phangan,5
2023-10-06,Thailand,Hua Hin,23
2023-04-17,Thailand,Pom Pram Sattru,1
2023-04-17,Thailand,Suan Luang,1
2023-04-17,Thailand,Pak Kret,7
2023-09-14,Thailand,Samphantawong,10
2023-05-24,Thailand,K. Bang Sao Thon,10
2023-04-16,Thailand,Hua Hin,1
2023-11-01,Thailand,Muang Udon Thani,1
2023-05-23,Thailand,Chatuchak,9
2023-05-23,Thailand,Hat Yai,7
2023-05-23,Thailand,Don Muang,1
2023-01-30,Thailand,Pattaya,24
2023-06-13,Thailand,Huai Kwang,8
2023-06-13,Thailand,Dusit,2
2023-03-09,Thailand,Muang Rayong,6
2023-11-12,Thailand,Don Muang,5
2023-11-12,Thailand,Hat Yai,3
2023-02-22,Thailand,K. Bang Sao Thon,5
2023-02-22,Thailand,Sathorn,1
2023-05-06,Thailand,Hua Hin,6
2023-05-06,Thailand,Bang Rak,5
2023-05-06,Thailand,Sathorn,2
2023-09-13,Thailand,Dusit,9
2023-04-01,Thailand,Takua Pa,19
2023-06-27,Thailand,Muang Chiang Rai,1
2023-02-21,Thailand,Wattana,31
2023-02-21,Thailand,Muang Rayong,5
2023-06-11,Thailand,Hat Yai,6
2023-06-11,Thailand,Muang Chiang Mai,4
2023-10-30,Thailand,Phuttha Mon Thon,1
2023-01-29,Thailand,Khlong Hoi Kong,1
2023-01-29,Thailand,Samphantawong,1
2023-05-05,Thailand,Cha-Am,1
2023-05-19,Thailand,Ratchathewi,121
2023-07-22,Thailand,Hua Hin,18
2023-02-10,Thailand,Bang Bo,1
2023-05-19,Thailand,Phra Khanong,3
2023-05-08,Thailand,Hua Hin,4
2023-01-14,Thailand,Huai Kwang,12
2023-01-02,Thailand,Bang Rak,14
2023-01-02,Thailand,Muang Chiang Mai,8
2023-06-14,Thailand,Ratchathewi,152
2023-06-14,Thailand,Muang Nakhon Pathom,5
2023-06-14,Thailand,K. Bang Sao Thon,5
2023-04-09,Thailand,Phuttha Mon Thon,1
2023-01-11,Thailand,Hua Hin,6
2023-05-02,Thailand,Muang Ubon Ratchatani,1
2023-07-20,Thailand,Si Racha,2
2023-07-20,Thailand,Muang Nonthaburi,1
2023-05-07,Thailand,Suan Luang,1
2023-03-30,Thailand,Bang Na,1
2023-02-23,Thailand,Bang Rak,21
2023-02-23,Thailand,Wattana,25
2023-11-09,Thailand,Aranyaprathet,2
2023-01-24,Thailand,Phuket Island,16
2023-01-24,Thailand,Pak Thong Chai,1
2023-09-09,Thailand,Phra Nakhon,6
2023-01-10,Thailand,Pathum Wan,11
2023-01-25,Thailand,Muang Rayong,2
2023-07-21,Thailand,Huai Kwang,8
2023-07-21,Thailand,Muang Kanchanaburi,3
2023-01-11,Thailand,Din Dang,1
2023-05-01,Thailand,Hat Yai,2
2023-05-01,Thailand,Muak Lek,1
2023-01-13,Thailand,Khlong Toey,6
2023-01-13,Thailand,Bang Lamung,16
2023-01-28,Thailand,Pathum Wan,13
2023-01-28,Thailand,Wang Thonglang,1
2023-06-22,Thailand,Pak Chong,1
2023-02-20,Thailand,Takua Pa,1
2023-05-04,Thailand,Muang Rayong,14
2023-11-06,Thailand,Khlong Toey,33
2023-06-10,Thailand,Sathorn,8
2023-01-12,Thailand,Phra Nakhon,1
2023-06-25,Thailand,Bang Kapi,2
2023-05-17,Thailand,Lat Krabang,4
2023-07-31,Thailand,Si Racha,1
2023-07-31,Thailand,Wang Thonglang,1
2023-09-07,Thailand,Bang Plad,7
2023-07-30,Thailand,Bang Khae,2
2023-11-08,Thailand,Ko Lanta,9
2023-01-26,Thailand,Muang Chon Buri,1
2023-02-17,Thailand,Mueang Krabi,2
2023-07-14,Thailand,Hat Yai,11
2023-07-14,Thailand,Samphantawong,3
2023-10-23,Thailand,Muang Chiang Rai,2
2023-06-07,Thailand,Ko Samui,1
2023-02-02,Thailand,Hua Hin,13
2023-03-23,Thailand,Aranyaprathet,1
2023-06-06,Thailand,Pak Chong,4
2023-06-06,Thailand,Khlong Toey,15
2023-06-06,Thailand,Suan Luang,1
2023-06-06,Thailand,Muang Nakhon Pathom,1
2023-07-27,Thailand,Phuttha Mon Thon,2
2023-07-27,Thailand,Bang Saphan,2
2023-02-15,Thailand,Bang Rak,19
2023-10-10,Thailand,Mueang Krabi,50
2023-10-10,Thailand,Wang Thonglang,1
2023-08-23,Thailand,Bang Plad,3
2023-03-11,Thailand,Chatuchak,1
2023-03-11,Thailand,Lak Si,1
2023-07-16,Thailand,Ratchathewi,137
2023-07-15,Thailand,Mueang Krabi,26
2023-07-01,Thailand,Huai Kwang,7
2023-10-22,Thailand,Pom Pram Sattru,1
2023-07-29,Thailand,Muang Khon Kaen,7
2023-07-29,Thailand,Lak Si,1
2023-06-08,Thailand,Muang Satun,7
2023-03-24,Thailand,Hat Yai,4
2023-03-24,Thailand,Muang Rayong,1
2023-03-24,Thailand,Khlong Luang,1
2023-03-24,Thailand,Bangkok Noi,1
2023-02-03,Thailand,Pathum Wan,14
2023-07-24,Thailand,Si Racha,1
2023-07-24,Thailand,Sattahip,1
2023-06-03,Thailand,Phaya Thai,6
2023-02-12,Thailand,Muang Nonthaburi,2
2023-06-17,Thailand,Mueang Krabi,14
2023-06-17,Thailand,K. Bang Sao Thon,1
2023-06-17,Thailand,Don Muang,1
2023-02-26,Thailand,Muang Nonthaburi,1
2023-08-30,Thailand,Wattana,19
2023-08-30,Thailand,Muang Chiang Rai,3
2023-07-23,Thailand,Muang Tak,1
2023-01-19,Thailand,Aranyaprathet,1
2023-01-19,Thailand,Ko Samui,1
2023-06-02,Thailand,Khlong Toey,30
2023-06-16,Thailand,Sathorn,2
2023-02-11,Thailand,Lam Luk Ka,1
2023-10-20,Thailand,K. Ko Chang,2
2023-10-20,Thailand,Khlong Toey,39
2023-02-25,Thailand,Muang Chiang Rai,1
2023-07-12,Thailand,Phuket Island,36
2023-01-08,Thailand,Pattaya,7
2023-07-26,Thailand,Pattaya,142
2023-07-26,Thailand,Chatuchak,24
2023-07-26,Thailand,Phra Nakhon,18
2023-06-19,Thailand,Pak Kret,1
2023-07-26,Thailand,Muang Nonthaburi,1
2023-10-31,Thailand,Ko Lanta,1
2023-10-31,Thailand,Thawi Wattana,1
2023-03-21,Thailand,Si Racha,1
2023-03-21,Thailand,Phra Nakhon,6
2023-02-28,Thailand,Hua Hin,5
2023-06-04,Thailand,Bang Na,1
2023-01-07,Thailand,Muang Nonthaburi,13
2023-01-07,Thailand,Muang Chiang Rai,1
2023-07-11,Thailand,Khlong Toey,37
2023-07-11,Thailand,Bang Plee,18
2023-07-11,Thailand,Yannawa,1
2023-03-20,Thailand,Khlong Toey,13
2023-03-20,Thailand,Bang Na,1
2023-06-18,Thailand,Pak Chong,3
2023-06-18,Thailand,Samphantawong,3
2023-07-10,Thailand,Lat Krabang,5
2023-07-10,Thailand,Bang Kapi,2
2023-07-25,Thailand,Muang Khon Kaen,7
2023-07-25,Thailand,Hat Yai,7
2023-07-25,Thailand,Bang Kho Laem,1
2023-08-31,Thailand,Hat Yai,3
2023-08-31,Thailand,San Sai,2
2023-10-17,Thailand,San Sai,1
2023-10-17,Thailand,Takua Pa,4
2023-10-17,Thailand,Muang Chiang Rai,3
2023-10-17,Thailand,Muang Pathum Thani,1
2023-09-22,Thailand,Phra Khanong,6
2023-10-03,Thailand,Khan Na Yao,1
2023-03-04,Thailand,Sathorn,7
2023-10-03,Thailand,Hat Yai,4
2023-03-18,Thailand,Khlong San,14
2023-03-18,Thailand,Muang Chiang Rai,12
2023-08-15,Thailand,Wattana,33
2023-08-29,Thailand,Bang Kapi,1
2023-03-03,Thailand,Muang Phangnga,1
2023-04-10,Thailand,Pattaya,31
2023-04-24,Thailand,Lam Luk Ka,1
2023-09-21,Thailand,Muang Kanchanaburi,1
2023-10-04,Thailand,Bang Lamung,15
2023-05-30,Thailand,Phaya Thai,1
2023-09-10,Thailand,Prawet,2
2023-09-10,Thailand,K. Bang Sao Thon,10
2023-10-19,Thailand,Khlong Toey,37
2023-10-19,Thailand,Phuket Island,56
2023-10-19,Thailand,Muang Ubon Ratchatani,5
2023-11-11,Thailand,Takua Pa,4
2023-11-11,Thailand,Bang Khae,2
2023-11-11,Thailand,Lat Phrao,2
2023-04-27,Thailand,Lat Krabang,2
2023-08-03,Thailand,Muang Rayong,2
2023-08-17,Thailand,Muang Chiang Mai,8
2023-08-17,Thailand,Bang Rak,60
2023-10-01,Thailand,Thon Buri,1
2023-11-22,Thailand,Muang Samut Prakan,1
2023-09-24,Thailand,K. Ko Chang,1
2023-09-24,Thailand,Khlong Toey,26
2023-10-16,Thailand,Bang Bo,2
2023-10-16,Thailand,San Sai,1
2023-10-16,Thailand,Sathorn,1
2023-10-16,Thailand,Kaeng Krachan,1
2023-04-12,Thailand,Bang Kho Laem,1
2023-03-19,Thailand,Phuttha Mon Thon,1
2023-10-02,Thailand,Bang Lamung,34
2023-10-02,Thailand,Muang Nakhon Ratchasima,1
2023-08-02,Thailand,Don Muang,2
2023-09-23,Thailand,Klaeng,7
2023-09-23,Thailand,Khan Na Yao,3
2023-08-16,Thailand,Wattana,48
2023-08-16,Thailand,Muang Satun,7
2023-08-16,Thailand,Samphantawong,2
2023-08-16,Thailand,Thawi Wattana,2
2023-07-09,Thailand,Wang Thonglang,2
2023-07-09,Thailand,Ko Yao District,1
2023-10-27,Thailand,Bang Kapi,4
2023-10-27,Thailand,Pak Chong,8
2023-10-27,Thailand,Pathum Wan,24
2023-04-11,Thailand,Lam Luk Ka,1
2023-10-13,Thailand,Lat Krabang,4
2023-10-13,Thailand,Huai Kwang,7
2023-02-07,Thailand,Phuket Island,37
2023-07-04,Thailand,Muang Khon Kaen,4
2023-07-04,Thailand,Hat Yai,9
2023-07-04,Thailand,Ko Samui,2
2023-08-25,Thailand,Chom Thong,1
2023-08-25,Thailand,Wang Thonglang,2
2023-04-20,Thailand,Pathum Wan,10
2023-03-28,Thailand,Pak Chong,4
2023-03-28,Thailand,Lat Krabang,1
2023-07-18,Thailand,Muang Samut Prakan,2
2023-03-27,Thailand,Bang Kapi,2
2023-02-06,Thailand,Muang Nonthaburi,5
2023-07-03,Thailand,Phra Nakhon,4
2023-07-03,Thailand,Muang Nonthaburi,1
2023-10-14,Thailand,Sattahip,1
2023-07-17,Thailand,Lat Krabang,9
2023-07-17,Thailand,Muang Khon Kaen,5
2023-07-17,Thailand,Pom Pram Sattru,1
2023-07-17,Thailand,Wang Thonglang,1
2023-03-12,Thailand,Pathum Wan,21
2023-03-12,Thailand,Pak Chong,1
2023-03-12,Thailand,Hua Hin,2
2023-03-12,Thailand,Sathorn,1
2023-03-16,Thailand,Muang Phitsanulok,1
2023-10-25,Thailand,Bang Lamung,20
2023-09-20,Thailand,Khan Na Yao,1
2023-09-20,Thailand,Muang Surat Thani,2
2023-09-30,Thailand,Ratchathewi,147
2023-09-30,Thailand,Bang Rak,20
2023-09-30,Thailand,Lat Phrao,1
2023-09-30,Thailand,Klaeng,1
2023-10-11,Thailand,Bang Plad,2
2023-10-11,Thailand,Khlong San,22
2023-02-09,Thailand,Bang Lamung,19
2023-08-13,Thailand,Muang Nakhon Ratchasima,3
2023-03-01,Thailand,Bang Rak,43
2023-10-26,Thailand,Lat Krabang,5
2023-07-06,Thailand,Muang Phangnga,1
2023-08-12,Thailand,Mueang Krabi,22
2023-02-08,Thailand,Ratchathewi,102
2023-04-21,Thailand,Muang Nakhon Ratchasima,1
2023-04-21,Thailand,Klaeng,2
2023-07-19,Thailand,Lam Luk Ka,5
2023-07-19,Thailand,Mae Rim,1
2023-07-05,Thailand,Pattaya,45
2023-07-05,Thailand,Bang Kapi,3
2023-07-05,Thailand,Samphantawong,2
2023-04-05,Thailand,Muang Udon Thani,1
2023-11-04,Thailand,Bang Saphan,1
2023-09-02,Thailand,Hua Hin,6
2023-09-02,Thailand,Chiang Khan,1
2023-04-19,Thailand,Bang Rak,20
2023-04-19,Thailand,Muang Chiang Rai,3
2023-09-16,Thailand,Thawi Wattana,2
2023-08-09,Thailand,Cha-Am,15
2023-09-01,Thailand,Lat Phrao,6
2023-09-01,Thailand,Dusit,6
2023-09-01,Thailand,Pak Kret,1
2023-01-20,Thailand,Khlong Toey,7
2023-04-18,Thailand,Suan Luang,1
2023-04-18,Thailand,Huai Kwang,5
2023-11-16,Thailand,Mae Rim,5
2023-11-05,Thailand,Samphantawong,1
2023-05-10,Thailand,Samphantawong,7
2023-04-07,Thailand,Wattana,24
2023-04-07,Thailand,Bang Rak,10
2023-08-08,Thailand,Bang Plad,6
2023-08-08,Thailand,Muang Kanchanaburi,1
2023-11-02,Thailand,Phra Khanong,5
2023-11-02,Thailand,K. Ko Kut,1
2023-05-28,Thailand,Bang Plee,3
2023-06-20,Thailand,Hua Hin,3
2023-09-04,Thailand,Khlong Toey,19
2023-09-04,Thailand,Takua Pa,4
2023-11-03,Thailand,Hat Yai,13
2023-11-03,Thailand,Mueang Krabi,41
2023-11-17,Thailand,Lat Krabang,1
2023-01-22,Thailand,Muang Khon Kaen,2
2023-09-17,Thailand,Mueang Krabi,33
2023-09-17,Thailand,Ko Samui,7
2023-05-13,Thailand,Muang Chiang Rai,1
2023-09-19,Thailand,Don Muang,3
2023-09-19,Thailand,Khan Na Yao,1
2023-09-19,Thailand,Muang Samut Prakan,1
2023-05-27,Thailand,Phuttha Mon Thon,3
2023-05-27,Thailand,Don Muang,2
2023-09-03,Thailand,Bang Kho Laem,1
2023-05-12,Thailand,Muang Chiang Mai,6
2023-11-14,Thailand,Lak Si,1
2023-11-14,Thailand,Sattahip,3
2023-11-14,Thailand,Khlong Luang,3
2023-04-15,Thailand,Ratchathewi,117
2023-04-15,Thailand,Sattahip,1
2023-04-06,Thailand,Ratchathewi,123
2023-04-06,Thailand,Muang Rayong,2
2023-03-08,Thailand,Phuket Island,50
2023-09-26,Thailand,Ratchathewi,192
2023-05-21,Thailand,Muang Chiang Mai,5
2023-05-21,Thailand,Chatuchak,12
2023-08-19,Thailand,Phra Khanong,5
2023-10-08,Thailand,San Sai,1
2023-10-08,Thailand,Suan Luang,1
2023-04-14,Thailand,Bang Na,1
2023-04-14,Thailand,Muang Khon Kaen,6
2023-09-11,Thailand,Chatuchak,33
2023-04-29,Thailand,Khlong Luang,1
2023-05-20,Thailand,K. Bang Sao Thon,10
2023-09-12,Thailand,Muang Satun,9
2023-11-15,Thailand,Muang Buri Ram,2
2023-08-04,Thailand,Pak Kret,2
2023-09-25,Thailand,Phaya Thai,1
2023-09-25,Thailand,Phra Nakhon,12
2023-10-09,Thailand,Don Muang,11
2023-10-09,Thailand,Phra Khanong,14
2023-10-09,Thailand,Phuttha Mon Thon,3
2023-09-14,Thailand,Si Racha,1
2023-09-28,Thailand,Takua Pa,4
2023-10-06,Thailand,Khlong Toey,27
2023-10-06,Thailand,K. Bang Sao Thon,10
2023-08-07,Thailand,Mueang Krabi,33
2023-05-24,Thailand,Hat Yai,4
2023-05-24,Thailand,Cha-Am,7
2023-10-06,Thailand,Phuttha Mon Thon,1
2023-10-06,Thailand,Wang Thonglang,1
2023-11-01,Thailand,Khlong Luang,1
2023-04-03,Thailand,Si Racha,2
2023-06-30,Thailand,Bang Rak,33
2023-06-30,Thailand,Phuttha Mon Thon,2
2023-06-13,Thailand,Din Dang,2
2023-06-13,Thailand,Muang Satun,3
2023-04-01,Thailand,Pattaya,50
2023-11-12,Thailand,Din Dang,3
2023-02-22,Thailand,Cha-Am,9
2023-04-16,Thailand,Muang Chiang Rai,2
2023-05-06,Thailand,Huai Kwang,5
2023-09-13,Thailand,Muang Khon Kaen,4
2023-04-02,Thailand,Wattana,17
2023-04-02,Thailand,Chatuchak,4
2023-06-27,Thailand,Ko Samui,2
2023-06-26,Thailand,Chatuchak,1
2023-02-21,Thailand,Phra Khanong,6
2023-06-01,Thailand,Si Racha,1
2023-06-11,Thailand,Muang Khon Kaen,3
2023-10-30,Thailand,Muang Rayong,1
2023-07-22,Thailand,Samphantawong,4
2023-07-22,Thailand,Bang Kho Laem,2
2023-02-10,Thailand,Lat Krabang,1
2023-02-10,Thailand,Bang Kapi,1
2023-01-15,Thailand,Wattana,22
2023-01-15,Thailand,Phra Nakhon,1
2023-01-17,Thailand,Phuket Island,17
2023-01-02,Thailand,Khlong Toey,9
2023-06-12,Thailand,Chatuchak,5
2023-06-12,Thailand,Hat Yai,4
2023-06-12,Thailand,Bang Plad,2
2023-06-14,Thailand,Samphantawong,5
2023-06-15,Thailand,Pattaya,90
2023-06-26,Thailand,Thawi Wattana,1
2023-01-11,Thailand,Khlong Toey,8
2023-06-28,Thailand,Sawankhalok,1
2023-06-28,Thailand,K. Bang Sao Thon,1
2023-07-20,Thailand,Ratchathewi,145
2023-07-20,Thailand,Thawi Wattana,3
2023-07-20,Thailand,Lam Luk Ka,7
2023-07-20,Thailand,Muang Nakhon Pathom,1
2023-07-20,Thailand,Khlong Luang,2
2023-05-07,Thailand,Hat Yai,5
2023-05-07,Thailand,Phaya Thai,2
2023-11-09,Thailand,Sadao,2
2023-11-09,Thailand,Prawet,1
2023-11-09,Thailand,Ban Chang,5
2023-11-09,Thailand,Thai Muang,1
2023-05-15,Thailand,Wang Thonglang,1
2023-05-15,Thailand,Pattaya,55
2023-09-09,Thailand,Lat Phrao,4
2023-09-09,Thailand,Bang Lamung,28
2023-05-16,Thailand,Ratchathewi,136
2023-05-16,Thailand,Hat Yai,5
2023-01-16,Thailand,Pak Chong,1
2023-09-05,Thailand,Muang Chiang Mai,13
2023-01-25,Thailand,Muang Udon Thani,1
2023-01-25,Thailand,Chatuchak,1
2023-09-06,Thailand,Hat Yai,6
2023-09-06,Thailand,Muang Rayong,2
2023-02-24,Thailand,Bang Bo,1
2023-07-21,Thailand,Lam Luk Ka,1
2023-07-21,Thailand,Khan Na Yao,2
2023-01-11,Thailand,Huai Kwang,32
2023-01-11,Thailand,Lat Krabang,1
2023-05-01,Thailand,Bang Rak,25
2023-05-18,Thailand,Muang Buri Ram,1
2023-05-18,Thailand,Muang Khon Kaen,2
2023-06-22,Thailand,Phuket Island,30
2023-06-22,Thailand,Ko Samui,5
2023-11-07,Thailand,Bang Kapi,4
2023-11-07,Thailand,Muang Phangnga,1
2023-02-20,Thailand,Muang Nakhon Pathom,2
2023-06-21,Thailand,Pattaya,100
2023-06-21,Thailand,Khlong Toey,20
2023-11-06,Thailand,Sathorn,2
2023-11-06,Thailand,Bang Plad,2
2023-05-03,Thailand,Pathum Wan,4
2023-06-24,Thailand,Khan Na Yao,1
2023-06-10,Thailand,Khlong Luang,3
2023-06-10,Thailand,K. Bang Sao Thon,1
2023-01-12,Thailand,Muang Samut Prakan,1
2023-06-25,Thailand,Cha-Am,3
2023-06-25,Thailand,Phra Khanong,16
2023-05-17,Thailand,Muang Chiang Mai,8
2023-09-08,Thailand,Amphawa,1
2023-09-08,Thailand,Sathorn,1
2023-07-31,Thailand,Don Muang,3
2023-09-07,Thailand,Khlong Toey,21
2023-09-07,Thailand,Phra Nakhon,10
2023-09-07,Thailand,San Sai,1
2023-09-07,Thailand,Khan Na Yao,1
2023-07-30,Thailand,Pathum Wan,8
2023-11-08,Thailand,K. Bang Sao Thon,4
2023-08-21,Thailand,Chatuchak,6
2023-07-14,Thailand,Pak Chong,3
2023-07-14,Thailand,Min Buri,2
2023-10-23,Thailand,Phaya Thai,5
2023-10-23,Thailand,Khan Na Yao,2
2023-10-23,Thailand,Phuket Island,55
2023-06-07,Thailand,Lat Krabang,8
2023-02-02,Thailand,Pattaya,39
2023-02-16,Thailand,Pattaya,20
2023-10-24,Thailand,Muang Kanchanaburi,3
2023-07-13,Thailand,Muang Khon Kaen,2
2023-07-13,Thailand,Takua Pa,5
2023-02-01,Thailand,Bang Khun Thian,2
2023-02-01,Thailand,Hua Hin,5
2023-03-22,Thailand,Pattaya,45
2023-07-27,Thailand,Suan Phung,1
2023-07-27,Thailand,Prawet,4
2023-10-10,Thailand,San Sai,1
2023-02-05,Thailand,Mueang Krabi,2
2023-07-02,Thailand,Dusit,1
2023-03-26,Thailand,Lak Si,1
2023-03-26,Thailand,K. Bang Sao Thon,3
2023-03-11,Thailand,Pattaya,42
2023-03-11,Thailand,Sattahip,1
2023-10-21,Thailand,Bang Plad,3
2023-10-21,Thailand,Samphantawong,3
2023-06-09,Thailand,Muang Rayong,2
2023-07-01,Thailand,Muang Phangnga,1
2023-10-22,Thailand,Ratchathewi,114
2023-10-22,Thailand,Muang Khon Kaen,1
2023-07-29,Thailand,Don Muang,2
2023-07-29,Thailand,Sawankhalok,1
2023-07-29,Thailand,Muang Phangnga,2
2023-03-10,Thailand,Muang Khon Kaen,4
2023-06-08,Thailand,Phuket Island,21
2023-06-08,Thailand,Phra Khanong,4
2023-03-24,Thailand,Phuket Island,51
2023-02-03,Thailand,K. Bang Sao Thon,9
2023-01-06,Thailand,Samphantawong,1
2023-02-27,Thailand,Bang Rak,36
2023-07-24,Thailand,Phuket Island,57
2023-06-03,Thailand,Ko Phangan,2
2023-06-17,Thailand,Pattaya,62
2023-01-05,Thailand,Phaya Thai,1
2023-07-23,Thailand,Lat Krabang,8
2023-06-16,Thailand,Phra Nakhon,10
2023-02-11,Thailand,Khan Na Yao,1
2023-02-11,Thailand,Huai Kwang,7
2023-10-20,Thailand,Samphantawong,1
2023-02-25,Thailand,Muang Nonthaburi,2
2023-02-25,Thailand,Phra Nakhon Si Ayutthaya,1
2023-06-05,Thailand,Bang Plad,2
2023-06-05,Thailand,Muang Satun,1
2023-06-05,Thailand,Muang Nonthaburi,1
2023-06-05,Thailand,Muang Khon Kaen,1
2023-01-04,Thailand,Muang Chiang Mai,10
2023-06-19,Thailand,Khan Na Yao,2
2023-07-26,Thailand,Klaeng,2
2023-07-11,Thailand,Phaya Thai,13
2023-03-20,Thailand,Ratchathewi,77
2023-03-20,Thailand,Sattahip,1
2023-03-20,Thailand,K. Ko Kut,1
2023-03-20,Thailand,Min Buri,1
2023-06-18,Thailand,Pak Kret,1
2023-06-18,Thailand,Takua Pa,1
2023-07-25,Thailand,Bang Khae,2
2023-02-13,Thailand,Muang Lampang,1
2023-08-31,Thailand,Khan Na Yao,2
2023-08-01,Thailand,Phuket Island,38
2023-08-01,Thailand,Mueang Krabi,14
2023-08-01,Thailand,Phuttha Mon Thon,1
2023-09-22,Thailand,Phuket Island,31
2023-09-22,Thailand,Muang Pathum Thani,1
2023-03-04,Thailand,Sawankhalok,1
2023-03-18,Thailand,Hua Hin,3
2023-03-18,Thailand,Muang Satun,1
2023-08-15,Thailand,Bang Plad,13
2023-08-15,Thailand,Pak Kret,2
2023-08-29,Thailand,Hat Yai,5
2023-08-29,Thailand,Sattahip,1
2023-07-08,Thailand,Don Muang,2
2023-03-03,Thailand,Bang Na,1
2023-03-03,Thailand,Muang Nonthaburi,4
2023-04-10,Thailand,Phra Nakhon,7
2023-04-24,Thailand,Phuket Island,48
2023-11-10,Thailand,Pattaya,102
2023-09-21,Thailand,Mueang Krabi,27
2023-09-21,Thailand,Khlong Luang,1
2023-10-04,Thailand,Si Racha,2
2023-10-04,Thailand,Phra Khanong,19
2023-05-30,Thailand,Samphantawong,4
2023-05-30,Thailand,Cha-Am,5
2023-05-30,Thailand,Ko Samui,1
2023-07-07,Thailand,Muang Nakhon Ratchasima,3
2023-08-14,Thailand,Muang Khon Kaen,3
2023-08-14,Thailand,Muang Rayong,2
2023-10-19,Thailand,Bang Plee,1
2023-10-19,Thailand,K. Ko Chang,1
2023-10-19,Thailand,Ratchathewi,182
2023-04-23,Thailand,Khlong Toey,9
2023-04-23,Thailand,Klaeng,2
2023-10-29,Thailand,Pua,1
2023-04-27,Thailand,Muang Rayong,4
2023-03-06,Thailand,Phra Nakhon,3
2023-08-03,Thailand,Phra Nakhon,5
2023-08-03,Thailand,Dusit,2
2023-11-22,Thailand,Wattana,5
2023-08-17,Thailand,Huai Kwang,10
2023-08-17,Thailand,Pak Chong,3
2023-08-17,Thailand,Muang Phitsanulok,2
2023-09-24,Thailand,Suan Luang,2
2023-09-24,Thailand,Ko Yao District,1
2023-09-24,Thailand,Muang Chiang Rai,2
2023-10-16,Thailand,K. Bang Sao Thon,8
2023-03-05,Thailand,Muang Chiang Rai,2
2023-03-19,Thailand,Wattana,20
2023-08-02,Thailand,Chatuchak,42
2023-08-02,Thailand,Sattahip,4
2023-04-26,Thailand,Bang Rak,11
2023-04-26,Thailand,Khlong San,16
2023-09-23,Thailand,Ko Yao District,1
2023-08-16,Thailand,Muang Songkhla,1
2023-08-02,Thailand,Khan Na Yao,1
2023-07-09,Thailand,Phuket Island,34
2023-07-09,Thailand,Si Racha,1
2023-10-27,Thailand,Pattaya,111
2023-10-27,Thailand,Ko Phangan,1
2023-10-27,Thailand,Phaya Thai,3
2023-04-11,Thailand,Ko Phangan,1
2023-04-11,Thailand,K. Sam Roi Yot,1
2023-10-13,Thailand,Chatuchak,28
2023-10-13,Thailand,Suan Luang,4
2023-02-07,Thailand,Ratchathewi,90
2023-02-07,Thailand,Hat Yai,11
2023-02-07,Thailand,Bang Kruai,1
2023-08-25,Thailand,Bang Plad,5
2023-08-25,Thailand,Hua Hin,21
2023-08-25,Thailand,Cha-Am,8
2023-04-20,Thailand,Phaya Thai,12
2023-03-28,Thailand,Phra Nakhon,8
2023-03-28,Thailand,Bang Plee,1
2023-07-18,Thailand,Sikhiu,1
2023-11-20,Thailand,Pattaya,148
2023-11-20,Thailand,Bang Rak,23
2023-11-20,Thailand,Ban Chang,1
2023-11-20,Thailand,Muang Chiang Rai,2
2023-03-27,Thailand,Phra Nakhon,4
2023-08-10,Thailand,Muang Chon Buri,2
2023-08-10,Thailand,Pak Chong,1
2023-08-10,Thailand,Muang Satun,9
2023-03-13,Thailand,Pattaya,28
2023-03-13,Thailand,Bang Plad,1
2023-07-03,Thailand,Lat Krabang,10
2023-10-28,Thailand,Chatuchak,7
2023-10-14,Thailand,Chatuchak,15
2023-08-24,Thailand,Bang Bua Thong,1
2023-07-17,Thailand,Muang Satun,14
2023-07-17,Thailand,Bang Kapi,1
2023-07-17,Thailand,Takua Pa,5
2023-11-21,Thailand,Ko Yao District,4
2023-11-21,Thailand,Muang Nakhon Nayok,1
2023-03-16,Thailand,Ko Samui,3
2023-10-25,Thailand,Phra Nakhon,13
2023-09-20,Thailand,Muang Khon Kaen,6
2023-09-20,Thailand,Muang Nonthaburi,1
2023-10-11,Thailand,Don Muang,14
2023-02-09,Thailand,Samphantawong,10
2023-08-27,Thailand,Bangkok Noi,2
2023-08-27,Thailand,Mueang Krabi,30
2023-08-13,Thailand,Din Dang,8
2023-08-13,Thailand,Muang Nonthaburi,1
2023-08-13,Thailand,Pak Chong,2
2023-10-26,Thailand,Khlong Toey,38
2023-07-06,Thailand,Muang Satun,8
2023-08-12,Thailand,Lam Luk Ka,1
2023-10-12,Thailand,Khlong Luang,1
2023-07-19,Thailand,Hat Yai,7
2023-07-19,Thailand,Ko Samui,2
2023-07-05,Thailand,Ko Samui,7
2023-07-05,Thailand,Phra Khanong,4
2023-03-14,Thailand,Phra Khanong,6
2023-03-14,Thailand,Mueang Krabi,1
2023-04-05,Thailand,Hua Hin,5
2023-04-05,Thailand,Bang Khun Thian,3
2023-11-04,Thailand,K. Ko Kut,1
2023-11-04,Thailand,Ratchathewi,195
2023-11-19,Thailand,Samoeng,1
2023-01-21,Thailand,Bang Rak,11
2023-04-19,Thailand,Hat Yai,8
2023-09-16,Thailand,Samphantawong,3
2023-08-09,Thailand,Hat Yai,3
2023-05-25,Thailand,Bang Khun Thian,1
2023-09-01,Thailand,Muang Samut Prakan,1
2023-09-01,Thailand,Muang Kanchanaburi,1
2023-04-04,Thailand,Samphantawong,8
2023-01-20,Thailand,Pattaya,7
2023-01-20,Thailand,Muang Chiang Rai,4
2023-09-15,Thailand,Ko Samui,2
2023-09-15,Thailand,K. Bang Sao Thon,18
2023-04-18,Thailand,Hat Yai,4
2023-04-18,Thailand,Cha-Am,2
2023-11-16,Thailand,Phra Khanong,7
2023-08-08,Thailand,Ratchathewi,196
2023-08-08,Thailand,Ko Lanta,2
2023-11-02,Thailand,Phuket Island,77
2023-11-02,Thailand,Muang Satun,9
2023-11-02,Thailand,Bang Plad,1
2023-11-02,Thailand,Takua Pa,1
2023-09-04,Thailand,Doi Saket,1
2023-11-03,Thailand,Don Muang,9
2023-11-17,Thailand,Hat Yai,9
2023-11-17,Thailand,Din Dang,7
2023-11-17,Thailand,Thawi Wattana,2
2023-06-20,Thailand,Pak Kret,1
2023-01-22,Thailand,Suan Luang,2
2023-01-22,Thailand,Phaya Thai,2
2023-11-18,Thailand,Phra Khanong,9
2023-09-17,Thailand,Muang Songkhla,1
2023-05-13,Thailand,Phaya Thai,1
2023-05-13,Thailand,Muang Nonthaburi,4
2023-05-27,Thailand,Prawet,1
2023-05-12,Thailand,Si Racha,1
2023-05-12,Thailand,Pom Pram Sattru,2
2023-11-14,Thailand,Pak Kret,1
2023-04-15,Thailand,Muang Phitsanulok,1
2023-04-15,Thailand,Khlong Luang,1
2023-04-06,Thailand,K. Ko Kut,1
2023-04-06,Thailand,Pak Kret,3
2023-03-08,Thailand,Bangkok Noi,2
2023-03-08,Thailand,Muang Khon Kaen,2
2023-05-21,Thailand,Phaya Thai,2
2023-05-21,Thailand,Ko Samui,1
2023-01-31,Thailand,Muang Chiang Mai,14
2023-08-19,Thailand,Sattahip,1
2023-08-05,Thailand,Phuket Island,39
2023-01-31,Thailand,Bang Kapi,1
2023-09-11,Thailand,Bang Rak,52
2023-05-20,Thailand,Khlong Toey,39
2023-05-20,Thailand,Hua Hin,6
2023-04-28,Thailand,Phuket Island,24
2023-09-12,Thailand,Wattana,18
2023-09-12,Thailand,Ko Lanta,1
2023-09-12,Thailand,Muang Phangnga,2
2023-11-15,Thailand,Sadao,1
2023-11-15,Thailand,Khlong Toey,49
2023-08-04,Thailand,Khlong Toey,28
2023-08-18,Thailand,Muang Chon Buri,1
2023-08-18,Thailand,Phra Khanong,5
2023-08-18,Thailand,Huai Kwang,12
2023-08-18,Thailand,Dusit,1
2023-04-13,Thailand,Ratchathewi,153
2023-09-25,Thailand,Takua Pa,8
2023-09-25,Thailand,Muang Satun,2
2023-06-30,Thailand,Phra Nakhon,4
2023-10-09,Thailand,Hat Yai,3
2023-10-09,Thailand,Huai Kwang,2
2023-09-14,Thailand,Pak Kret,1
2023-09-28,Thailand,Pak Chong,1
2023-09-28,Thailand,Phra Nakhon,7
2023-11-13,Thailand,Bang Kapi,6
2023-11-13,Thailand,Phaya Thai,6
2023-10-06,Thailand,Cha-Am,3
2023-08-07,Thailand,Muang Kanchanaburi,3
2023-05-24,Thailand,Muang Nonthaburi,3
2023-04-16,Thailand,Bang Plad,2
2023-11-01,Thailand,Wang Chan,1
2023-05-23,Thailand,Thap Sakae,1
2023-05-23,Thailand,Khlong San,8
2023-05-23,Thailand,Pak Chong,1
2023-01-30,Thailand,Wattana,6
2023-04-03,Thailand,Sattahip,2
2023-06-30,Thailand,Muang Songkhla,1
2023-09-27,Thailand,Pathum Wan,24
2023-10-05,Thailand,Din Dang,3
2023-04-01,Thailand,Phuket Island,33
2023-03-09,Thailand,Pak Chong,4
2023-03-09,Thailand,Ko Phangan,3
2023-11-12,Thailand,Muang Kanchanaburi,1
2023-11-12,Thailand,Muang Chiang Mai,30
2023-01-01,Thailand,Thon Buri,4
2023-02-22,Thailand,Khlong San,9
2023-02-22,Thailand,Hua Hin,9
2023-09-13,Thailand,Khlong Toey,38
2023-05-22,Thailand,Pak Chong,1
2023-04-02,Thailand,Pattaya,55
2023-06-26,Thailand,Wattana,22
2023-06-26,Thailand,Huai Kwang,4
2023-01-18,Thailand,Phra Nakhon,4
2023-01-18,Thailand,Khlong Toey,6
2023-02-21,Thailand,Bang Plee,1
2023-10-30,Thailand,Chiang Dao,1
2023-05-05,Thailand,Mueang Krabi,6
2023-07-22,Thailand,Bang Rak,64
2023-07-22,Thailand,Thawi Wattana,1
2023-07-22,Thailand,Bang Lamung,24
2023-07-22,Thailand,Takua Pa,2
2023-03-31,Thailand,Bang Bua Thong,1
2023-03-31,Thailand,Min Buri,1
2023-06-29,Thailand,Phaya Thai,6
2023-06-29,Thailand,K. Bang Sao Thon,1
2023-05-08,Thailand,Khlong Toey,27
2023-01-15,Thailand,Phuket Island,8
2023-01-14,Thailand,Hua Hin,5
2023-01-15,Thailand,Din Dang,1
2023-06-12,Thailand,Bang Na,1
2023-06-14,Thailand,Hua Hin,10
2023-06-15,Thailand,Din Dang,2
2023-06-15,Thailand,Mueang Krabi,16
2023-04-09,Thailand,Takua Pa,2
2023-04-09,Thailand,Cha-Am,2
2023-07-20,Thailand,Khlong San,6
2023-07-20,Thailand,Bang Plee,29
2023-05-07,Thailand,Phra Nakhon,8
2023-05-07,Thailand,Muang Kanchanaburi,1
2023-01-03,Thailand,Phaya Thai,3
2023-06-23,Thailand,Pak Kret,1
2023-06-23,Thailand,Si Racha,1
2023-04-08,Thailand,Muang Khon Kaen,7
2023-04-08,Thailand,Phuttha Mon Thon,1
2023-09-09,Thailand,Mueang Krabi,35
2023-01-10,Thailand,Ratchathewi,67
2023-01-10,Thailand,Muang Chiang Mai,9
2023-01-16,Thailand,Khlong San,8
2023-01-16,Thailand,Pak Kret,1
2023-01-16,Thailand,Khlong Toey,5
2023-05-29,Thailand,Chatuchak,3
2023-05-29,Thailand,Thon Buri,1
2023-09-05,Thailand,Phra Nakhon,11
2023-09-05,Thailand,Bang Rak,117
2023-09-06,Thailand,Ko Phangan,3
2023-02-24,Thailand,Ratchathewi,83
2023-02-24,Thailand,Muang Rayong,2
2023-02-24,Thailand,Mueang Krabi,4
2023-07-21,Thailand,Lak Si,2
2023-07-21,Thailand,Thawi Wattana,3
2023-07-21,Thailand,Sathorn,1
2023-07-21,Thailand,Bang Plee,25
2023-09-05,Thailand,Sattahip,3
2023-05-18,Thailand,Ko Samui,4
2023-05-18,Thailand,Koh Si Chang,1
2023-06-22,Thailand,Sathorn,7
2023-11-07,Thailand,Pathum Wan,26
2023-11-07,Thailand,Bang Saphan,1
2023-05-04,Thailand,Muang Chiang Mai,1
2023-05-04,Thailand,Khlong Toey,12
2023-05-03,Thailand,Muang Nakhon Ratchasima,1
2023-06-24,Thailand,Lat Krabang,4
2023-01-27,Thailand,Phra Khanong,2
2023-01-27,Thailand,Muang Chiang Rai,1
2023-06-10,Thailand,Bang Kapi,1
2023-01-26,Thailand,Phuket Island,31
2023-06-25,Thailand,Hat Yai,3
2023-06-25,Thailand,K. Bang Sao Thon,1
2023-05-17,Thailand,Khlong Toey,32
2023-05-17,Thailand,Hua Hin,4
2023-09-08,Thailand,Khlong San,6
2023-09-08,Thailand,Thai Muang,3
2023-07-31,Thailand,Ratchathewi,131
2023-07-30,Thailand,Bang Rak,23
2023-07-30,Thailand,Muang Phangnga,2
2023-11-08,Thailand,Chatuchak,2
2023-08-21,Thailand,Muang Lampang,1
2023-07-14,Thailand,Bangkok Noi,3
2023-04-30,Thailand,K. Bang Sao Thon,3
2023-06-07,Thailand,Muang Phangnga,1
2023-06-07,Thailand,Muang Chiang Rai,1
2023-06-07,Thailand,Khlong Luang,5
2023-07-28,Thailand,Bang Plad,6
2023-07-28,Thailand,Suan Phung,1
2023-02-02,Thailand,Ko Samui,1
2023-08-20,Thailand,Hua Hin,10
2023-08-20,Thailand,Ko Samui,2
2023-08-20,Thailand,Lat Phrao,1
2023-08-20,Thailand,Phra Khanong,7
2023-02-16,Thailand,Bang Lamung,4
2023-07-13,Thailand,Don Muang,1
2023-02-01,Thailand,Don Muang,3
2023-02-15,Thailand,Don Muang,1
2023-02-05,Thailand,Khlong San,4
2023-02-05,Thailand,Samphantawong,7
2023-02-05,Thailand,Phra Khanong,4
2023-08-23,Thailand,Bang Rak,17
2023-08-23,Thailand,Bang Khae,2
2023-02-19,Thailand,Samphantawong,9
2023-07-16,Thailand,Lat Krabang,8
2023-07-16,Thailand,Bang Plee,28
2023-02-04,Thailand,Mueang Krabi,6
2023-03-25,Thailand,Pak Chong,2
2023-06-09,Thailand,Mueang Krabi,23
2023-02-18,Thailand,Huai Kwang,10
2023-10-22,Thailand,Bang Khen,1
2023-07-29,Thailand,K. Bang Sao Thon,1
2023-03-10,Thailand,Wattana,49
2023-06-08,Thailand,Su-ngai Ko Lok,1
2023-06-08,Thailand,K. Bang Sao Thon,1
2023-03-24,Thailand,Bang Rak,43
2023-02-12,Thailand,Si Racha,1
2023-06-17,Thailand,Phuket Island,26
2023-01-05,Thailand,Cha-Am,1
2023-02-26,Thailand,Bangkok Noi,1
2023-08-30,Thailand,Khlong San,13
2023-07-23,Thailand,Wang Chan,1
2023-07-23,Thailand,K. Bang Sao Thon,2
2023-07-23,Thailand,Muang Kanchanaburi,2
2023-06-02,Thailand,Pom Pram Sattru,3
2023-06-16,Thailand,Cha-Am,12
2023-02-11,Thailand,Bang Kapi,1
2023-07-12,Thailand,Pattaya,109
2023-07-12,Thailand,Wattana,28
2023-07-12,Thailand,Hua Hin,19
2023-06-05,Thailand,Wattana,15
2023-07-12,Thailand,Muang Surat Thani,1
2023-07-12,Thailand,Muang Khon Kaen,5
2023-01-08,Thailand,Hat Yai,8
2023-01-08,Thailand,Bang Rak,15
2023-01-08,Thailand,Mueang Krabi,1
2023-06-19,Thailand,Phaya Thai,3
2023-06-19,Thailand,Muang Surat Thani,1
2023-07-26,Thailand,Bang Khun Thian,1
2023-10-31,Thailand,K. Bang Sao Thon,5
2023-03-21,Thailand,Suan Phung,1
2023-02-14,Thailand,Bang Khae,1
2023-02-28,Thailand,Chatuchak,2
2023-06-04,Thailand,Chatuchak,2
2023-07-11,Thailand,Hat Yai,5
2023-07-11,Thailand,Thungkru,5
2023-07-11,Thailand,Sattahip,1
2023-03-20,Thailand,Muang Chiang Rai,5
2023-07-10,Thailand,Muang Chiang Rai,5
2023-07-10,Thailand,K. Bang Sao Thon,3
2023-07-10,Thailand,Samphantawong,1
2023-02-13,Thailand,Huai Kwang,9
2023-02-13,Thailand,Bang Na,1
2023-04-25,Thailand,Huai Kwang,9
2023-08-01,Thailand,Sai Yok,1
2023-09-22,Thailand,Pak Kret,5
2023-09-22,Thailand,Suan Luang,8
2023-10-03,Thailand,Si Racha,2
2023-03-04,Thailand,Samphantawong,2
2023-10-03,Thailand,Don Muang,2
2023-10-03,Thailand,Muang Pathum Thani,2
2023-03-18,Thailand,Takua Pa,2
2023-08-15,Thailand,Pak Chong,2
2023-08-29,Thailand,Thawi Wattana,1
2023-08-29,Thailand,Wattana,20
2023-05-31,Thailand,Don Muang,1
2023-03-03,Thailand,Hat Yai,3
2023-07-08,Thailand,Din Dang,3
2023-03-03,Thailand,Muang Nakhon Pathom,1
2023-04-10,Thailand,Huai Kwang,14
2023-04-10,Thailand,Thon Buri,2
2023-04-24,Thailand,Muang Chiang Mai,7
2023-04-24,Thailand,Prawet,2
2023-04-24,Thailand,Khlong Toey,16
2023-11-10,Thailand,Thawi Wattana,2
2023-11-10,Thailand,Hua Hin,7
2023-11-10,Thailand,Khlong Luang,1
2023-03-17,Thailand,Khlong Toey,14
2023-05-30,Thailand,Phra Khanong,6
2023-05-30,Thailand,Takua Thung,1
2023-09-10,Thailand,Ratchathewi,140
2023-10-29,Thailand,Khlong San,17
2023-10-29,Thailand,Ratchathewi,192
2023-10-29,Thailand,Muang Nonthaburi,1
2023-04-27,Thailand,Muang Nonthaburi,1
2023-04-27,Thailand,Prawet,1
2023-03-06,Thailand,Cha-Am,3
2023-10-15,Thailand,Ban Chang,1
2023-10-15,Thailand,Muang Nonthaburi,1
2023-08-03,Thailand,Chom Thong,1
2023-08-03,Thailand,Muang Chon Buri,2
2023-08-03,Thailand,Don Muang,2
2023-08-03,Thailand,Wattana,23
2023-08-17,Thailand,Chatuchak,13
2023-08-17,Thailand,Din Dang,1
2023-10-01,Thailand,Bangkok Noi,1
2023-10-16,Thailand,Bang Kapi,48
2023-03-05,Thailand,Phaya Thai,4
2023-03-05,Thailand,Bangkok Noi,2
2023-03-05,Thailand,Muang Khon Kaen,6
2023-04-12,Thailand,Lak Si,1
2023-04-12,Thailand,Sathorn,1
2023-10-02,Thailand,Don Muang,3
2023-10-02,Thailand,Huai Kwang,10
2023-08-02,Thailand,Ko Phangan,5
2023-04-26,Thailand,Pattaya,28
2023-04-26,Thailand,Sattahip,1
2023-09-23,Thailand,Hat Yai,1
2023-09-23,Thailand,Hua Hin,27
2023-09-23,Thailand,Mueang Krabi,23
2023-07-09,Thailand,Chiang Dao,1
2023-10-27,Thailand,Muang Rayong,1
2023-04-11,Thailand,Bang Rak,21
2023-02-07,Thailand,Wattana,8
2023-08-25,Thailand,Ko Lanta,2
2023-04-20,Thailand,Pak Kret,6
2023-03-28,Thailand,Lam Luk Ka,1
2023-11-20,Thailand,Lat Krabang,6
2023-03-27,Thailand,Cha-Am,14
2023-08-10,Thailand,Khlong Toey,35
2023-03-13,Thailand,Phuket Island,36
2023-03-13,Thailand,Phra Khanong,3
2023-07-03,Thailand,Bang Plad,4
2023-10-28,Thailand,K. Ko Kut,1
2023-10-14,Thailand,San Sai,1
2023-08-24,Thailand,San Sai,2
2023-09-20,Thailand,Suan Luang,2
2023-10-25,Thailand,Ko Yao District,1
2023-10-11,Thailand,Si Racha,5
2023-08-27,Thailand,Wattana,20
2023-08-27,Thailand,Takua Pa,4
2023-08-27,Thailand,K. Ko Chang,2
2023-08-27,Thailand,Muang Chiang Rai,3
2023-08-13,Thailand,Ko Phangan,1
2023-07-06,Thailand,Phaya Thai,10
2023-03-15,Thailand,Samphantawong,1
2023-08-12,Thailand,Muang Chon Buri,1
2023-04-22,Thailand,Muang Khon Kaen,2
2023-08-26,Thailand,Muang Rayong,3
2023-08-26,Thailand,Bang Khae,1
2023-10-12,Thailand,Bang Lamung,18
2023-10-12,Thailand,Muang Khon Kaen,2
2023-07-19,Thailand,Khlong San,9
2023-07-19,Thailand,Wattana,30
2023-07-05,Thailand,Bang Rak,34
2023-04-05,Thailand,Sawankhalok,2
2023-11-04,Thailand,Prawet,1
2023-11-04,Thailand,Mae Rim,1
2023-11-19,Thailand,Cha-Am,1
2023-09-16,Thailand,Chatuchak,26
2023-09-16,Thailand,Suan Luang,5
2023-08-09,Thailand,Ko Phangan,1
2023-05-26,Thailand,Phuket Island,24
2023-05-11,Thailand,Mueang Krabi,5
2023-05-11,Thailand,Huai Kwang,2
2023-03-14,Thailand,Thanyaburi,1
2023-09-01,Thailand,Ko Samui,5
2023-09-15,Thailand,Muang Khon Kaen,2
2023-11-16,Thailand,Hua Hin,9
2023-09-29,Thailand,Khlong Luang,1
2023-11-05,Thailand,Ratchathewi,178
2023-11-05,Thailand,Phaya Thai,2
2023-11-05,Thailand,Ban Chang,3
2023-05-10,Thailand,Thap Sakae,1
2023-04-07,Thailand,Bang Kapi,1
2023-04-07,Thailand,Pak Kret,3
2023-08-08,Thailand,Thawi Wattana,1
2023-08-08,Thailand,Sathorn,1
2023-11-02,Thailand,Pathum Wan,20
2023-11-02,Thailand,Muang Chiang Mai,31
2023-09-04,Thailand,Samphantawong,4
2023-09-04,Thailand,Suan Luang,4
2023-11-03,Thailand,Khlong Luang,3
2023-11-03,Thailand,K. Bang Sao Thon,9
2023-11-03,Thailand,Muang Kanchanaburi,2
2023-09-18,Thailand,Dusit,3
2023-09-18,Thailand,Thai Muang,1
2023-11-17,Thailand,Bang Na,4
2023-06-20,Thailand,Muang Nakhon Pathom,2
2023-09-17,Thailand,Hua Hin,13
2023-09-17,Thailand,Cha-Am,12
2023-09-17,Thailand,Muang Nonthaburi,2
2023-09-17,Thailand,K. Bang Sao Thon,15
2023-05-14,Thailand,Din Dang,2
2023-09-19,Thailand,Pak Kret,1
2023-09-19,Thailand,Muang Chiang Mai,9
2023-01-22,Thailand,Huai Kwang,17
2023-05-12,Thailand,Khlong Toey,33
2023-05-12,Thailand,Khlong San,14
2023-11-14,Thailand,Cha-Am,2
2023-09-17,Thailand,Wang Thonglang,3
2023-04-15,Thailand,Bang Lamung,10
2023-04-06,Thailand,Phra Khanong,13
2023-03-08,Thailand,Hua Hin,2
2023-11-01,Thailand,Phaya Thai,15
2023-11-01,Thailand,Takua Pa,9
2023-08-19,Thailand,Mueang Krabi,30
2023-10-08,Thailand,Pattaya,111
2023-10-08,Thailand,Ko Lanta,5
2023-10-08,Thailand,Samphantawong,1
2023-09-26,Thailand,Takua Pa,8
2023-09-26,Thailand,Bang Plad,2
2023-09-26,Thailand,Ko Yao District,1
2023-04-14,Thailand,Thawi Wattana,1
2023-01-31,Thailand,Cha-Am,1
2023-09-11,Thailand,Wattana,18
2023-09-11,Thailand,Khan Na Yao,1
2023-04-29,Thailand,Sai Yok,2
2023-05-20,Thailand,Bang Plad,1
2023-04-28,Thailand,K. Sam Roi Yot,1
2023-04-28,Thailand,Ko Lanta,1
2023-04-28,Thailand,Muang Samut Prakan,1
2023-09-12,Thailand,Klaeng,9
2023-09-12,Thailand,Phra Khanong,14
2023-09-12,Thailand,Samphantawong,7
2023-11-15,Thailand,Sathorn,1
2023-11-15,Thailand,Ko Samui,4
2023-08-04,Thailand,Pattaya,56
2023-08-04,Thailand,Huai Kwang,4
2023-08-04,Thailand,Suan Luang,1
2023-08-18,Thailand,Phimai,1
2023-04-13,Thailand,Ko Phangan,2
2023-09-25,Thailand,Klaeng,4
2023-09-25,Thailand,Don Muang,5
2023-10-09,Thailand,Bang Khae,1
2023-10-09,Thailand,Chatuchak,17
2023-10-09,Thailand,Mueang Kamphaeng Phet,1
2023-09-14,Thailand,Wattana,19
2023-09-28,Thailand,Muang Chiang Mai,9
2023-11-13,Thailand,Ko Yao District,3
2023-08-07,Thailand,Chatuchak,35
2023-08-07,Thailand,Hua Hin,15
2023-08-07,Thailand,Muang Khon Kaen,1
2023-09-14,Thailand,Din Dang,4
2023-05-24,Thailand,Chatuchak,11
2023-11-01,Thailand,Lat Phrao,2
2023-05-23,Thailand,Pak Kret,1
2023-05-23,Thailand,Klaeng,2
2023-01-30,Thailand,Don Muang,1
2023-06-30,Thailand,Muang Nakhon Ratchasima,2
2023-09-27,Thailand,Pak Chong,1
2023-10-05,Thailand,Muang Kanchanaburi,1
2023-06-13,Thailand,Muang Ranong,1
2023-02-22,Thailand,Muang Chiang Mai,3
2023-02-22,Thailand,Min Buri,2
2023-08-06,Thailand,Phra Nakhon,7
2023-08-06,Thailand,Bang Rak,35
2023-08-06,Thailand,Bang Lamung,23
2023-08-06,Thailand,Cha-Am,9
2023-05-06,Thailand,Ratchathewi,92
2023-05-06,Thailand,Thawi Wattana,1
2023-05-06,Thailand,Bang Bua Thong,1
2023-05-22,Thailand,Hat Yai,6
2023-04-02,Thailand,Pathum Wan,11
2023-06-27,Thailand,Muang Chiang Mai,3
2023-06-27,Thailand,Hat Yai,3
2023-06-27,Thailand,Suan Luang,1
2023-05-05,Thailand,Phra Nakhon,12
2023-02-10,Thailand,Khlong Toey,9
2023-02-10,Thailand,Din Dang,4
2023-10-30,Thailand,Ko Phangan,2
2023-01-29,Thailand,Phaya Thai,4
2023-05-05,Thailand,Muang Rayong,9
2023-05-19,Thailand,Hat Yai,4
2023-02-10,Thailand,Chatuchak,1
2023-06-29,Thailand,Thai Muang,1
2023-05-19,Thailand,Mueang Krabi,6
2023-05-19,Thailand,Klaeng,1
2023-05-08,Thailand,Bang Lamung,45
2023-01-17,Thailand,Muang Chiang Mai,6
2023-06-15,Thailand,Bang Lamung,23
2023-04-09,Thailand,Bang Lamung,7
2023-06-28,Thailand,Bang Plad,2
2023-06-28,Thailand,Muang Rayong,1
2023-07-20,Thailand,Bang Khun Thian,1
2023-03-30,Thailand,Muang Chon Buri,1
2023-02-23,Thailand,Phaya Thai,17
2023-04-08,Thailand,Hua Hin,13
2023-04-08,Thailand,Takua Pa,1
2023-04-08,Thailand,Muang Prachuap Khiri Khan,2
2023-01-24,Thailand,Samphantawong,2
2023-09-09,Thailand,Muang Kanchanaburi,2
2023-09-09,Thailand,Mae Rim,1
2023-01-10,Thailand,Pattaya,14
2023-05-16,Thailand,Huai Kwang,6
2023-01-16,Thailand,Pattaya,10
2023-05-29,Thailand,Khlong San,4
2023-05-29,Thailand,Takua Thung,1
2023-09-05,Thailand,Lat Krabang,9
2023-09-06,Thailand,Lat Krabang,5
2023-02-24,Thailand,Khlong San,9
2023-01-28,Thailand,Bang Khun Thian,1
2023-01-28,Thailand,Hua Hin,7
2023-01-28,Thailand,Muang Chiang Mai,7
2023-01-28,Thailand,Bang Rak,34
2023-05-18,Thailand,Phra Khanong,4
2023-06-22,Thailand,Khlong San,13
2023-06-22,Thailand,Khlong Luang,1
2023-11-07,Thailand,Phra Khanong,5
2023-02-20,Thailand,Phaya Thai,3
2023-02-20,Thailand,Samphantawong,8
2023-05-04,Thailand,Cha-Am,1
2023-05-04,Thailand,Muang Khon Kaen,1
2023-06-21,Thailand,Bang Lamung,39
2023-11-06,Thailand,Ko Lanta,12
2023-11-06,Thailand,Bang Khae,1
2023-11-06,Thailand,Bang Saphan,1
2023-11-06,Thailand,Muang Nonthaburi,2
2023-01-12,Thailand,Phra Khanong,2
2023-05-17,Thailand,Lam Luk Ka,1
2023-05-17,Thailand,Bang Bua Thong,1
2023-09-07,Thailand,Muang Khon Kaen,2
2023-02-17,Thailand,Bang Bo,2
2023-08-21,Thailand,Pak Chong,1
2023-07-14,Thailand,Muang Satun,5
2023-07-14,Thailand,Phra Khanong,4
2023-04-30,Thailand,K. Sam Roi Yot,1
2023-10-23,Thailand,Lat Phrao,2
2023-07-28,Thailand,Pathum Wan,13
2023-03-23,Thailand,Pathum Wan,7
2023-03-23,Thailand,Muang Samut Prakan,1
2023-08-20,Thailand,Takua Pa,6
2023-02-16,Thailand,Samphantawong,3
2023-10-24,Thailand,Don Muang,5
2023-10-24,Thailand,Thon Buri,2
2023-10-24,Thailand,Suan Luang,1
2023-10-24,Thailand,Lat Krabang,3
2023-01-09,Thailand,Yannawa,1
2023-01-09,Thailand,Pathum Wan,7
2023-02-01,Thailand,Pak Kret,2
2023-02-01,Thailand,Bang Kapi,1
2023-03-22,Thailand,Muang Phangnga,1
2023-06-06,Thailand,Ratchathewi,120
2023-06-06,Thailand,Khan Na Yao,1
2023-07-27,Thailand,Phra Khanong,8
2023-02-15,Thailand,Khlong San,8
2023-02-15,Thailand,Muang Khon Kaen,3
2023-10-10,Thailand,Si Racha,2
2023-02-05,Thailand,Ko Samui,2
2023-02-05,Thailand,Bangkok Noi,1
2023-08-23,Thailand,Mueang Krabi,23
2023-08-23,Thailand,Muang Kanchanaburi,3
2023-07-02,Thailand,Muang Chiang Mai,4
2023-03-26,Thailand,Muang Khon Kaen,1
2023-02-19,Thailand,Hat Yai,2
2023-07-16,Thailand,Pak Chong,3
2023-03-25,Thailand,Khlong Toey,25
2023-03-25,Thailand,Mueang Krabi,6
2023-10-21,Thailand,Wang Thonglang,1
2023-06-09,Thailand,Muang Nonthaburi,4
2023-08-22,Thailand,Sikhiu,1
2023-07-15,Thailand,Phuttha Mon Thon,2
2023-07-15,Thailand,Huai Kwang,4
2023-02-18,Thailand,Muang Phitsanulok,1
2023-07-01,Thailand,Khan Na Yao,1
2023-07-29,Thailand,Bang Lamung,22
2023-07-29,Thailand,Phaya Thai,6
2023-07-29,Thailand,Muang Kanchanaburi,2
2023-03-24,Thailand,Bang Lamung,18
2023-02-03,Thailand,Bang Na,1
2023-01-06,Thailand,Huai Kwang,4
2023-02-27,Thailand,Bang Plee,2
2023-07-24,Thailand,Suan Phung,1
2023-06-03,Thailand,Dusit,1
2023-02-12,Thailand,Lat Krabang,1
2023-02-12,Thailand,K. Bang Sao Thon,2
2023-06-17,Thailand,Thawi Wattana,1
2023-08-30,Thailand,Samphantawong,7
2023-07-23,Thailand,Wang Thonglang,1
2023-06-02,Thailand,Muang Chiang Mai,3
2023-06-16,Thailand,Ko Samui,1
2023-02-25,Thailand,Khlong Toey,30
2023-05-09,Thailand,Pathum Wan,10
2023-02-11,Thailand,Samphantawong,8
2023-02-11,Thailand,Bang Khae,1
2023-02-25,Thailand,Samphantawong,5
2023-01-04,Thailand,Bang Rak,12
2023-01-04,Thailand,Bang Kapi,1
2023-07-26,Thailand,Pathum Wan,16
2023-07-26,Thailand,Koh Si Chang,2
2023-07-26,Thailand,Mae Rim,3
2023-02-14,Thailand,Khlong Toey,10
2023-10-31,Thailand,Suan Luang,4
2023-10-31,Thailand,Muang Chon Buri,1
2023-03-21,Thailand,Mueang Krabi,1
2023-03-20,Thailand,Hua Hin,3
2023-06-18,Thailand,Thon Buri,2
2023-06-18,Thailand,Cha-Am,4
2023-07-10,Thailand,Pattaya,77
2023-07-25,Thailand,Phaya Thai,12
2023-07-25,Thailand,K. Sam Roi Yot,1
2023-07-25,Thailand,Wattana,14
2023-08-31,Thailand,Hua Hin,16
2023-08-31,Thailand,Pak Kret,1
2023-04-25,Thailand,Hua Hin,12
2023-08-01,Thailand,Ratchathewi,199
2023-08-01,Thailand,Muang Khon Kaen,5
2023-08-01,Thailand,Koh Si Chang,1
2023-09-22,Thailand,Chatuchak,8
2023-09-22,Thailand,Ko Phangan,4
2023-10-03,Thailand,Chatuchak,6
2023-03-18,Thailand,Ratchathewi,73
2023-03-18,Thailand,Lat Krabang,2
2023-07-08,Thailand,Wang Thonglang,3
2023-03-03,Thailand,Pai,1
2023-04-10,Thailand,Takua Thung,1
2023-04-10,Thailand,Phuttha Mon Thon,1
2023-04-24,Thailand,K. Bang Sao Thon,1
2023-10-18,Thailand,Bang Plad,1
2023-05-30,Thailand,Bang Lamung,26
2023-07-07,Thailand,Pak Chong,3
2023-08-14,Thailand,Pattaya,48
2023-08-28,Thailand,Phuket Island,52
2023-09-10,Thailand,Pathum Wan,19
2023-09-10,Thailand,Thon Buri,1
2023-10-19,Thailand,Muang Rayong,1
2023-10-19,Thailand,Phra Khanong,5
2023-10-19,Thailand,K. Bang Sao Thon,6
2023-04-23,Thailand,Thawi Wattana,1
2023-04-23,Thailand,Pathum Wan,9
2023-11-11,Thailand,Bang Kapi,6
2023-11-11,Thailand,Khlong Toey,64
2023-11-11,Thailand,Phuket Island,56
2023-10-29,Thailand,K. Ko Kut,1
2023-10-29,Thailand,Muang Chai Nat,1
2023-03-06,Thailand,Muang Samut Prakan,1
2023-03-06,Thailand,Phra Khanong,4
2023-10-15,Thailand,Hat Yai,3
2023-10-15,Thailand,Wattana,25
2023-08-03,Thailand,Bang Rak,39
2023-08-03,Thailand,Samoeng,1
2023-08-17,Thailand,Bang Na,1
2023-11-22,Thailand,Khlong San,1
2023-09-24,Thailand,K. Bang Sao Thon,2
2023-10-16,Thailand,Takua Pa,5
2023-10-16,Thailand,Suan Phung,1
2023-10-16,Thailand,Thai Muang,7
2023-04-12,Thailand,Pattaya,38
2023-04-12,Thailand,Takua Pa,3
2023-04-12,Thailand,Prawet,1
2023-03-19,Thailand,Hua Hin,2
2023-03-19,Thailand,Bang Kho Laem,1
2023-08-02,Thailand,Huai Kwang,6
2023-08-02,Thailand,Doi Saket,1
2023-04-26,Thailand,Muang Chiang Mai,8
2023-04-26,Thailand,Suan Luang,1
2023-09-23,Thailand,Bang Rak,24
2023-08-16,Thailand,Hua Hin,14
2023-08-16,Thailand,Chatuchak,20
2023-08-16,Thailand,Phaya Thai,9
2023-08-16,Thailand,Muang Chiang Mai,16
2023-07-09,Thailand,Wang Chan,1
2023-10-27,Thailand,Dusit,2
2023-10-27,Thailand,Pran Buri,1
2023-10-27,Thailand,K. Bang Sao Thon,7
2023-04-11,Thailand,Hua Hin,14
2023-10-13,Thailand,Ko Phangan,1
2023-10-13,Thailand,Muang Samut Prakan,3
2023-03-28,Thailand,Ko Samui,1
2023-04-20,Thailand,Din Dang,2
2023-07-18,Thailand,Bang Khun Thian,2
2023-07-18,Thailand,Lam Luk Ka,1
2023-07-18,Thailand,Lat Phrao,1
2023-11-20,Thailand,San Sai,3
2023-11-20,Thailand,Wattana,21
2023-11-20,Thailand,Ko Lanta,7
2023-11-20,Thailand,K. Ko Kut,1
2023-11-20,Thailand,Pathum Wan,13
2023-08-10,Thailand,Phra Nakhon,9
2023-08-10,Thailand,Suan Luang,1
2023-03-13,Thailand,Khlong Toey,11
2023-07-03,Thailand,Cha-Am,12
2023-10-28,Thailand,Cha-Am,5
2023-10-28,Thailand,Pattaya,81
2023-07-03,Thailand,Bang Plee,13
2023-10-14,Thailand,Muang Chiang Rai,2
2023-03-12,Thailand,Bang Khae,1
2023-03-16,Thailand,Hua Hin,5
2023-08-27,Thailand,Don Muang,6
2023-08-13,Thailand,Phra Khanong,8
2023-10-26,Thailand,Don Muang,6
2023-08-12,Thailand,Phra Khanong,3
2023-03-01,Thailand,Thawi Wattana,2
2023-08-26,Thailand,Bangkok Noi,1
2023-08-26,Thailand,Huai Kwang,6
2023-04-21,Thailand,Muang Khon Kaen,3
2023-07-19,Thailand,Phaya Thai,7
2023-07-05,Thailand,Wang Thonglang,1
2023-04-05,Thailand,Cha-Am,1
2023-09-02,Thailand,Si Racha,2
2023-09-02,Thailand,Muang Phangnga,1
2023-01-21,Thailand,Suan Luang,1
2023-04-19,Thailand,Khlong Toey,13
2023-08-09,Thailand,Lat Krabang,6
2023-08-09,Thailand,Suan Phung,1
2023-05-11,Thailand,Phuket Island,32
2023-03-14,Thailand,Don Muang,1
2023-05-25,Thailand,Bang Kapi,8
2023-05-25,Thailand,Din Dang,1
2023-01-20,Thailand,Hua Hin,5
2023-09-15,Thailand,Pak Chong,2
2023-09-15,Thailand,Amphawa,1
2023-09-29,Thailand,Mueang Krabi,28
2023-09-29,Thailand,Pathum Wan,13
2023-09-29,Thailand,Huai Kwang,5
2023-11-05,Thailand,Chatuchak,7
2023-11-05,Thailand,Hat Yai,4
2023-11-05,Thailand,K. Ko Kut,2
2023-05-10,Thailand,Bang Kapi,1
2023-05-10,Thailand,Hua Hin,6
2023-08-08,Thailand,Lat Phrao,3
2023-11-02,Thailand,Chatuchak,4
2023-11-02,Thailand,Bang Plee,1
2023-09-29,Thailand,K. Bang Sao Thon,7
2023-05-28,Thailand,Phuket Island,25
2023-09-04,Thailand,Muang Chon Buri,1
2023-09-04,Thailand,K. Bang Sao Thon,6
2023-11-03,Thailand,Bang Plad,3
2023-11-03,Thailand,Phra Khanong,4
2023-09-18,Thailand,Pak Chong,2
2023-09-18,Thailand,Pathum Wan,15
2023-09-18,Thailand,Muang Satun,4
2023-01-23,Thailand,Aranyaprathet,1
2023-06-20,Thailand,Phuket Island,28
2023-05-28,Thailand,Bang Lamung,7
2023-05-28,Thailand,Khan Na Yao,1
2023-05-13,Thailand,Suan Luang,2
2023-05-13,Thailand,Lam Luk Ka,1
2023-05-14,Thailand,Bang Rak,23
2023-05-14,Thailand,Prawet,1
2023-09-19,Thailand,Cha-Am,15
2023-09-19,Thailand,Min Buri,1
2023-09-19,Thailand,Ko Yao District,3
2023-09-03,Thailand,Phuket Island,38
2023-09-03,Thailand,Bang Khun Thian,2
2023-09-03,Thailand,Din Dang,2
2023-11-14,Thailand,Bang Lamung,11
2023-11-14,Thailand,Wang Thonglang,1
2023-11-14,Thailand,Muang Samut Prakan,6
2023-04-15,Thailand,Phuket Island,31
2023-04-06,Thailand,Hat Yai,8
2023-10-07,Thailand,Lam Luk Ka,1
2023-09-26,Thailand,Muang Chiang Mai,9
2023-11-01,Thailand,Phra Nakhon,18
2023-08-19,Thailand,Takua Pa,2
2023-08-05,Thailand,Pathum Wan,5
2023-09-26,Thailand,Muang Satun,2
2023-04-14,Thailand,Din Dang,2
2023-04-14,Thailand,Thanyaburi,1
2023-08-05,Thailand,Takua Pa,5
2023-09-11,Thailand,Ratchathewi,193
2023-04-29,Thailand,Bang Plee,1
2023-05-20,Thailand,Wattana,25
2023-04-28,Thailand,Wattana,32
2023-03-08,Thailand,Muang Kanchanaburi,1
2023-09-12,Thailand,Wang Thonglang,2
2023-11-15,Thailand,Takua Pa,4
2023-11-15,Thailand,Muang Satun,4
2023-11-15,Thailand,Wang Thonglang,2
2023-08-04,Thailand,Bang Rak,43
2023-08-04,Thailand,Sathorn,1
2023-08-18,Thailand,Sathorn,5
2023-04-13,Thailand,Bang Khen,1
2023-04-13,Thailand,Ko Samui,5
2023-04-13,Thailand,Muang Chiang Rai,1
2023-09-25,Thailand,Thap Sakae,1
2023-09-25,Thailand,Thawi Wattana,1
2023-06-30,Thailand,Hat Yai,7
2023-08-07,Thailand,Ratchathewi,175
2023-08-07,Thailand,Thawi Wattana,2
2023-04-17,Thailand,Khlong San,6
2023-04-16,Thailand,Ratchathewi,104
2023-01-30,Thailand,Phra Nakhon,2
2023-04-03,Thailand,Bang Lamung,77
2023-06-30,Thailand,Wattana,11
2023-06-30,Thailand,Muang Satun,4
2023-10-05,Thailand,Muang Khon Kaen,2
2023-06-13,Thailand,Phra Khanong,12
2023-04-01,Thailand,Muang Chiang Mai,4
2023-03-09,Thailand,Khlong Toey,20
2023-01-01,Thailand,Khlong San,10
2023-08-06,Thailand,Ko Phangan,1
2023-09-13,Thailand,Don Muang,2
2023-09-13,Thailand,Takua Pa,7
2023-06-27,Thailand,Bang Rak,7
2023-06-26,Thailand,Hat Yai,6
2023-06-01,Thailand,Dusit,1
2023-01-29,Thailand,Wattana,11
2023-01-29,Thailand,Pattaya,15
2023-05-19,Thailand,Khlong Toey,32
2023-07-22,Thailand,Pathum Wan,23
2023-02-10,Thailand,Muang Tak,1
2023-03-31,Thailand,Bang Lamung,33
2023-06-29,Thailand,Muang Nonthaburi,1
2023-05-08,Thailand,Aranyaprathet,1
2023-05-08,Thailand,Mueang Krabi,4
2023-01-14,Thailand,Muang Phitsanulok,1
2023-01-17,Thailand,Doi Saket,1
2023-06-12,Thailand,Muang Nakhon Ratchasima,1
2023-06-12,Thailand,Muang Satun,2
2023-06-12,Thailand,Thon Buri,1
2023-01-11,Thailand,Sattahip,1
2023-06-28,Thailand,Hua Hin,10
2023-07-20,Thailand,Muang Satun,10
2023-07-20,Thailand,Bang Khae,9
2023-05-07,Thailand,Hua Hin,3
2023-03-30,Thailand,Muang Samut Prakan,1
2023-01-03,Thailand,Samphantawong,8
2023-01-03,Thailand,Ko Samui,1
2023-06-23,Thailand,Bang Bua Thong,1
2023-06-23,Thailand,Pong Nam Ron,1
2023-04-08,Thailand,Muang Nonthaburi,3
2023-01-24,Thailand,Huai Kwang,29
2023-09-09,Thailand,Ratchathewi,179
2023-05-16,Thailand,Chatuchak,5
2023-05-16,Thailand,Samphantawong,1
2023-01-16,Thailand,Muang Chiang Rai,4
2023-01-16,Thailand,K. Bang Sao Thon,8
2023-01-16,Thailand,Bang Kho Laem,3
2023-05-29,Thailand,Bang Khun Thian,1
2023-05-29,Thailand,Dusit,2
2023-09-05,Thailand,Pattaya,121
2023-09-05,Thailand,Cha-Am,5
2023-09-06,Thailand,Thon Buri,1
2023-02-24,Thailand,Bang Rak,28
2023-07-21,Thailand,Muang Surat Thani,1
2023-07-21,Thailand,Ko Samui,4
2023-01-11,Thailand,Bang Plee,1
2023-05-01,Thailand,Muang Phitsanulok,1
2023-09-05,Thailand,Thawi Wattana,4
2023-09-05,Thailand,Muang Songkhla,1
2023-01-13,Thailand,Bang Na,1
2023-01-28,Thailand,Sattahip,1
2023-06-22,Thailand,Muang Chon Buri,1
2023-06-22,Thailand,Sattahip,1
2023-11-07,Thailand,Muang Kanchanaburi,2
2023-02-20,Thailand,Muang Nonthaburi,3
2023-02-20,Thailand,Pak Chong,1
2023-05-04,Thailand,Bangkok Noi,2
2023-05-04,Thailand,Wang Thonglang,1
2023-11-06,Thailand,Ko Yao District,2
2023-06-10,Thailand,Pattaya,43
2023-06-10,Thailand,Khlong Toey,21
2023-06-24,Thailand,Pattaya,60
2023-06-24,Thailand,Bang Kapi,4
2023-01-27,Thailand,Ratchathewi,69
2023-01-27,Thailand,Muang Chiang Mai,4
2023-06-10,Thailand,Bang Bua Thong,1
2023-01-12,Thailand,Samphantawong,1
2023-01-12,Thailand,Hat Yai,10
2023-05-17,Thailand,Phra Khanong,5
2023-09-08,Thailand,Muang Nakhon Pathom,1
2023-07-31,Thailand,Muang Satun,8
2023-07-31,Thailand,Pak Kret,1
2023-05-03,Thailand,Suan Luang,1
2023-05-03,Thailand,Lak Si,1
2023-05-03,Thailand,Bang Kruai,1
2023-11-08,Thailand,Khan Na Yao,2
2023-11-08,Thailand,Khlong Toey,36
2023-11-08,Thailand,Muang Satun,3
2023-02-17,Thailand,Pattaya,29
2023-02-17,Thailand,Muang Chiang Mai,5
2023-08-21,Thailand,Muang Kanchanaburi,1
2023-07-14,Thailand,Mueang Krabi,25
2023-10-23,Thailand,K. Ko Chang,2
2023-10-23,Thailand,Ko Yao District,2
2023-06-07,Thailand,Muang Rayong,1
2023-07-28,Thailand,Sai Yok,1
2023-02-02,Thailand,Samphantawong,3
2023-02-02,Thailand,Huai Kwang,1
2023-03-23,Thailand,Muang Nonthaburi,2
2023-08-20,Thailand,Bang Rak,15
2023-08-20,Thailand,Muang Surat Thani,1
2023-10-24,Thailand,Wattana,13
2023-07-13,Thailand,Pathum Wan,14
2023-07-13,Thailand,Ko Samui,7
2023-01-09,Thailand,Khlong Toey,14
2023-01-09,Thailand,Bang Plee,1
2023-03-22,Thailand,Sathorn,1
2023-02-15,Thailand,Muang Nakhon Ratchasima,2
2023-02-15,Thailand,Hat Yai,5
2023-02-15,Thailand,Mueang Krabi,2
2023-10-10,Thailand,Wattana,19
2023-10-10,Thailand,Pak Kret,1
2023-02-05,Thailand,Ratchathewi,67
2023-02-05,Thailand,Huai Kwang,2
2023-08-23,Thailand,Samphantawong,5
2023-08-23,Thailand,Bang Lamung,15
2023-08-23,Thailand,Pak Kret,1
2023-07-02,Thailand,Bang Kapi,9
2023-03-11,Thailand,Yannawa,1
2023-07-16,Thailand,Hang Dong,1
2023-02-18,Thailand,Samphantawong,10
2023-07-01,Thailand,Khlong Toey,20
2023-07-15,Thailand,Muang Samut Prakan,3
2023-03-10,Thailand,Phaya Thai,5
2023-03-10,Thailand,Bang Rak,38
2023-06-08,Thailand,Muang Khon Kaen,4
2023-02-03,Thailand,Phuket Island,47
2023-01-06,Thailand,Wattana,8
2023-07-24,Thailand,Bang Plad,6
2023-06-03,Thailand,Hat Yai,5
2023-02-12,Thailand,Mueang Krabi,1
2023-02-12,Thailand,Thawi Wattana,1
2023-02-12,Thailand,Ko Samui,2
2023-06-17,Thailand,Ratchathewi,168
2023-02-26,Thailand,Pathum Wan,20
2023-07-23,Thailand,Chatuchak,38
2023-07-23,Thailand,Suan Luang,1
2023-06-02,Thailand,Phaya Thai,11
2023-06-16,Thailand,Hua Hin,10
2023-02-11,Thailand,Yannawa,1
2023-10-20,Thailand,Sadao,3
2023-10-20,Thailand,Wattana,7
2023-10-20,Thailand,Khlong Luang,2
2023-06-05,Thailand,Ratchathewi,140
2023-01-08,Thailand,Pathum Wan,7
2023-07-26,Thailand,Muang Kanchanaburi,4
2023-06-19,Thailand,Sathorn,11
2023-07-26,Thailand,Pak Kret,1
2023-10-31,Thailand,Phuket Island,80
2023-10-31,Thailand,Muang Songkhla,1
2023-03-21,Thailand,Muang Chiang Rai,2
2023-02-28,Thailand,Bang Khen,1
2023-07-11,Thailand,Don Muang,2
2023-07-10,Thailand,Muang Rayong,2
2023-07-10,Thailand,Cha-Am,10
2023-07-10,Thailand,Muang Kanchanaburi,1
2023-07-25,Thailand,Bang Lamung,42
2023-04-25,Thailand,Pom Pram Sattru,1
2023-10-17,Thailand,Bang Plee,1
2023-10-17,Thailand,Phra Nakhon,10
2023-08-01,Thailand,Bang Plad,8
2023-08-01,Thailand,Bang Rak,33
2023-08-01,Thailand,Khlong Toey,27
2023-09-22,Thailand,Mae Rim,3
2023-09-22,Thailand,Pathum Wan,10
2023-09-22,Thailand,Muang Samut Prakan,1
2023-10-03,Thailand,Huai Kwang,5
2023-03-04,Thailand,Phra Nakhon,4
2023-10-03,Thailand,Muang Khon Kaen,2
2023-03-18,Thailand,Ko Phangan,2
2023-08-15,Thailand,Khlong Toey,53
2023-08-29,Thailand,Muang Chiang Rai,1
2023-07-08,Thailand,Hua Hin,16
2023-07-08,Thailand,K. Bang Sao Thon,2
2023-04-10,Thailand,Wattana,32
2023-04-24,Thailand,Huai Kwang,7
2023-04-24,Thailand,Bang Rak,33
2023-11-10,Thailand,Takua Pa,1
2023-11-10,Thailand,Mae Rim,2
2023-09-21,Thailand,Huai Kwang,11
2023-10-04,Thailand,Dusit,1
2023-03-17,Thailand,Muang Chiang Mai,3
2023-03-17,Thailand,Khlong Luang,1
2023-03-17,Thailand,Cha-Am,1
2023-10-18,Thailand,Thai Muang,3
2023-10-18,Thailand,Bang Lamung,5
2023-05-30,Thailand,Muang Khon Kaen,1
2023-07-07,Thailand,Chatuchak,22
2023-07-07,Thailand,Suan Luang,5
2023-08-28,Thailand,Muang Satun,7
2023-08-28,Thailand,Pathum Wan,17
2023-08-28,Thailand,Lat Phrao,4
2023-03-02,Thailand,Thawi Wattana,4
2023-10-19,Thailand,Thai Muang,4
2023-04-23,Thailand,Phra Nakhon,2
2023-11-11,Thailand,Din Dang,2
2023-11-11,Thailand,Mueang Krabi,32
2023-11-11,Thailand,Muang Nakhon Nayok,1
2023-10-29,Thailand,Muang Ubon Ratchatani,3
2023-03-06,Thailand,Chatuchak,4
2023-09-10,Thailand,Muang Chiang Rai,1
2023-10-15,Thailand,Dusit,4
2023-10-15,Thailand,Cha-Am,2
2023-08-03,Thailand,Ratchathewi,220
2023-08-17,Thailand,Phra Nakhon,6
2023-11-22,Thailand,Bang Khae,2
2023-09-24,Thailand,Muang Satun,7
2023-09-24,Thailand,Samphantawong,1
2023-09-24,Thailand,Muang Ubon Ratchatani,1
2023-10-16,Thailand,Hua Hin,20
2023-10-16,Thailand,Sattahip,1
2023-10-16,Thailand,Muang Satun,5
2023-03-05,Thailand,Hua Hin,8
2023-03-19,Thailand,Phra Khanong,1
2023-03-19,Thailand,Muang Chiang Rai,11
2023-10-02,Thailand,Mae Rim,1
2023-10-02,Thailand,Ko Lanta,1
2023-08-02,Thailand,Muang Surat Thani,1
2023-08-02,Thailand,Wattana,13
2023-04-26,Thailand,Hua Hin,13
2023-08-16,Thailand,Rat Burana,1
2023-04-11,Thailand,Pattaya,24
2023-10-13,Thailand,Muang Chiang Mai,22
2023-10-13,Thailand,Muang Satun,8
2023-10-13,Thailand,Bang Saphan,1
2023-07-04,Thailand,Mueang Krabi,16
2023-07-04,Thailand,Din Dang,2
2023-07-04,Thailand,Thawi Wattana,5
2023-07-04,Thailand,Phra Khanong,4
2023-04-20,Thailand,Bang Rak,31
2023-03-28,Thailand,Phuket Island,37
2023-07-18,Thailand,Ratchathewi,182
2023-11-20,Thailand,Pom Pram Sattru,1
2023-11-20,Thailand,Muang Nonthaburi,3
2023-03-27,Thailand,Lak Si,1
2023-08-10,Thailand,Wattana,25
2023-08-10,Thailand,Pathum Wan,11
2023-07-03,Thailand,Huai Kwang,7
2023-07-03,Thailand,Prawet,2
2023-10-28,Thailand,Phuket Island,56
2023-10-28,Thailand,K. Bang Sao Thon,1
2023-07-03,Thailand,Samphantawong,3
2023-10-14,Thailand,Don Muang,10
2023-10-14,Thailand,Samphantawong,2
2023-08-24,Thailand,Cha-Am,8
2023-08-24,Thailand,Thon Buri,3
2023-08-24,Thailand,Bang Lamung,29
2023-07-17,Thailand,Bang Plad,6
2023-07-17,Thailand,Min Buri,3
2023-03-12,Thailand,Ko Samui,1
2023-11-21,Thailand,Takua Pa,3
2023-03-16,Thailand,Si Racha,1
2023-10-25,Thailand,Bang Bo,1
2023-10-25,Thailand,Bang Rak,32
2023-09-20,Thailand,Hat Yai,5
2023-09-30,Thailand,San Sai,1
2023-10-11,Thailand,Bang Kapi,1
2023-02-09,Thailand,Ko Samui,2
2023-08-27,Thailand,Bang Plee,2
2023-08-27,Thailand,Chatuchak,10
2023-07-06,Thailand,Bang Khae,8
2023-10-26,Thailand,Chatuchak,9
2023-10-26,Thailand,Ratchathewi,216
2023-03-15,Thailand,Sathorn,3
2023-08-12,Thailand,Bang Rak,48
2023-08-12,Thailand,Wattana,22
2023-08-12,Thailand,Bang Kapi,1
2023-04-22,Thailand,Phaya Thai,13
2023-03-29,Thailand,Bang Bua Thong,1
2023-02-08,Thailand,Sattahip,3
2023-08-26,Thailand,Ratchathewi,136
2023-08-26,Thailand,Mueang Krabi,17
2023-04-21,Thailand,Pattaya,25
2023-04-21,Thailand,Muang Rayong,2
2023-10-12,Thailand,Din Dang,2
2023-10-12,Thailand,Pak Chong,4
2023-07-19,Thailand,Pattaya,124
2023-07-19,Thailand,Phra Nakhon,9
2023-07-19,Thailand,Pak Kret,3
2023-07-05,Thailand,Bang Plee,11
2023-03-14,Thailand,Cha-Am,1
2023-04-05,Thailand,Sattahip,2
2023-11-04,Thailand,Phuket Island,54
2023-11-04,Thailand,Bangkok Noi,1
2023-09-02,Thailand,Phuket Island,38
2023-11-19,Thailand,Ko Lanta,3
2023-01-21,Thailand,Ko Samui,2
2023-01-21,Thailand,Hua Hin,2
2023-09-16,Thailand,Wang Thonglang,3
2023-08-09,Thailand,Din Dang,1
2023-05-11,Thailand,Wattana,31
2023-05-11,Thailand,Phuttha Mon Thon,1
2023-05-25,Thailand,Bangkok Noi,1
2023-04-04,Thailand,Muang Chiang Mai,5
2023-04-04,Thailand,Bang Lamung,27
2023-09-15,Thailand,Muang Rayong,1
2023-04-18,Thailand,Mueang Krabi,6
2023-11-16,Thailand,Khlong Toey,41
2023-11-16,Thailand,Prawet,1
2023-09-29,Thailand,Lat Phrao,5
2023-09-29,Thailand,Ko Phangan,2
2023-05-10,Thailand,Ko Phangan,1
2023-05-10,Thailand,Muang Chiang Rai,1
2023-04-07,Thailand,Phaya Thai,5
2023-04-07,Thailand,Hat Yai,2
2023-08-08,Thailand,Pathum Wan,28
2023-08-08,Thailand,Suan Luang,2
2023-08-08,Thailand,Bang Plee,1
2023-11-02,Thailand,Samphantawong,11
2023-09-29,Thailand,Pak Kret,2
2023-09-04,Thailand,Bang Na,2
2023-09-04,Thailand,Bang Lamung,17
2023-11-03,Thailand,Ko Phangan,5
2023-11-17,Thailand,Pattaya,106
2023-11-17,Thailand,Don Muang,5
2023-06-20,Thailand,Cha-Am,8
2023-01-22,Thailand,Hat Yai,6
2023-11-18,Thailand,Chatuchak,15
2023-11-18,Thailand,Muang Nakhon Nayok,1
2023-09-17,Thailand,Chatuchak,32
2023-09-17,Thailand,Sattahip,2
2023-05-28,Thailand,Ko Samui,1
2023-05-13,Thailand,Prawet,1
2023-09-19,Thailand,Lat Krabang,4
2023-09-19,Thailand,Bang Khun Thian,1
2023-09-19,Thailand,Muang Khon Kaen,2
2023-09-03,Thailand,Suan Phung,1
2023-05-12,Thailand,Ratchathewi,113
2023-11-14,Thailand,Pathum Wan,16
2023-11-14,Thailand,Thai Muang,1
2023-11-14,Thailand,Muang Chiang Rai,3
2023-04-15,Thailand,Pathum Wan,9
2023-04-15,Thailand,Phra Nakhon,5
2023-04-06,Thailand,Khlong San,8
2023-10-07,Thailand,Bang Kho Laem,1
2023-10-07,Thailand,Muang Songkhla,5
2023-01-31,Thailand,Wattana,6
2023-01-31,Thailand,Phuket Island,28
2023-11-01,Thailand,Chatuchak,8
2023-08-19,Thailand,Bang Lamung,9
2023-08-05,Thailand,Khlong Toey,35
2023-09-26,Thailand,Dusit,3
2023-09-26,Thailand,Huai Kwang,2
2023-04-14,Thailand,Muang Samut Prakan,1
2023-01-31,Thailand,Muang Khon Kaen,3
2023-09-11,Thailand,Muang Khon Kaen,1
2023-09-11,Thailand,Ko Samui,6
2023-04-29,Thailand,K. Bang Sao Thon,2
2023-05-20,Thailand,Phra Khanong,3
2023-09-12,Thailand,Khlong Toey,25
2023-09-12,Thailand,Pong Nam Ron,1
2023-11-15,Thailand,Hua Hin,6
2023-08-18,Thailand,Khlong San,6
2023-08-18,Thailand,Lak Si,1
2023-04-13,Thailand,Thawi Wattana,1
2023-09-25,Thailand,Phuket Island,32
2023-06-30,Thailand,Ko Phangan,4
2023-10-09,Thailand,Phra Nakhon,13
2023-09-14,Thailand,Lak Si,1
2023-09-14,Thailand,Phra Nakhon,14
2023-10-06,Thailand,Bang Rak,26
2023-08-07,Thailand,Muang Phangnga,2
2023-04-17,Thailand,Don Muang,2
2023-09-14,Thailand,Lat Phrao,4
2023-09-14,Thailand,Lam Luk Ka,2
2023-05-24,Thailand,Khlong Toey,39
2023-11-01,Thailand,Dusit,7
2023-11-01,Thailand,Muang Nonthaburi,2
2023-05-23,Thailand,Wattana,21
2023-04-03,Thailand,Wattana,31
2023-04-03,Thailand,Khlong Toey,16
2023-06-30,Thailand,Lak Si,1
2023-06-13,Thailand,Lat Krabang,5
2023-09-27,Thailand,Muang Khon Kaen,2
2023-06-13,Thailand,Mueang Krabi,8
2023-04-01,Thailand,Lat Krabang,1
2023-11-12,Thailand,Muang Rayong,1
2023-01-01,Thailand,Muang Nonthaburi,4
2023-02-22,Thailand,Samphantawong,3
2023-08-06,Thailand,Takua Pa,5
2023-05-06,Thailand,Muang Rayong,2
2023-09-13,Thailand,Hua Hin,17
2023-04-01,Thailand,Muang Nonthaburi,4
2023-06-27,Thailand,Ratchathewi,147
2023-06-27,Thailand,Samphantawong,5
2023-06-27,Thailand,Phuket Island,20
2023-01-18,Thailand,Bang Lamung,14
2023-02-21,Thailand,Hua Hin,4
2023-02-21,Thailand,Bang Plad,2
2023-06-01,Thailand,Wattana,21
2023-06-01,Thailand,Din Dang,1
2023-10-30,Thailand,Ratchathewi,208
2023-10-30,Thailand,Muang Chiang Rai,2
2023-01-29,Thailand,Hua Hin,4
2023-05-05,Thailand,Hat Yai,6
2023-05-05,Thailand,Thap Sakae,1
2023-02-10,Thailand,San Sai,1
2023-03-31,Thailand,Phuket Island,40
2023-03-31,Thailand,K. Sam Roi Yot,1
2023-03-31,Thailand,Huai Kwang,3
2023-03-31,Thailand,Khlong San,16
2023-01-15,Thailand,Ratchathewi,48
2023-01-14,Thailand,Chom Thong,1
2023-01-17,Thailand,Hat Yai,6
2023-06-12,Thailand,Pathum Wan,8
2023-06-12,Thailand,Phuket Island,16
2023-06-12,Thailand,Ko Samui,1
2023-06-12,Thailand,Sathorn,5
2023-06-14,Thailand,Hat Yai,7
2023-06-15,Thailand,Muang Khon Kaen,6
2023-06-15,Thailand,Khlong Luang,1
2023-06-23,Thailand,Pattaya,63
2023-01-11,Thailand,Muang Chiang Mai,10
2023-05-02,Thailand,Bang Rak,15
2023-07-20,Thailand,Bang Plad,9
2023-05-07,Thailand,Muang Nonthaburi,1
2023-02-23,Thailand,Pattaya,38
2023-02-23,Thailand,Hat Yai,6
2023-01-03,Thailand,Mueang Krabi,2
2023-06-23,Thailand,Muang Satun,4
2023-06-23,Thailand,Bang Plee,2
2023-04-08,Thailand,Pathum Wan,14
2023-11-09,Thailand,Cha-Am,1
2023-11-09,Thailand,Thawi Wattana,1
2023-01-24,Thailand,Mueang Krabi,3
2023-01-10,Thailand,Phuket Island,12
2023-09-06,Thailand,K. Bang Sao Thon,7
2023-09-06,Thailand,Muang Chiang Mai,9
2023-02-24,Thailand,Sattahip,2
2023-02-24,Thailand,Pathum Wan,10
2023-02-24,Thailand,Cha-Am,10
2023-02-24,Thailand,Phra Khanong,3
2023-02-24,Thailand,Suan Luang,1
2023-02-24,Thailand,Hua Hin,15
2023-05-01,Thailand,Pom Pram Sattru,1
2023-01-13,Thailand,Bang Rak,16
2023-01-28,Thailand,Bang Na,1
2023-06-22,Thailand,Pong Nam Ron,2
2023-05-04,Thailand,Phuket Island,43
2023-06-21,Thailand,Bang Kapi,6
2023-11-06,Thailand,Bang Plee,3
2023-05-03,Thailand,Sikhiu,1
2023-01-27,Thailand,Pathum Wan,13
2023-01-26,Thailand,Huai Kwang,25
2023-09-07,Thailand,Bang Plee,1
2023-05-03,Thailand,Si Racha,2
2023-11-08,Thailand,Cha-Am,1
2023-11-08,Thailand,San Sai,3
2023-11-08,Thailand,Muang Songkhla,5
2023-01-26,Thailand,Mueang Krabi,1
2023-08-21,Thailand,Lat Phrao,4
2023-07-14,Thailand,Mae Rim,1
2023-10-23,Thailand,Lat Krabang,4
2023-07-28,Thailand,Doi Saket,1
2023-02-02,Thailand,Bang Lamung,14
2023-03-23,Thailand,Pak Kret,2
2023-08-20,Thailand,Wattana,18
2023-08-20,Thailand,Muang Rayong,4
2023-10-24,Thailand,Rat Burana,1
2023-10-24,Thailand,Khan Na Yao,1
2023-10-24,Thailand,Khlong Toey,33
2023-10-24,Thailand,Muang Songkhla,2
2023-10-24,Thailand,Muang Khon Kaen,2
2023-07-13,Thailand,Khlong Toey,29
2023-01-09,Thailand,Samphantawong,2
2023-01-09,Thailand,Ko Samui,1
2023-02-01,Thailand,Sattahip,1
2023-03-22,Thailand,Pak Chong,3
2023-03-22,Thailand,Mueang Krabi,3
2023-06-06,Thailand,Chatuchak,2
2023-06-06,Thailand,Hua Hin,3
2023-07-27,Thailand,Muang Rayong,6
2023-02-15,Thailand,Phuket Island,44
2023-02-15,Thailand,Mae Rim,1
2023-10-10,Thailand,Thai Muang,5
2023-02-05,Thailand,Sattahip,3
2023-08-23,Thailand,Pak Chong,4
2023-07-02,Thailand,Phaya Thai,18
2023-07-02,Thailand,Pattaya,41
2023-07-02,Thailand,Chatuchak,11
2023-03-26,Thailand,Wattana,11
2023-03-26,Thailand,Pathum Wan,5
2023-03-26,Thailand,Chatuchak,1
2023-03-26,Thailand,Muang Rayong,1
2023-02-19,Thailand,Din Dang,2
2023-07-16,Thailand,Suan Phung,2
2023-07-16,Thailand,Muang Kanchanaburi,1
2023-10-21,Thailand,Chatuchak,7
2023-10-21,Thailand,Takua Pa,3
2023-06-09,Thailand,Samphantawong,2
2023-07-15,Thailand,Phra Khanong,3
2023-07-15,Thailand,K. Bang Sao Thon,1
2023-10-22,Thailand,Bang Kapi,5
2023-10-22,Thailand,Lat Phrao,3
2023-10-22,Thailand,Pak Chong,1
2023-07-29,Thailand,Wattana,14
2023-07-29,Thailand,Pai,1
2023-03-10,Thailand,Hat Yai,7
2023-06-08,Thailand,Chatuchak,5
2023-02-03,Thailand,Chatuchak,1
2023-02-27,Thailand,Huai Kwang,5
2023-06-17,Thailand,Si Racha,1
2023-06-17,Thailand,Huai Kwang,6
2023-08-30,Thailand,Ratchathewi,157
2023-08-30,Thailand,Muang Chon Buri,1
2023-08-30,Thailand,Thawi Wattana,1
2023-08-30,Thailand,San Sai,1
2023-07-23,Thailand,Dusit,1
2023-07-23,Thailand,Khlong Toey,42
2023-01-19,Thailand,Muang Nonthaburi,4
2023-06-02,Thailand,Aranyaprathet,1
2023-06-16,Thailand,Pak Kret,1
2023-10-20,Thailand,Bang Lamung,4
2023-07-12,Thailand,Phra Nakhon,19
2023-01-04,Thailand,Ko Phangan,1
2023-07-12,Thailand,Thawi Wattana,1
2023-07-12,Thailand,Muang Nonthaburi,1
2023-07-26,Thailand,Wattana,36
2023-06-19,Thailand,Huai Kwang,9
2023-07-26,Thailand,Khlong San,9
2023-02-14,Thailand,Pattaya,36
2023-03-21,Thailand,Phaya Thai,7
2023-02-28,Thailand,Samphantawong,7
2023-06-04,Thailand,Hat Yai,3
2023-06-04,Thailand,Khlong Luang,2
2023-07-11,Thailand,Samphantawong,1
2023-07-11,Thailand,Prawet,2
2023-03-20,Thailand,Phra Khanong,3
2023-06-18,Thailand,Khlong San,6
2023-07-10,Thailand,Ko Samui,2
2023-07-25,Thailand,Muang Nonthaburi,2
2023-07-25,Thailand,Sattahip,13
2023-08-31,Thailand,Lat Krabang,7
2023-08-31,Thailand,Bang Kapi,2
2023-04-25,Thailand,Ko Lanta,1
2023-10-17,Thailand,Lam Luk Ka,2
2023-10-17,Thailand,Suan Phung,1
2023-09-22,Thailand,Lat Krabang,6
2023-10-03,Thailand,Rat Burana,1
2023-03-04,Thailand,Cha-Am,11
2023-10-03,Thailand,Takua Pa,8
2023-08-15,Thailand,Pathum Wan,25
2023-05-31,Thailand,Phra Nakhon,3
2023-05-31,Thailand,Thawi Wattana,1
2023-07-08,Thailand,Chatuchak,29
2023-07-08,Thailand,Lak Si,1
2023-04-24,Thailand,Bang Kho Laem,1
2023-11-10,Thailand,Sadao,1
2023-11-10,Thailand,Muang Rayong,3
2023-11-10,Thailand,Muang Kanchanaburi,1
2023-09-21,Thailand,Wattana,18
2023-09-21,Thailand,Bang Khae,2
2023-10-04,Thailand,Sadao,2
2023-03-17,Thailand,Muang Tak,1
2023-05-30,Thailand,Bang Bua Thong,1
2023-07-07,Thailand,Pathum Wan,11
2023-07-07,Thailand,Muang Chiang Mai,11
2023-07-07,Thailand,Ko Samui,2
2023-08-28,Thailand,Ko Samui,2
2023-03-02,Thailand,Muang Rayong,1
2023-09-10,Thailand,Muang Nonthaburi,1
2023-10-19,Thailand,Lat Krabang,1
2023-10-19,Thailand,Muang Buri Ram,1
2023-04-27,Thailand,Bang Plee,1
2023-03-06,Thailand,Bang Rak,25
2023-10-15,Thailand,Takua Pa,4
2023-10-15,Thailand,Suan Luang,4
2023-10-15,Thailand,Khan Na Yao,2
2023-08-03,Thailand,Muang Chiang Rai,1
2023-08-17,Thailand,Pattaya,124
2023-08-17,Thailand,Sattahip,1
2023-10-01,Thailand,Ban Chang,1
2023-10-01,Thailand,Ko Yao District,2
2023-09-24,Thailand,Huai Kwang,2
2023-03-05,Thailand,Phuket Island,64
2023-03-05,Thailand,Bang Kapi,1
2023-04-12,Thailand,Si Racha,1
2023-03-19,Thailand,Pak Chong,3
2023-10-02,Thailand,Pom Pram Sattru,1
2023-10-02,Thailand,Muang Chiang Mai,11
2023-04-26,Thailand,Mueang Krabi,7
2023-07-09,Thailand,Wattana,26
2023-07-09,Thailand,Pak Chong,5
2023-07-09,Thailand,Mueang Krabi,23
2023-07-09,Thailand,Muang Khon Kaen,4
2023-10-27,Thailand,Hua Hin,19
2023-04-11,Thailand,Hat Yai,5
2023-04-11,Thailand,Phra Khanong,12
2023-04-11,Thailand,Muang Phitsanulok,1
2023-10-13,Thailand,Pattaya,113
2023-02-07,Thailand,Khlong San,7
2023-08-11,Thailand,Pak Chong,6
2023-07-04,Thailand,Sadao,2
2023-08-25,Thailand,Muang Khon Kaen,3
2023-08-25,Thailand,Ko Samui,2
2023-04-20,Thailand,Hua Hin,29
2023-03-28,Thailand,Cha-Am,10
2023-03-28,Thailand,Pom Pram Sattru,1
2023-03-28,Thailand,Mueang Krabi,5
2023-07-18,Thailand,Pak Chong,8
2023-07-18,Thailand,Don Muang,5
2023-07-18,Thailand,Phra Nakhon,9
2023-11-20,Thailand,Khlong San,6
2023-02-06,Thailand,Muang Buri Ram,1
2023-03-13,Thailand,Samphantawong,4
2023-03-13,Thailand,Sathorn,1
2023-10-28,Thailand,Thawi Wattana,2
2023-10-28,Thailand,San Sai,3
2023-08-24,Thailand,Samphantawong,6
2023-08-24,Thailand,Muang Chiang Rai,1
2023-07-17,Thailand,Pak Chong,9
2023-07-17,Thailand,Mae Rim,3
2023-11-21,Thailand,Hua Hin,10
2023-11-21,Thailand,Chatuchak,12
2023-03-16,Thailand,Hat Yai,3
2023-03-16,Thailand,Chatuchak,1
2023-03-16,Thailand,Lat Krabang,1
2023-10-25,Thailand,Takua Pa,8
2023-10-25,Thailand,Khlong San,13
2023-10-25,Thailand,Muang Khon Kaen,1
2023-09-20,Thailand,K. Bang Sao Thon,6
2023-09-20,Thailand,Muang Chiang Rai,4
2023-09-30,Thailand,Din Dang,1
2023-09-30,Thailand,K. Bang Sao Thon,9
2023-10-11,Thailand,Phaya Thai,3
2023-10-11,Thailand,Muang Chiang Rai,1
2023-08-27,Thailand,Huai Kwang,5
2023-08-27,Thailand,Muang Chon Buri,2
2023-08-13,Thailand,Chom Thong,1
2023-08-13,Thailand,Lat Krabang,10
2023-08-13,Thailand,Bang Bo,1
2023-10-26,Thailand,Phuket Island,45
2023-10-26,Thailand,Pran Buri,1
2023-10-26,Thailand,Phaya Thai,5
2023-10-26,Thailand,Muang Khon Kaen,1
2023-08-12,Thailand,Takua Pa,4
2023-02-08,Thailand,Bung Kum,1
2023-08-26,Thailand,Muang Satun,19
2023-08-26,Thailand,Pathum Wan,11
2023-08-26,Thailand,Bang Plee,1
2023-10-12,Thailand,Ko Lanta,3
2023-07-05,Thailand,Bang Plad,5
2023-03-14,Thailand,Lam Luk Ka,1
2023-03-14,Thailand,Bang Rak,13
2023-11-04,Thailand,Mae Sot,2
2023-11-04,Thailand,Wattana,13
2023-11-04,Thailand,Pak Chong,1
2023-11-04,Thailand,Pathum Wan,10
2023-09-02,Thailand,Bang Plad,5
2023-04-19,Thailand,Bang Kapi,3
2023-04-19,Thailand,Pom Pram Sattru,1
2023-08-09,Thailand,Phuket Island,38
2023-08-09,Thailand,Suan Luang,1
2023-08-09,Thailand,Bang Khae,1
2023-05-26,Thailand,Lat Krabang,2
2023-05-11,Thailand,Thon Buri,3
2023-05-25,Thailand,Aranyaprathet,2
2023-09-01,Thailand,Muang Chiang Rai,1
2023-04-04,Thailand,Mueang Krabi,7
2023-01-20,Thailand,Pak Chong,2
2023-01-20,Thailand,Din Dang,2
2023-01-20,Thailand,Sattahip,2
2023-09-15,Thailand,Hat Yai,2
2023-09-15,Thailand,Lat Krabang,8
2023-09-15,Thailand,Din Dang,4
2023-11-16,Thailand,Sathorn,1
2023-11-16,Thailand,Takua Pa,3
2023-09-29,Thailand,Dusit,3
2023-09-29,Thailand,Bang Plee,2
2023-11-05,Thailand,Pathum Wan,16
2023-11-05,Thailand,Din Dang,2
2023-05-10,Thailand,Phra Nakhon,8
2023-08-08,Thailand,Wattana,26
2023-08-08,Thailand,Khlong Luang,1
2023-08-08,Thailand,Pak Kret,1
2023-11-02,Thailand,Bang Rak,55
2023-11-02,Thailand,Muang Chiang Rai,1
2023-11-16,Thailand,Don Muang,4
2023-11-03,Thailand,Khlong San,13
2023-09-18,Thailand,Bang Plee,1
2023-11-17,Thailand,Phra Nakhon Si Ayutthaya,1
2023-06-20,Thailand,Lat Krabang,2
2023-06-20,Thailand,Thawi Wattana,3
2023-06-20,Thailand,Khlong San,6
2023-06-20,Thailand,Phra Khanong,6
2023-06-20,Thailand,Bang Lamung,22
2023-05-13,Thailand,Pattaya,48
2023-05-13,Thailand,Lat Krabang,6
2023-05-13,Thailand,Cha-Am,6
2023-05-14,Thailand,Phra Khanong,1
2023-09-19,Thailand,Suan Phung,1
2023-05-27,Thailand,Muang Rayong,1
2023-09-03,Thailand,Wattana,15
2023-09-03,Thailand,Cha-Am,13
2023-04-15,Thailand,Muang Rayong,1
2023-10-07,Thailand,Khlong Luang,1
2023-04-29,Thailand,Hat Yai,4
2023-04-29,Thailand,Bang Kho Laem,1
2023-05-21,Thailand,Thon Buri,1
2023-11-01,Thailand,Huai Kwang,4
2023-05-12,Thailand,Chatuchak,4
2023-10-08,Thailand,Lat Phrao,4
2023-10-08,Thailand,Phuttha Mon Thon,1
2023-04-14,Thailand,Wang Thonglang,1
2023-01-31,Thailand,Pak Chong,1
2023-09-11,Thailand,Lak Si,1
2023-09-11,Thailand,Prawet,1
2023-05-20,Thailand,Phuttha Mon Thon,1
2023-04-28,Thailand,Ratchathewi,95
2023-04-28,Thailand,Muang Phitsanulok,1
2023-09-12,Thailand,Ko Samui,2
2023-09-12,Thailand,Thai Muang,1
2023-09-12,Thailand,Lat Krabang,6
2023-11-15,Thailand,Lat Phrao,4
2023-11-15,Thailand,Suan Phung,2
2023-11-15,Thailand,Samphantawong,2
2023-03-07,Thailand,Muang Sukhothai,1
2023-08-18,Thailand,Khlong Toey,37
2023-08-18,Thailand,Samphantawong,2
2023-08-18,Thailand,Takua Pa,5
2023-04-13,Thailand,Cha-Am,2
2023-09-25,Thailand,Bang Plad,3
2023-06-30,Thailand,Muang Chiang Mai,4
2023-06-30,Thailand,Prawet,1
2023-10-09,Thailand,Lak Si,1
2023-09-28,Thailand,Bang Rak,22
2023-09-28,Thailand,Muang Chon Buri,2
2023-11-13,Thailand,Khlong Toey,41
2023-11-13,Thailand,Muang Satun,8
2023-10-06,Thailand,Muang Ubon Ratchatani,7
2023-10-06,Thailand,Muang Kanchanaburi,2
2023-05-24,Thailand,Pak Chong,3
2023-04-16,Thailand,Pak Kret,9
2023-01-30,Thailand,Hua Hin,2
2023-09-27,Thailand,Ban Chang,2
2023-09-27,Thailand,Thawi Wattana,1
2023-03-09,Thailand,Hat Yai,3
2023-01-01,Thailand,Hat Yai,2
2023-01-01,Thailand,Pak Chong,1
2023-09-13,Thailand,Bang Kapi,2
2023-05-22,Thailand,Chom Thong,2
2023-04-02,Thailand,Takua Pa,11
2023-06-27,Thailand,Chatuchak,1
2023-06-27,Thailand,Bang Lamung,5
2023-01-18,Thailand,Muang Nonthaburi,7
2023-06-01,Thailand,Mueang Krabi,5
2023-02-10,Thailand,Muang Nonthaburi,5
2023-10-30,Thailand,Bang Kapi,2
2023-10-30,Thailand,Thon Buri,1
2023-01-29,Thailand,Hat Yai,3
2023-05-05,Thailand,Khlong Luang,1
2023-05-19,Thailand,Pattaya,56
2023-06-29,Thailand,Khlong Toey,19
2023-06-29,Thailand,Huai Kwang,8
2023-05-19,Thailand,Samphantawong,4
2023-05-08,Thailand,Phaya Thai,2
2023-01-14,Thailand,Khlong San,2
2023-01-14,Thailand,Mueang Krabi,3
2023-01-14,Thailand,Sattahip,1
2023-01-17,Thailand,Wattana,13
2023-01-17,Thailand,Khlong Toey,12
2023-01-17,Thailand,Muang Nonthaburi,1
2023-06-12,Thailand,Lak Si,1
2023-06-14,Thailand,Bang Plad,1
2023-06-15,Thailand,Phra Nakhon,8
2023-06-15,Thailand,Suan Luang,4
2023-05-02,Thailand,Sawankhalok,1
2023-07-20,Thailand,Ko Samui,5
2023-03-30,Thailand,Wattana,25
2023-03-30,Thailand,Samphantawong,1
2023-03-30,Thailand,Muang Chiang Mai,2
2023-02-23,Thailand,Muang Rayong,4
2023-02-23,Thailand,Phra Khanong,4
2023-02-23,Thailand,Muang Khon Kaen,4
2023-04-08,Thailand,Khlong Toey,11
2023-04-08,Thailand,Wattana,19
2023-11-09,Thailand,Bang Kapi,4
2023-11-09,Thailand,Phra Khanong,7
2023-11-09,Thailand,Pathum Wan,20
2023-01-24,Thailand,Bang Lamung,1
2023-05-15,Thailand,Phaya Thai,1
2023-09-09,Thailand,Bangkok Noi,1
2023-09-09,Thailand,Thon Buri,1
2023-01-10,Thailand,Khlong San,1
2023-05-16,Thailand,Muang Satun,2
2023-01-16,Thailand,Ratchathewi,59
2023-01-16,Thailand,Muang Khon Kaen,1
2023-05-29,Thailand,Muang Kanchanaburi,1
2023-05-29,Thailand,Don Muang,2
2023-05-15,Thailand,Samphantawong,1
2023-09-05,Thailand,Khlong Toey,25
2023-01-25,Thailand,Muang Chiang Mai,5
2023-09-06,Thailand,Don Muang,1
2023-09-06,Thailand,Suan Luang,3
2023-09-06,Thailand,Bangkok Noi,2
2023-02-24,Thailand,Ko Samui,4
2023-02-24,Thailand,Bang Plee,3
2023-05-01,Thailand,Muang Chiang Mai,3
2023-01-28,Thailand,Phuket Island,34
2023-01-28,Thailand,Phra Nakhon,4
2023-11-07,Thailand,Lat Phrao,4
2023-02-20,Thailand,Muang Chiang Mai,5
2023-02-20,Thailand,Thon Buri,1
2023-02-20,Thailand,Bang Lamung,2
2023-11-06,Thailand,Lat Phrao,2
2023-05-03,Thailand,Pattaya,31
2023-06-10,Thailand,Wang Thonglang,2
2023-01-12,Thailand,Bang Rak,9
2023-01-12,Thailand,Pattaya,8
2023-09-08,Thailand,Bang Khae,5
2023-07-31,Thailand,Bangkok Noi,1
2023-09-07,Thailand,Pattaya,131
2023-09-07,Thailand,Mueang Krabi,35
2023-07-30,Thailand,Wang Thonglang,1
2023-07-30,Thailand,Muang Surat Thani,2
2023-11-08,Thailand,Pathum Wan,18
2023-11-08,Thailand,Phra Nakhon,24
2023-11-08,Thailand,Muang Rayong,3
2023-11-08,Thailand,Muang Khon Kaen,3
2023-08-21,Thailand,Din Dang,1
2023-07-14,Thailand,Suan Phung,1
2023-07-14,Thailand,Klaeng,2
2023-04-30,Thailand,Bang Plad,1
2023-04-30,Thailand,Wattana,18
2023-04-30,Thailand,Muang Phangnga,1
2023-06-07,Thailand,Ratchathewi,158
2023-06-07,Thailand,Samphantawong,3
2023-07-28,Thailand,Din Dang,4
2023-08-20,Thailand,Lat Krabang,3
2023-02-16,Thailand,Muang Chiang Mai,5
2023-10-24,Thailand,Pathum Wan,3
2023-10-24,Thailand,Muang Satun,7
2023-07-13,Thailand,Min Buri,1
2023-01-09,Thailand,Thon Buri,1
2023-03-22,Thailand,Ko Samui,1
2023-06-06,Thailand,Wattana,17
2023-07-27,Thailand,Muang Khon Kaen,6
2023-07-27,Thailand,Bang Kapi,1
2023-02-15,Thailand,Muang Nonthaburi,4
2023-10-10,Thailand,Ban Chang,2
2023-10-10,Thailand,Khlong San,29
2023-10-10,Thailand,K. Ko Chang,3
2023-10-10,Thailand,Ko Yao District,1
2023-07-02,Thailand,Don Muang,1
2023-07-02,Thailand,Lak Si,1
2023-07-02,Thailand,Sattahip,1
2023-03-26,Thailand,Cha-Am,8
2023-03-11,Thailand,Lam Luk Ka,1
2023-07-16,Thailand,Pak Kret,1
2023-02-04,Thailand,Samphantawong,6
2023-02-04,Thailand,Hat Yai,2
2023-10-21,Thailand,Muang Satun,9
2023-08-22,Thailand,Pathum Wan,20
2023-08-22,Thailand,Muang Khon Kaen,3
2023-07-15,Thailand,Muang Chon Buri,2
2023-02-18,Thailand,Khan Na Yao,1
2023-07-01,Thailand,Aranyaprathet,2
2023-07-29,Thailand,Phuket Island,26
2023-03-10,Thailand,Lak Si,1
2023-03-10,Thailand,Muang Ratchaburi,1
2023-03-24,Thailand,Muang Nonthaburi,2
2023-03-24,Thailand,Bang Plee,1
2023-02-03,Thailand,Suan Luang,1
2023-02-03,Thailand,Muang Chiang Rai,2
2023-01-06,Thailand,Khlong San,5
2023-02-27,Thailand,Muang Chiang Mai,2
2023-07-24,Thailand,Mueang Krabi,28
2023-07-24,Thailand,Muang Satun,7
2023-07-24,Thailand,Muang Khon Kaen,1
2023-06-03,Thailand,Phra Khanong,1
2023-02-12,Thailand,Pattaya,37
2023-06-17,Thailand,Bang Na,1
2023-06-17,Thailand,Pathum Wan,10
2023-01-05,Thailand,Khlong Toey,18
2023-02-26,Thailand,Thawi Wattana,1
2023-08-30,Thailand,Sathorn,2
2023-07-23,Thailand,Koh Si Chang,1
2023-01-19,Thailand,Ratchathewi,53
2023-01-19,Thailand,Sathorn,1
2023-02-25,Thailand,Hat Yai,9
2023-05-09,Thailand,Aranyaprathet,1
2023-05-09,Thailand,Khlong Luang,1
2023-02-11,Thailand,Wattana,11
2023-10-20,Thailand,Khlong San,14
2023-02-25,Thailand,Lak Si,1
2023-02-25,Thailand,Bang Plee,7
2023-06-05,Thailand,Lat Krabang,3
2023-06-05,Thailand,Cha-Am,2
2023-01-04,Thailand,Khlong Toey,6
2023-01-08,Thailand,Sattahip,1
2023-07-26,Thailand,Samphantawong,5
2023-02-14,Thailand,K. Bang Sao Thon,1
2023-03-21,Thailand,Bang Lamung,21
2023-10-31,Thailand,Mae Sot,1
2023-02-28,Thailand,Huai Kwang,5
2023-06-04,Thailand,Wattana,12
2023-06-04,Thailand,Phra Khanong,3
2023-01-07,Thailand,Hua Hin,2
2023-01-07,Thailand,Phra Khanong,1
2023-03-20,Thailand,Hat Yai,5
2023-03-20,Thailand,Muang Chiang Mai,1
2023-06-18,Thailand,Khlong Toey,22
2023-06-18,Thailand,Muang Nakhon Pathom,2
2023-07-10,Thailand,Pak Chong,1
2023-07-10,Thailand,Mae Rim,3
2023-02-13,Thailand,Din Dang,1
2023-02-13,Thailand,Khlong Toey,4
2023-10-17,Thailand,Huai Kwang,2
2023-10-17,Thailand,K. Bang Sao Thon,5
2023-08-01,Thailand,Lam Luk Ka,1
2023-08-01,Thailand,Pom Pram Sattru,1
2023-09-22,Thailand,Khlong Toey,37
2023-09-22,Thailand,Muang Phitsanulok,1
2023-10-03,Thailand,Bang Kapi,4
2023-03-04,Thailand,Bang Rak,26
2023-10-03,Thailand,Lat Phrao,6
2023-10-03,Thailand,Muang Kanchanaburi,1
2023-03-18,Thailand,Don Muang,2
2023-08-29,Thailand,Lat Phrao,5
2023-08-29,Thailand,Bang Rak,52
2023-07-08,Thailand,Si Racha,1
2023-07-08,Thailand,Lat Krabang,7
2023-07-08,Thailand,Ko Phangan,2
2023-04-10,Thailand,Lam Luk Ka,1
2023-04-10,Thailand,Pak Kret,8
2023-04-24,Thailand,Pak Chong,2
2023-11-10,Thailand,Mueang Krabi,38
2023-09-21,Thailand,Sattahip,1
2023-09-21,Thailand,Phra Nakhon,8
2023-10-04,Thailand,Wattana,20
2023-10-04,Thailand,Ratchathewi,189
2023-03-17,Thailand,Huai Kwang,4
2023-07-07,Thailand,Muang Chiang Rai,3
2023-08-14,Thailand,Khlong San,2
2023-08-14,Thailand,Sathorn,2
2023-08-28,Thailand,Samphantawong,3
2023-08-28,Thailand,Pak Kret,5
2023-08-28,Thailand,Bang Lamung,6
2023-08-28,Thailand,Bang Plad,5
2023-03-02,Thailand,Ko Samui,1
2023-03-02,Thailand,Chatuchak,1
2023-09-10,Thailand,Lak Si,3
2023-09-10,Thailand,Phuket Island,46
2023-10-19,Thailand,Hat Yai,18
2023-10-19,Thailand,Thon Buri,2
2023-04-23,Thailand,Khlong San,6
2023-04-23,Thailand,Sattahip,1
2023-11-11,Thailand,K. Bang Sao Thon,4
2023-10-29,Thailand,Ko Yao District,1
2023-10-15,Thailand,Phaya Thai,5
2023-10-15,Thailand,Muang Samut Prakan,1
2023-08-03,Thailand,Muang Samut Prakan,4
2023-08-17,Thailand,Ko Lanta,1
2023-10-16,Thailand,Dusit,4
2023-10-16,Thailand,Muang Kanchanaburi,5
2023-10-16,Thailand,Muang Ubon Ratchatani,4
2023-03-05,Thailand,Hat Yai,2
2023-03-05,Thailand,Cha-Am,6
2023-03-05,Thailand,Mueang Krabi,2
2023-04-12,Thailand,Yannawa,1
2023-10-02,Thailand,Khlong Toey,30
2023-10-02,Thailand,Muang Ubon Ratchatani,1
2023-08-02,Thailand,Phuttha Mon Thon,1
2023-09-23,Thailand,Lat Phrao,2
2023-09-23,Thailand,Phaya Thai,4
2023-08-16,Thailand,Prawet,2
2023-08-16,Thailand,Bang Lamung,47
2023-08-16,Thailand,Muang Rayong,1
2023-08-02,Thailand,Cha-Am,2
2023-10-27,Thailand,Hat Yai,3
2023-02-07,Thailand,Pattaya,25
2023-07-04,Thailand,Muang Songkhla,2
2023-07-04,Thailand,Lam Luk Ka,1
2023-08-25,Thailand,Pak Chong,7
2023-03-28,Thailand,Sai Yok,1
2023-07-18,Thailand,Pattaya,98
2023-11-20,Thailand,Sadao,2
2023-11-20,Thailand,Cha-Am,3
2023-11-20,Thailand,Phra Nakhon,11
2023-11-20,Thailand,Phuket Island,45
2023-08-10,Thailand,Muang Khon Kaen,2
2023-08-10,Thailand,Chatuchak,18
2023-08-10,Thailand,Samphantawong,3
2023-08-10,Thailand,Ban Chang,1
2023-03-13,Thailand,Huai Kwang,6
2023-10-28,Thailand,Samphantawong,2
2023-10-28,Thailand,Muang Ubon Ratchatani,5
2023-08-24,Thailand,Ko Samui,1
2023-07-17,Thailand,Lam Luk Ka,2
2023-03-12,Thailand,Khlong San,16
2023-11-21,Thailand,Si Racha,1
2023-11-21,Thailand,Khlong San,11
2023-09-30,Thailand,Thon Buri,3
2023-09-30,Thailand,Muang Nakhon Ratchasima,1
2023-09-30,Thailand,Wattana,11
2023-09-30,Thailand,Bang Lamung,29
2023-10-11,Thailand,Koh Si Chang,2
2023-02-09,Thailand,Din Dang,1
2023-02-09,Thailand,Chatuchak,2
2023-08-27,Thailand,Phuket Island,42
2023-07-06,Thailand,Pathum Wan,7
2023-08-13,Thailand,Lat Phrao,2
2023-08-13,Thailand,Muang Satun,7
2023-08-13,Thailand,Sattahip,1
2023-10-26,Thailand,Sathorn,3
2023-10-26,Thailand,Pak Kret,2
2023-10-26,Thailand,Phra Nakhon,13
2023-07-06,Thailand,Sawankhalok,1
2023-03-15,Thailand,Phuket Island,41
2023-04-22,Thailand,Ratchathewi,99
2023-04-22,Thailand,K. Bang Sao Thon,1
2023-03-29,Thailand,Pak Kret,2
2023-03-29,Thailand,Suan Luang,2
2023-03-01,Thailand,Ko Samui,6
2023-02-08,Thailand,Lat Phrao,1
2023-04-21,Thailand,Khlong Toey,18
2023-10-12,Thailand,Dusit,4
2023-10-12,Thailand,Pathum Wan,7
2023-07-05,Thailand,Prawet,1
2023-03-14,Thailand,Bung Kum,1
2023-11-04,Thailand,Dusit,2
2023-11-04,Thailand,Klaeng,1
2023-09-02,Thailand,Hat Yai,3
2023-11-19,Thailand,Wang Thonglang,1
2023-08-09,Thailand,Bang Plad,6
2023-08-09,Thailand,Mueang Krabi,27
2023-08-09,Thailand,Muang Chon Buri,1
2023-05-26,Thailand,Pattaya,32
2023-05-26,Thailand,Sathorn,1
2023-05-11,Thailand,Pattaya,55
2023-05-25,Thailand,Hua Hin,1
2023-09-01,Thailand,Batong,1
2023-05-25,Thailand,Muang Chiang Mai,2
2023-04-04,Thailand,Khlong Hoi Kong,1
2023-04-04,Thailand,Muang Chiang Rai,8
2023-04-04,Thailand,Phra Khanong,2
2023-04-04,Thailand,Takua Thung,1
2023-01-20,Thailand,Chatuchak,4
2023-04-18,Thailand,Pathum Wan,14
2023-09-29,Thailand,Khlong Toey,30
2023-09-29,Thailand,Bang Kapi,5
2023-09-29,Thailand,Muang Satun,5
2023-11-05,Thailand,Phuket Island,66
2023-11-05,Thailand,Mueang Krabi,46
2023-05-10,Thailand,Prawet,1
2023-05-10,Thailand,Muang Phitsanulok,1
2023-04-07,Thailand,Huai Kwang,12
2023-04-07,Thailand,Phuket Island,20
2023-04-07,Thailand,Muang Khon Kaen,5
2023-08-08,Thailand,Ko Phangan,1
2023-11-02,Thailand,Sattahip,1
2023-09-18,Thailand,Hat Yai,9
2023-09-18,Thailand,Bang Kapi,3
2023-09-18,Thailand,Suan Phung,1
2023-11-18,Thailand,Pak Chong,8
2023-11-18,Thailand,Ko Phangan,4
2023-05-28,Thailand,Thawi Wattana,1
2023-05-13,Thailand,Hua Hin,6
2023-09-03,Thailand,Lat Phrao,5
2023-09-03,Thailand,Hat Yai,3
2023-11-14,Thailand,Mae Rim,6
2023-11-14,Thailand,Phuttha Mon Thon,2
2023-04-15,Thailand,Muang Chon Buri,1
2023-04-15,Thailand,Mueang Krabi,5
2023-10-07,Thailand,Pak Chong,5
2023-04-29,Thailand,Huai Kwang,4
2023-03-08,Thailand,Bang Kapi,4
2023-09-26,Thailand,Pathum Wan,29
2023-05-21,Thailand,Hat Yai,2
2023-11-01,Thailand,Lak Si,2
2023-11-01,Thailand,K. Bang Sao Thon,12
2023-08-19,Thailand,Bang Khen,1
2023-10-08,Thailand,Takua Pa,4
2023-10-08,Thailand,Bang Plad,1
2023-09-26,Thailand,Lam Luk Ka,2
2023-09-26,Thailand,Phaya Thai,6
2023-04-14,Thailand,Muang Nonthaburi,2
2023-08-05,Thailand,Wattana,13
2023-08-05,Thailand,Huai Kwang,9
2023-09-11,Thailand,Samphantawong,7
2023-05-20,Thailand,Ko Samui,1
2023-05-20,Thailand,Mueang Krabi,9
2023-04-28,Thailand,Khlong San,10
2023-09-12,Thailand,K. Bang Sao Thon,7
2023-11-15,Thailand,Khlong San,10
2023-03-07,Thailand,Lam Luk Ka,2
2023-08-04,Thailand,Hua Hin,13
2023-08-18,Thailand,Pom Pram Sattru,1
2023-04-13,Thailand,Lat Krabang,1
2023-09-25,Thailand,Muang Samut Prakan,1
2023-06-30,Thailand,Huai Kwang,18
2023-10-09,Thailand,Muang Ubon Ratchatani,2
2023-09-28,Thailand,Bang Khae,1
2023-09-28,Thailand,Rat Burana,1
2023-11-13,Thailand,Ko Lanta,5
2023-08-07,Thailand,Bang Khae,3
2023-04-17,Thailand,Mueang Krabi,6
2023-04-17,Thailand,Pathum Wan,5
2023-09-14,Thailand,Suan Luang,7
2023-11-01,Thailand,Phra Khanong,3
2023-04-03,Thailand,Suan Luang,1
2023-06-30,Thailand,Chatuchak,3
2023-06-30,Thailand,Bang Lamung,3
2023-06-30,Thailand,Suan Luang,2
2023-09-27,Thailand,Huai Kwang,4
2023-06-13,Thailand,Don Muang,3
2023-06-13,Thailand,Khan Na Yao,1
2023-04-01,Thailand,Khlong Luang,1
2023-03-09,Thailand,Phra Nakhon,8
2023-03-09,Thailand,Bang Plad,1
2023-11-12,Thailand,Ko Lanta,6
2023-11-12,Thailand,Muang Chai Nat,1
2023-01-01,Thailand,Samphantawong,5
2023-08-06,Thailand,Muang Satun,6
2023-05-06,Thailand,Samphantawong,2
2023-05-06,Thailand,Bang Plad,1
2023-09-13,Thailand,Bang Plad,3
2023-09-13,Thailand,Muang Songkhla,1
2023-09-13,Thailand,K. Bang Sao Thon,14
2023-05-22,Thailand,Muang Phitsanulok,1
2023-04-02,Thailand,Su-ngai Ko Lok,1
2023-06-27,Thailand,Wattana,15
2023-06-27,Thailand,Dusit,1
2023-06-27,Thailand,Muang Nakhon Pathom,6
2023-06-26,Thailand,Muang Nakhon Pathom,1
2023-05-05,Thailand,Pattaya,30
2023-05-05,Thailand,Muang Chiang Rai,2
2023-01-18,Thailand,Muang Khon Kaen,2
2023-02-21,Thailand,Muang Chiang Mai,6
2023-06-01,Thailand,Bang Lamung,1
2023-06-11,Thailand,Hua Hin,7
2023-10-30,Thailand,Muang Satun,10
2023-01-29,Thailand,Bang Rak,24
2023-07-22,Thailand,K. Sam Roi Yot,1
2023-03-31,Thailand,Muang Nonthaburi,5
2023-06-29,Thailand,Hat Yai,1
2023-01-15,Thailand,Muang Nonthaburi,5
2023-01-14,Thailand,Phuttha Mon Thon,1
2023-01-17,Thailand,Phaya Thai,2
2023-01-02,Thailand,Huai Kwang,3
2023-01-02,Thailand,Bang Bo,1
2023-06-14,Thailand,Phra Nakhon,8
2023-06-14,Thailand,Dusit,1
2023-06-14,Thailand,Sawankhalok,1
2023-06-15,Thailand,Don Muang,2
2023-01-11,Thailand,Wattana,7
2023-06-28,Thailand,Takua Pa,4
2023-05-02,Thailand,Muang Rayong,21
2023-05-07,Thailand,Muang Khon Kaen,1
2023-03-30,Thailand,Phaya Thai,8
2023-03-30,Thailand,Cha-Am,12
2023-03-30,Thailand,Mueang Krabi,3
2023-06-23,Thailand,Lat Krabang,3
2023-06-23,Thailand,Takua Pa,4
2023-11-09,Thailand,Ko Lanta,2
2023-11-09,Thailand,Bang Kruai,1
2023-05-15,Thailand,Muang Samut Prakan,1
2023-01-10,Thailand,Muang Nonthaburi,5
2023-05-16,Thailand,Khlong San,12
2023-05-16,Thailand,Takua Pa,2
2023-05-29,Thailand,Phuket Island,21
2023-05-29,Thailand,Muang Chiang Mai,5
2023-09-05,Thailand,Phaya Thai,18
2023-09-06,Thailand,Huai Kwang,4
2023-09-06,Thailand,Muang Buri Ram,1
2023-07-21,Thailand,Muang Khon Kaen,8
2023-07-21,Thailand,Khlong San,16
2023-01-11,Thailand,Sathorn,1
2023-01-28,Thailand,Phra Khanong,3
2023-11-07,Thailand,Pak Chong,2
2023-02-20,Thailand,Phra Nakhon,3
2023-02-20,Thailand,Din Dang,1
2023-06-21,Thailand,Khlong San,10
2023-01-27,Thailand,Khlong San,6
2023-01-27,Thailand,Sai Yok,1
2023-06-25,Thailand,Pathum Wan,2
2023-06-25,Thailand,Bang Khen,1
2023-05-17,Thailand,Bang Lamung,25
2023-09-08,Thailand,Pak Chong,3
2023-09-08,Thailand,Bang Rak,44
2023-07-31,Thailand,Muang Chiang Mai,10
2023-07-31,Thailand,Doi Saket,1
2023-09-07,Thailand,Don Muang,2
2023-05-03,Thailand,Chatuchak,2
2023-11-08,Thailand,Bang Plad,3
2023-02-17,Thailand,Sathorn,1
2023-08-21,Thailand,Ko Samui,3
2023-07-14,Thailand,Phuket Island,47
2023-07-14,Thailand,Lat Krabang,7
2023-04-30,Thailand,Ratchathewi,106
2023-10-23,Thailand,Takua Pa,4
2023-07-28,Thailand,Muang Satun,3
2023-07-28,Thailand,Huai Kwang,9
2023-07-28,Thailand,San Sai,1
2023-03-23,Thailand,Ko Samui,2
2023-03-23,Thailand,Bang Lamung,15
2023-08-20,Thailand,Pathum Wan,9
2023-10-24,Thailand,Cha-Am,2
2023-07-13,Thailand,Pattaya,136
2023-02-01,Thailand,Huai Kwang,3
2023-02-01,Thailand,Muang Khon Kaen,1
2023-03-22,Thailand,Pathum Wan,9
2023-03-22,Thailand,Huai Kwang,9
2023-03-22,Thailand,Bang Lamung,17
2023-06-06,Thailand,Pattaya,39
2023-07-27,Thailand,Chom Thong,3
2023-07-27,Thailand,Lak Si,2
2023-02-15,Thailand,Lak Si,1
2023-10-10,Thailand,Sattahip,4
2023-08-23,Thailand,Ratchathewi,133
2023-08-23,Thailand,Pathum Wan,21
2023-07-02,Thailand,Pathum Wan,11
2023-03-26,Thailand,Sattahip,1
2023-03-11,Thailand,Mueang Krabi,6
2023-02-19,Thailand,Lak Si,1
2023-02-19,Thailand,Mueang Krabi,1
2023-07-16,Thailand,Prawet,1
2023-10-21,Thailand,K. Ko Chang,4
2023-10-21,Thailand,Suan Luang,4
2023-06-09,Thailand,Pak Kret,1
2023-08-22,Thailand,Muang Chiang Rai,4
2023-07-15,Thailand,Suan Luang,3
2023-07-15,Thailand,Khlong Luang,1
2023-02-18,Thailand,Phra Nakhon,2
2023-07-29,Thailand,Pattaya,77
2023-07-29,Thailand,Bang Khun Thian,1
2023-07-29,Thailand,Muang Songkhla,1
2023-07-29,Thailand,Pak Kret,1
2023-03-10,Thailand,Bang Lamung,9
2023-06-08,Thailand,Thawi Wattana,1
2023-07-24,Thailand,Ratchathewi,204
2023-07-24,Thailand,Muang Chiang Mai,14
2023-07-24,Thailand,K. Bang Sao Thon,1
2023-07-24,Thailand,Muang Chiang Rai,2
2023-06-03,Thailand,Muang Nonthaburi,4
2023-06-03,Thailand,Pathum Wan,17
2023-06-17,Thailand,Bang Plee,1
2023-01-05,Thailand,Mueang Krabi,1
2023-02-26,Thailand,Bang Lamung,41
2023-08-30,Thailand,Phaya Thai,10
2023-08-30,Thailand,Bang Khun Thian,1
2023-07-23,Thailand,Din Dang,7
2023-07-23,Thailand,Ko Samui,4
2023-01-19,Thailand,Phra Nakhon,1
2023-06-16,Thailand,Pattaya,79
2023-06-16,Thailand,Khan Na Yao,3
2023-05-09,Thailand,Muang Chiang Mai,4
2023-02-11,Thailand,Muang Nonthaburi,1
2023-10-20,Thailand,Ko Samui,2
2023-10-20,Thailand,Muang Pathum Thani,3
2023-02-25,Thailand,Muang Sukhothai,1
2023-06-05,Thailand,Sathorn,1
2023-10-31,Thailand,Ko Samui,11
2023-10-31,Thailand,Huai Kwang,5
2023-02-14,Thailand,Phra Khanong,5
2023-02-28,Thailand,Lak Si,1
2023-01-07,Thailand,Bang Rak,14
2023-01-07,Thailand,Bang Lamung,1
2023-03-20,Thailand,Takua Pa,1
2023-07-10,Thailand,Wang Thonglang,1
2023-02-13,Thailand,Muang Khon Kaen,1
2023-08-31,Thailand,Takua Pa,4
2023-08-01,Thailand,Bang Lamung,19
2023-08-01,Thailand,Din Dang,1
2023-08-01,Thailand,Takua Pa,9
2023-09-22,Thailand,Phaya Thai,5
2023-10-03,Thailand,Bang Rak,46
2023-03-18,Thailand,Phra Khanong,2
2023-03-18,Thailand,Bang Kapi,2
2023-08-29,Thailand,Muang Satun,13
2023-08-29,Thailand,Din Dang,1
2023-08-29,Thailand,Wang Thonglang,1
2023-03-03,Thailand,Ratchathewi,195
2023-03-03,Thailand,Chatuchak,1
2023-03-03,Thailand,Sathorn,17
2023-05-31,Thailand,Khlong Luang,1
2023-07-08,Thailand,Cha-Am,8
2023-07-08,Thailand,Phra Khanong,4
2023-03-03,Thailand,Pran Buri,1
2023-04-10,Thailand,Mueang Krabi,10
2023-11-10,Thailand,Phaya Thai,5
2023-11-10,Thailand,Bang Saphan,1
2023-10-04,Thailand,Sattahip,1
2023-10-04,Thailand,Bangkok Noi,4
2023-10-18,Thailand,Bang Khen,1
2023-10-18,Thailand,Muang Songkhla,1
2023-05-30,Thailand,Lat Krabang,6
2023-08-14,Thailand,Chatuchak,18
2023-08-28,Thailand,Hua Hin,13
2023-03-02,Thailand,Hat Yai,6
2023-09-10,Thailand,Don Muang,3
2023-09-10,Thailand,Chom Thong,1
2023-10-19,Thailand,Lak Si,1
2023-10-19,Thailand,Pathum Wan,7
2023-04-27,Thailand,Muang Phitsanulok,1
2023-03-06,Thailand,Khlong San,15
2023-10-15,Thailand,K. Ko Chang,2
2023-10-15,Thailand,Phra Khanong,11
2023-10-15,Thailand,Muang Chiang Rai,1
2023-08-17,Thailand,Chom Thong,1
2023-08-17,Thailand,Muang Kanchanaburi,1
2023-10-01,Thailand,Phra Khanong,7
2023-10-16,Thailand,Pattaya,116
2023-03-05,Thailand,Bang Lamung,19
2023-04-12,Thailand,Ratchathewi,148
2023-04-12,Thailand,Khlong San,18
2023-10-02,Thailand,Hat Yai,9
2023-10-02,Thailand,Pathum Wan,14
2023-10-02,Thailand,Lat Krabang,5
2023-08-02,Thailand,Muang Songkhla,1
2023-08-16,Thailand,San Sai,2
2023-08-16,Thailand,Si Racha,2
2023-08-16,Thailand,Khlong Luang,1
2023-08-16,Thailand,K. Bang Sao Thon,1
2023-08-02,Thailand,Phra Khanong,1
2023-10-27,Thailand,Bang Rak,76
2023-10-27,Thailand,Lat Phrao,1
2023-10-27,Thailand,Muang Phitsanulok,1
2023-04-11,Thailand,Phaya Thai,12
2023-10-13,Thailand,Ratchathewi,144
2023-10-13,Thailand,Phra Nakhon,8
2023-10-13,Thailand,Muang Pathum Thani,1
2023-02-07,Thailand,Bang Na,1
2023-08-11,Thailand,Khlong Luang,1
2023-07-04,Thailand,Huai Kwang,12
2023-07-04,Thailand,Khlong Toey,24
2023-08-25,Thailand,Lat Krabang,10
2023-08-25,Thailand,K. Bang Sao Thon,2
2023-04-20,Thailand,Tha Mai,1
2023-03-28,Thailand,Huai Kwang,9
2023-11-20,Thailand,Hat Yai,5
2023-11-20,Thailand,Hua Hin,11
2023-11-20,Thailand,Mae Rim,8
2023-03-27,Thailand,Pathum Wan,11
2023-02-06,Thailand,Lak Si,2
2023-08-10,Thailand,Cha-Am,20
2023-03-13,Thailand,Thawi Wattana,1
2023-10-28,Thailand,Ko Yao District,3
2023-10-28,Thailand,Muang Nonthaburi,1
2023-07-03,Thailand,Muang Satun,5
2023-07-03,Thailand,Bang Lamung,10
2023-07-03,Thailand,Don Muang,2
2023-08-24,Thailand,Suan Luang,1
2023-07-17,Thailand,Phaya Thai,14
2023-07-17,Thailand,Bang Saphan,1
2023-03-12,Thailand,Hat Yai,9
2023-11-21,Thailand,Bang Lamung,12
2023-10-25,Thailand,Prawet,1
2023-10-25,Thailand,Muang Satun,2
2023-09-20,Thailand,Pathum Wan,11
2023-09-30,Thailand,Khlong Luang,3
2023-10-11,Thailand,Lak Si,1
2023-10-11,Thailand,Phra Khanong,6
2023-08-27,Thailand,San Sai,2
2023-08-27,Thailand,Phaya Thai,14
2023-08-27,Thailand,Samphantawong,10
2023-07-06,Thailand,Bang Plad,10
2023-07-06,Thailand,Muang Chiang Mai,15
2023-08-13,Thailand,Suan Luang,4
2023-08-13,Thailand,Ko Samui,1
2023-10-26,Thailand,Wattana,23
2023-10-26,Thailand,Huai Kwang,4
2023-10-26,Thailand,Muang Ubon Ratchatani,4
2023-07-06,Thailand,K. Wiang Nong Long,1
2023-03-15,Thailand,Thawi Wattana,2
2023-03-29,Thailand,Pattaya,60
2023-03-29,Thailand,Wattana,18
2023-03-29,Thailand,Ko Samui,2
2023-03-29,Thailand,Mueang Krabi,1
2023-04-21,Thailand,Ratchathewi,109
2023-04-21,Thailand,K. Bang Sao Thon,7
2023-07-19,Thailand,Muang Khon Kaen,1
2023-07-05,Thailand,Muang Satun,4
2023-03-14,Thailand,Ratchathewi,89
2023-11-19,Thailand,Bang Kapi,2
2023-11-19,Thailand,Mueang Krabi,28
2023-09-16,Thailand,Mueang Krabi,37
2023-08-09,Thailand,Dusit,3
2023-05-26,Thailand,Samphantawong,4
2023-05-26,Thailand,Khlong San,12
2023-05-25,Thailand,Phuket Island,15
2023-05-25,Thailand,Khlong Luang,1
2023-05-25,Thailand,Bang Plee,1
2023-05-25,Thailand,Don Muang,2
2023-09-01,Thailand,Bang Kruai,1
2023-01-20,Thailand,Ratchathewi,29
2023-01-20,Thailand,Bang Plee,2
2023-09-15,Thailand,Muang Songkhla,1
2023-04-18,Thailand,Pattaya,85
2023-04-18,Thailand,Wattana,28
2023-04-18,Thailand,Muang Chiang Mai,5
2023-04-18,Thailand,Muang Nonthaburi,2
2023-09-29,Thailand,Ko Yao District,2
2023-04-07,Thailand,Phra Nakhon,9
2023-11-02,Thailand,Sadao,3
2023-11-02,Thailand,Ko Phangan,4
2023-11-02,Thailand,Mueang Krabi,31
2023-11-02,Thailand,Rat Burana,1
2023-11-02,Thailand,Bang Khae,1
2023-11-02,Thailand,Bang Lamung,21
2023-09-04,Thailand,Muang Khon Kaen,2
2023-09-04,Thailand,Pluak Daeng,1
2023-11-03,Thailand,Pathum Wan,23
2023-09-18,Thailand,Sattahip,1
2023-09-18,Thailand,Phra Nakhon,13
2023-09-18,Thailand,Aranyaprathet,1
2023-06-20,Thailand,Pathum Wan,2
2023-06-20,Thailand,Suan Luang,3
2023-11-18,Thailand,Phuket Island,61
2023-09-17,Thailand,Dusit,4
2023-09-17,Thailand,Prawet,5
2023-05-13,Thailand,Phuket Island,34
2023-05-14,Thailand,Khlong Toey,28
2023-05-27,Thailand,Ratchathewi,128
2023-09-03,Thailand,Pathum Wan,17
2023-09-03,Thailand,K. Ko Chang,2
2023-05-12,Thailand,Pak Chong,3
2023-05-12,Thailand,Phra Nakhon,8
2023-11-14,Thailand,Don Muang,3
2023-11-14,Thailand,Phra Nakhon,22
2023-03-08,Thailand,Khlong Toey,44
2023-01-31,Thailand,Bang Rak,36
2023-08-05,Thailand,Phaya Thai,18
2023-08-05,Thailand,Ko Samui,2
2023-10-08,Thailand,Doi Saket,1
2023-10-08,Thailand,Thap Sakae,1
2023-09-26,Thailand,Lak Si,3
2023-09-26,Thailand,Muang Songkhla,1
2023-08-05,Thailand,Hat Yai,2
2023-04-29,Thailand,Bang Na,2
2023-05-20,Thailand,Muang Nonthaburi,1
2023-04-28,Thailand,Muang Chon Buri,1
2023-11-15,Thailand,Ko Phangan,2
2023-03-07,Thailand,Phaya Thai,7
2023-03-07,Thailand,Chatuchak,5
2023-08-04,Thailand,Muang Rayong,2
2023-08-04,Thailand,Pak Chong,5
2023-08-18,Thailand,Hua Hin,13
2023-04-13,Thailand,Khlong Toey,36
2023-09-25,Thailand,Sadao,2
2023-09-25,Thailand,Pathum Wan,29
2023-09-25,Thailand,Lat Krabang,5
2023-09-25,Thailand,Muang Kanchanaburi,1
2023-10-09,Thailand,Bang Plee,1
2023-10-09,Thailand,Khlong San,11
2023-10-09,Thailand,Lat Krabang,5
2023-10-09,Thailand,Muang Kanchanaburi,3
2023-09-28,Thailand,Muang Satun,17
2023-11-13,Thailand,Don Muang,3
2023-10-06,Thailand,Phaya Thai,2
2023-10-06,Thailand,Thon Buri,1
2023-10-06,Thailand,Ko Samui,1
2023-10-06,Thailand,Bang Lamung,18
2023-04-17,Thailand,Khlong Toey,11
2023-05-24,Thailand,Muang Nakhon Pathom,1
2023-10-05,Thailand,Sathorn,1
2023-04-01,Thailand,Samphantawong,6
2023-03-09,Thailand,Chatuchak,4
2023-03-09,Thailand,Takua Pa,1
2023-03-09,Thailand,Mueang Krabi,7
2023-03-09,Thailand,Muang Khon Kaen,5
2023-11-12,Thailand,Hua Hin,10
2023-11-12,Thailand,Samphantawong,4
2023-11-12,Thailand,Mueang Krabi,46
2023-02-22,Thailand,Pran Buri,2
2023-09-13,Thailand,Lat Phrao,6
2023-09-13,Thailand,Pak Chong,3
2023-05-22,Thailand,Phra Khanong,3
2023-06-27,Thailand,Muang Khon Kaen,7
2023-06-27,Thailand,Bang Na,1
2023-05-05,Thailand,Chatuchak,3
2023-01-18,Thailand,Hua Hin,6
2023-01-18,Thailand,Huai Kwang,27
2023-02-21,Thailand,Samphantawong,5
2023-06-01,Thailand,Phra Khanong,1
2023-06-11,Thailand,Pak Chong,2
2023-06-11,Thailand,Mueang Krabi,20
2023-06-11,Thailand,Samphantawong,2
2023-02-10,Thailand,Bang Plad,1
2023-10-30,Thailand,Thawi Wattana,1
2023-01-29,Thailand,Ratchathewi,45
2023-05-05,Thailand,Takua Pa,4
2023-05-05,Thailand,Pak Kret,1
2023-07-22,Thailand,Muang Chiang Mai,19
2023-07-22,Thailand,Khlong San,10
2023-02-10,Thailand,Lam Luk Ka,2
2023-06-29,Thailand,Muang Khon Kaen,5
2023-01-15,Thailand,Pattaya,9
2023-01-17,Thailand,K. Bang Sao Thon,7
2023-06-12,Thailand,Muang Nakhon Pathom,1
2023-04-09,Thailand,Muang Nonthaburi,4
2023-06-28,Thailand,Chatuchak,7
2023-06-28,Thailand,Prawet,1
2023-06-28,Thailand,Wang Thonglang,1
2023-05-02,Thailand,Phuttha Mon Thon,1
2023-05-02,Thailand,Pak Chong,1
2023-02-23,Thailand,Lak Si,1
2023-02-23,Thailand,Bang Khun Thian,1
2023-09-09,Thailand,Pattaya,148
2023-09-09,Thailand,Wang Chan,1
2023-09-09,Thailand,Muang Chiang Mai,14
2023-01-02,Thailand,Samphantawong,5
2023-05-29,Thailand,Huai Kwang,13
2023-05-29,Thailand,Sathorn,4
2023-05-29,Thailand,K. Bang Sao Thon,5
2023-09-05,Thailand,Chatuchak,22
2023-02-24,Thailand,Muang Chiang Rai,2
2023-02-24,Thailand,Huai Kwang,7
2023-07-21,Thailand,Bang Rak,39
2023-01-11,Thailand,Phaya Thai,1
2023-01-11,Thailand,Pathum Wan,11
2023-01-11,Thailand,Muang Rayong,2
2023-05-01,Thailand,Chatuchak,4
2023-01-28,Thailand,Pran Buri,1
2023-06-22,Thailand,Bang Plad,1
2023-06-22,Thailand,Prawet,1
2023-11-07,Thailand,Bang Na,1
2023-05-04,Thailand,Prawet,2
2023-06-10,Thailand,Si Racha,5
2023-01-12,Thailand,Ratchathewi,65
2023-01-26,Thailand,Pak Kret,1
2023-06-25,Thailand,Phaya Thai,5
2023-06-25,Thailand,Khlong San,4
2023-09-08,Thailand,Muang Satun,8
2023-07-31,Thailand,Mae Rim,1
2023-07-31,Thailand,Klaeng,6
2023-09-07,Thailand,Chatuchak,18
2023-09-07,Thailand,Takua Pa,3
2023-09-07,Thailand,Mae Rim,1
2023-07-30,Thailand,Hua Hin,17
2023-02-17,Thailand,Prawet,2
2023-07-14,Thailand,Din Dang,4
2023-07-14,Thailand,Huai Kwang,6
2023-10-23,Thailand,Ko Phangan,2
2023-06-07,Thailand,Hua Hin,3
2023-07-28,Thailand,Phaya Thai,8
2023-07-28,Thailand,Muang Kanchanaburi,3
2023-03-23,Thailand,Mueang Krabi,3
2023-07-13,Thailand,Dusit,2
2023-07-13,Thailand,Muang Kanchanaburi,2
2023-01-09,Thailand,Phra Khanong,2
2023-01-09,Thailand,Huai Kwang,5
2023-02-15,Thailand,Bang Kapi,1
2023-10-10,Thailand,Muang Pathum Thani,1
2023-02-05,Thailand,Thawi Wattana,1
2023-08-23,Thailand,Bangkok Noi,2
2023-07-02,Thailand,Cha-Am,17
2023-07-02,Thailand,Bang Bua Thong,1
2023-02-19,Thailand,Muang Chiang Mai,5
2023-02-19,Thailand,Bang Kho Laem,1
2023-07-16,Thailand,Phaya Thai,9
2023-07-16,Thailand,Huai Kwang,10
2023-02-04,Thailand,Lat Krabang,2
2023-10-21,Thailand,Rat Burana,2
2023-03-25,Thailand,Pattaya,86
2023-10-21,Thailand,Muang Kanchanaburi,2
2023-06-09,Thailand,Cha-Am,4
2023-07-15,Thailand,Muang Surat Thani,1
2023-03-10,Thailand,Bang Plad,1
2023-06-08,Thailand,Bang Rak,31
2023-06-08,Thailand,Muang Pathum Thani,1
2023-02-03,Thailand,Prawet,1
2023-01-06,Thailand,Hat Yai,7
2023-02-27,Thailand,Khlong San,11
2023-06-03,Thailand,Khlong Luang,1
2023-06-17,Thailand,Phra Nakhon,9
2023-06-17,Thailand,Lat Krabang,5
2023-06-17,Thailand,Muang Nakhon Pathom,2
2023-01-05,Thailand,Sattahip,1
2023-08-30,Thailand,Lat Phrao,6
2023-07-23,Thailand,Cha-Am,17
2023-07-23,Thailand,Klaeng,4
2023-07-23,Thailand,Min Buri,1
2023-01-19,Thailand,Muang Chiang Mai,4
2023-01-19,Thailand,Bang Rak,26
2023-01-19,Thailand,Wattana,8
2023-06-16,Thailand,Muang Nonthaburi,10
2023-10-20,Thailand,Bang Rak,22
2023-10-20,Thailand,Muang Rayong,1
2023-02-25,Thailand,Bang Khun Thian,1
2023-07-12,Thailand,Bang Kapi,4
2023-07-12,Thailand,Dusit,2
2023-01-08,Thailand,Huai Kwang,1
2023-06-19,Thailand,Ko Samui,1
2023-02-14,Thailand,Pom Pram Sattru,1
2023-10-31,Thailand,Muang Chiang Mai,27
2023-10-31,Thailand,Phuttha Mon Thon,1
2023-06-04,Thailand,Muang Rayong,1
2023-07-11,Thailand,Bang Lamung,28
2023-03-20,Thailand,Phuket Island,21
2023-03-20,Thailand,Bang Lamung,40
2023-06-18,Thailand,Yannawa,1
2023-08-31,Thailand,Phra Khanong,10
2023-08-31,Thailand,Bang Khun Thian,1
2023-04-25,Thailand,Khlong San,13
2023-10-17,Thailand,Bang Na,1
2023-08-01,Thailand,Lat Krabang,8
2023-08-01,Thailand,Suan Luang,3
2023-09-22,Thailand,Dusit,5
2023-03-04,Thailand,Khan Na Yao,1
2023-10-03,Thailand,Khlong Luang,3
2023-03-18,Thailand,Khlong Luang,1
2023-03-18,Thailand,K. Bang Sao Thon,1
2023-03-18,Thailand,Chatuchak,1
2023-05-31,Thailand,Muang Chiang Rai,2
2023-07-08,Thailand,Sattahip,3
2023-11-10,Thailand,Bang Rak,34
2023-11-10,Thailand,Suan Luang,8
2023-09-21,Thailand,Thai Muang,3
2023-10-04,Thailand,Suan Luang,2
2023-10-04,Thailand,Muang Ubon Ratchatani,3
2023-07-07,Thailand,Wattana,32
2023-07-07,Thailand,Bang Khun Thian,1
2023-08-14,Thailand,Wang Chan,3
2023-08-28,Thailand,Ratchathewi,167
2023-08-28,Thailand,Khlong San,16
2023-09-10,Thailand,Pak Chong,4
2023-10-19,Thailand,Suan Luang,7
2023-04-23,Thailand,Bang Lamung,6
2023-11-11,Thailand,Mae Rim,3
2023-11-11,Thailand,Wattana,20
2023-10-29,Thailand,Chatuchak,19
2023-03-06,Thailand,Wattana,39
2023-03-06,Thailand,Don Muang,2
2023-10-15,Thailand,Hua Hin,6
2023-08-03,Thailand,Muang Chiang Mai,11
2023-08-03,Thailand,Pak Kret,1
2023-08-17,Thailand,Lat Krabang,8
2023-08-17,Thailand,Khlong San,8
2023-10-01,Thailand,Mae Rim,2
2023-10-01,Thailand,Muang Chiang Rai,1
2023-09-24,Thailand,Khlong San,6
2023-10-16,Thailand,Muang Rayong,1
2023-10-16,Thailand,Phra Khanong,5
2023-03-19,Thailand,Hat Yai,1
2023-09-23,Thailand,Din Dang,1
2023-09-23,Thailand,Pathum Wan,12
2023-08-16,Thailand,Lak Si,1
2023-08-16,Thailand,Pattaya,114
2023-08-16,Thailand,Khlong Toey,42
2023-08-02,Thailand,Thungkru,7
2023-10-27,Thailand,Din Dang,9
2023-10-27,Thailand,Bang Plee,5
2023-10-27,Thailand,Muang Satun,4
2023-10-27,Thailand,Muang Khon Kaen,1
2023-10-13,Thailand,Muang Ubon Ratchatani,8
2023-02-07,Thailand,Muang Nonthaburi,3
2023-02-07,Thailand,Bang Bo,3
2023-08-11,Thailand,Bang Lamung,20
2023-07-04,Thailand,Phra Nakhon,13
2023-07-04,Thailand,Phuttha Mon Thon,3
2023-07-04,Thailand,Bang Kapi,1
2023-08-25,Thailand,Muang Songkhla,1
2023-04-20,Thailand,Muang Chiang Mai,3
2023-04-20,Thailand,Pattaya,35
2023-04-20,Thailand,Bang Lamung,28
2023-03-28,Thailand,Phra Khanong,4
2023-03-28,Thailand,Muang Chiang Rai,5
2023-11-20,Thailand,Ko Samui,4
2023-08-10,Thailand,Bang Lamung,27
2023-07-03,Thailand,Ko Phangan,5
2023-10-28,Thailand,Wattana,9
2023-10-14,Thailand,Pattaya,103
2023-10-14,Thailand,Bang Plee,1
2023-10-14,Thailand,Muang Pathum Thani,1
2023-07-17,Thailand,Muang Chon Buri,1
2023-11-21,Thailand,Lat Phrao,5
2023-03-16,Thailand,Pathum Wan,3
2023-10-25,Thailand,Khlong Toey,37
2023-10-25,Thailand,Lat Krabang,2
2023-09-20,Thailand,Huai Kwang,4
2023-09-30,Thailand,Bang Khun Thian,1
2023-09-30,Thailand,Don Muang,1
2023-09-30,Thailand,Muang Pathum Thani,1
2023-10-11,Thailand,Khlong Toey,33
2023-02-09,Thailand,Lak Si,1
2023-02-09,Thailand,Bang Plee,1
2023-07-06,Thailand,Phra Nakhon,11
2023-08-13,Thailand,Pak Kret,1
2023-10-26,Thailand,Bang Rak,76
2023-10-26,Thailand,Bang Kapi,5
2023-10-26,Thailand,Bang Lamung,14
2023-10-26,Thailand,Muang Songkhla,4
2023-07-06,Thailand,Din Dang,5
2023-07-06,Thailand,Bang Khun Thian,1
2023-03-15,Thailand,Pattaya,33
2023-03-15,Thailand,Phra Khanong,11
2023-08-12,Thailand,Ko Samui,4
2023-08-12,Thailand,Muang Phitsanulok,1
2023-04-22,Thailand,Pak Kret,4
2023-03-29,Thailand,Chatuchak,5
2023-03-01,Thailand,Hat Yai,7
2023-08-26,Thailand,Suan Phung,1
2023-04-21,Thailand,Ko Samui,1
2023-07-19,Thailand,Mueang Krabi,25
2023-07-19,Thailand,Cha-Am,12
2023-07-19,Thailand,K. Bang Sao Thon,1
2023-03-14,Thailand,Wattana,22
2023-11-04,Thailand,Thon Buri,1
2023-11-04,Thailand,Phra Nakhon,27
2023-09-02,Thailand,Lat Krabang,8
2023-04-19,Thailand,Ko Samui,2
2023-08-09,Thailand,Phaya Thai,11
2023-08-09,Thailand,Lam Luk Ka,1
2023-08-09,Thailand,Muang Songkhla,1
2023-05-26,Thailand,Bang Na,1
2023-05-26,Thailand,Bang Kapi,7
2023-09-01,Thailand,Phra Khanong,11
2023-09-15,Thailand,Khlong San,6
2023-09-15,Thailand,Yannawa,1
2023-09-15,Thailand,Ko Phangan,3
2023-11-16,Thailand,Muang Kanchanaburi,2
2023-04-07,Thailand,Min Buri,1
2023-08-08,Thailand,Samphantawong,4
2023-11-02,Thailand,Din Dang,5
2023-09-04,Thailand,Phuttha Mon Thon,1
2023-09-04,Thailand,Ko Phangan,2
2023-11-03,Thailand,Wang Chan,3
2023-09-18,Thailand,Khan Na Yao,2
2023-11-17,Thailand,Takua Pa,7
2023-11-17,Thailand,Suan Luang,13
2023-11-17,Thailand,Ratchathewi,187
2023-11-17,Thailand,Phra Khanong,13
2023-01-22,Thailand,Phra Nakhon,2
2023-11-18,Thailand,Hua Hin,9
2023-11-18,Thailand,Bang Kho Laem,3
2023-11-18,Thailand,Muang Nonthaburi,5
2023-09-17,Thailand,Lat Krabang,6
2023-05-28,Thailand,Chatuchak,2
2023-05-14,Thailand,Bang Kapi,2
2023-05-14,Thailand,Don Muang,1
2023-09-19,Thailand,Bang Khae,3
2023-09-19,Thailand,Khlong Luang,1
2023-05-27,Thailand,Mueang Krabi,14
2023-05-27,Thailand,Bangkok Noi,1
2023-09-03,Thailand,Muang Chiang Mai,9
2023-11-14,Thailand,Phra Khanong,27
2023-11-14,Thailand,K. Bang Sao Thon,5
2023-09-17,Thailand,Muang Chiang Rai,1
2023-04-15,Thailand,Huai Kwang,4
2023-04-15,Thailand,Sathorn,1
2023-04-06,Thailand,Chatuchak,3
2023-04-29,Thailand,Muang Khon Kaen,3
2023-04-29,Thailand,Phuket Island,30
2023-03-08,Thailand,Mueang Krabi,11
2023-03-08,Thailand,Muang Chiang Rai,3
2023-05-21,Thailand,Bang Rak,29
2023-05-21,Thailand,Huai Kwang,4
2023-05-21,Thailand,Wang Thonglang,1
2023-11-01,Thailand,Pathum Wan,12
2023-11-01,Thailand,Sadao,2
2023-11-01,Thailand,Muang Chiang Mai,31
2023-08-19,Thailand,Suan Phung,1
2023-08-19,Thailand,Ko Lanta,1
2023-08-19,Thailand,Muang Kanchanaburi,1
2023-08-05,Thailand,Muang Chiang Rai,1
2023-10-08,Thailand,Ban Chang,2
2023-09-26,Thailand,Muang Nakhon Ratchasima,1
2023-04-14,Thailand,Lat Krabang,3
2023-05-20,Thailand,Huai Kwang,13
2023-11-15,Thailand,Si Racha,1
2023-08-04,Thailand,Bangkok Noi,4
2023-08-04,Thailand,Hat Yai,1
2023-04-13,Thailand,Muang Kanchanaburi,1
2023-09-25,Thailand,Din Dang,1
2023-10-09,Thailand,Muang Pathum Thani,2
2023-11-13,Thailand,Ratchathewi,194
2023-10-06,Thailand,Muang Nakhon Ratchasima,1
2023-10-06,Thailand,Muang Satun,8
2023-04-17,Thailand,Muang Chiang Mai,4
2023-04-17,Thailand,Cha-Am,1
2023-04-16,Thailand,Bang Lamung,21
2023-10-06,Thailand,San Sai,3
2023-05-23,Thailand,Muang Chiang Rai,2
2023-04-03,Thailand,Cha-Am,15
2023-04-03,Thailand,Muang Khon Kaen,4
2023-04-03,Thailand,Ko Samui,4
2023-09-27,Thailand,Lam Luk Ka,6
2023-09-27,Thailand,Suan Luang,2
2023-10-05,Thailand,Bang Rak,61
2023-10-05,Thailand,Pak Chong,2
2023-10-05,Thailand,Khlong Luang,1
2023-11-12,Thailand,Muang Nonthaburi,6
2023-11-12,Thailand,Lat Krabang,4
2023-11-12,Thailand,Muang Satun,8
2023-11-12,Thailand,Bang Plad,2
2023-02-22,Thailand,Pathum Wan,7
2023-08-06,Thailand,Huai Kwang,8
2023-05-06,Thailand,Muang Khon Kaen,2
2023-04-01,Thailand,Chatuchak,2
2023-05-22,Thailand,Phaya Thai,2
2023-05-22,Thailand,Phuttha Mon Thon,1
2023-06-27,Thailand,Lak Si,5
2023-06-27,Thailand,Takua Pa,4
2023-06-27,Thailand,K. Ko Chang,1
2023-06-27,Thailand,Khan Na Yao,1
2023-01-18,Thailand,Pattaya,12
2023-02-21,Thailand,Lat Krabang,1
2023-06-11,Thailand,Khan Na Yao,1
2023-02-10,Thailand,Phuket Island,37
2023-10-30,Thailand,Wattana,17
2023-10-30,Thailand,Mueang Krabi,31
2023-01-29,Thailand,Khan Na Yao,1
2023-07-22,Thailand,Muang Chon Buri,2
2023-07-22,Thailand,Min Buri,1
2023-02-10,Thailand,Muang Chiang Rai,11
2023-03-31,Thailand,Thawi Wattana,3
2023-01-14,Thailand,Wattana,18
2023-01-17,Thailand,Pattaya,11
2023-01-02,Thailand,Lat Krabang,1
2023-06-12,Thailand,Muang Kanchanaburi,1
2023-06-14,Thailand,Takua Pa,3
2023-06-14,Thailand,Mueang Krabi,7
2023-06-15,Thailand,Thon Buri,1
2023-04-09,Thailand,Phuket Island,12
2023-04-09,Thailand,Bang Khen,1
2023-06-23,Thailand,Muang Nakhon Pathom,7
2023-06-28,Thailand,Ratchathewi,138
2023-05-07,Thailand,Muang Chiang Rai,2
2023-02-23,Thailand,Muang Nonthaburi,3
2023-02-23,Thailand,Sawankhalok,1
2023-01-24,Thailand,Phaya Thai,2
2023-01-24,Thailand,Chatuchak,2
2023-09-09,Thailand,Khlong Luang,1
2023-09-09,Thailand,Pak Chong,2
2023-01-10,Thailand,Samphantawong,1
2023-01-16,Thailand,Suan Luang,1
2023-05-29,Thailand,Hat Yai,8
2023-05-29,Thailand,Phra Nakhon,2
2023-01-25,Thailand,Pattaya,15
2023-09-06,Thailand,Sattahip,2
2023-09-06,Thailand,Koh Si Chang,1
2023-07-21,Thailand,Pattaya,96
2023-07-21,Thailand,Wattana,43
2023-05-01,Thailand,Ratchathewi,97
2023-05-01,Thailand,Huai Kwang,6
2023-09-05,Thailand,Lam Luk Ka,1
2023-09-05,Thailand,Dusit,3
2023-01-13,Thailand,Pattaya,11
2023-06-22,Thailand,Phaya Thai,9
2023-06-22,Thailand,Lat Krabang,5
2023-06-22,Thailand,Bang Kapi,5
2023-02-20,Thailand,Pathum Wan,13
2023-05-04,Thailand,Thawi Wattana,3
2023-06-21,Thailand,Phra Nakhon,8
2023-06-21,Thailand,Takua Pa,1
2023-05-03,Thailand,Khlong Toey,18
2023-06-10,Thailand,Hua Hin,5
2023-06-24,Thailand,Hua Hin,4
2023-01-27,Thailand,Pattaya,38
2023-01-27,Thailand,Samphantawong,3
2023-09-07,Thailand,Ko Phangan,5
2023-09-07,Thailand,Lak Si,1
2023-05-03,Thailand,Lat Krabang,1
2023-05-03,Thailand,Cha-Am,1
2023-11-08,Thailand,Lak Si,1
2023-08-21,Thailand,Ratchathewi,160
2023-08-21,Thailand,Pai,1
2023-08-21,Thailand,Hua Hin,12
2023-08-21,Thailand,Koh Si Chang,1
2023-08-21,Thailand,Ko Lanta,1
2023-07-14,Thailand,Chom Thong,1
2023-07-14,Thailand,Takua Pa,7
2023-04-30,Thailand,Huai Kwang,9
2023-10-23,Thailand,Batong,1
2023-10-23,Thailand,Ko Lanta,3
2023-06-07,Thailand,Phaya Thai,7
2023-06-07,Thailand,Huai Kwang,10
2023-07-28,Thailand,Lam Luk Ka,1
2023-07-28,Thailand,Bang Saphan,2
2023-02-02,Thailand,Bang Bo,4
2023-03-23,Thailand,Hat Yai,2
2023-03-23,Thailand,Thawi Wattana,1
2023-08-20,Thailand,Mae Rim,1
2023-08-20,Thailand,Ratchathewi,153
2023-10-24,Thailand,Samphantawong,2
2023-07-13,Thailand,Phaya Thai,9
2023-07-13,Thailand,Bang Kapi,2
2023-02-01,Thailand,Prawet,1
2023-03-22,Thailand,Chatuchak,3
2023-07-27,Thailand,Bang Rak,16
2023-07-27,Thailand,Dusit,2
2023-02-15,Thailand,Phaya Thai,3
2023-02-15,Thailand,Suan Luang,1
2023-10-10,Thailand,Muang Satun,12
2023-02-05,Thailand,Phuket Island,26
2023-08-23,Thailand,Dusit,4
2023-08-23,Thailand,Phra Khanong,10
2023-07-02,Thailand,Muang Nonthaburi,1
2023-03-26,Thailand,Khlong Toey,31
2023-03-11,Thailand,Pathum Wan,8
2023-02-19,Thailand,Muang Chiang Rai,13
2023-07-16,Thailand,Phra Nakhon,21
2023-07-16,Thailand,K. Bang Sao Thon,2
2023-02-04,Thailand,Bang Lamung,3
2023-02-04,Thailand,Bang Kapi,1
2023-03-25,Thailand,Muang Lampang,1
2023-06-09,Thailand,Muang Pathum Thani,1
2023-06-09,Thailand,Phuket Island,20
2023-06-09,Thailand,Phuttha Mon Thon,1
2023-02-18,Thailand,Ratchathewi,63
2023-07-01,Thailand,Muang Chiang Mai,6
2023-10-22,Thailand,Takua Pa,2
2023-10-22,Thailand,Phuket Island,54
2023-07-29,Thailand,Muang Surat Thani,1
2023-07-29,Thailand,Pathum Wan,4
2023-07-29,Thailand,Muang Samut Prakan,4
2023-06-08,Thailand,Suan Luang,1
2023-02-03,Thailand,Bang Rak,33
2023-01-06,Thailand,Bang Bo,3
2023-01-06,Thailand,Muang Lop Buri,1
2023-02-12,Thailand,Phuket Island,41
2023-02-12,Thailand,Samphantawong,4
2023-02-12,Thailand,Hat Yai,7
2023-06-17,Thailand,Phimai,1
2023-06-17,Thailand,Hua Hin,6
2023-08-30,Thailand,Bang Lamung,31
2023-08-30,Thailand,Muang Songkhla,1
2023-01-19,Thailand,Hat Yai,6
2023-06-02,Thailand,Don Muang,4
2023-06-16,Thailand,Bang Khun Thian,1
2023-06-16,Thailand,Suan Luang,5
2023-02-25,Thailand,Phra Nakhon,11
2023-05-09,Thailand,Ko Samui,1
2023-10-20,Thailand,Khan Na Yao,3
2023-06-05,Thailand,Don Muang,1
2023-07-12,Thailand,Hat Yai,4
2023-07-26,Thailand,Mueang Krabi,31
2023-07-26,Thailand,Bang Kapi,1
2023-07-26,Thailand,Hat Yai,10
2023-06-19,Thailand,Muang Nakhon Pathom,4
2023-10-31,Thailand,Lat Krabang,6
2023-10-31,Thailand,Samphantawong,8
2023-03-21,Thailand,Phra Khanong,2
2023-02-28,Thailand,Phra Khanong,3
2023-02-28,Thailand,Khlong Luang,1
2023-03-20,Thailand,Ko Samui,2
2023-06-18,Thailand,Thawi Wattana,1
2023-06-18,Thailand,Bang Kapi,1
2023-02-13,Thailand,Muang Chiang Mai,8
2023-02-13,Thailand,Samphantawong,1
2023-02-13,Thailand,Thawi Wattana,3
2023-08-31,Thailand,Ratchathewi,189
2023-04-25,Thailand,Phuket Island,31
2023-04-25,Thailand,Phaya Thai,1
2023-10-17,Thailand,Bang Bo,1
2023-10-17,Thailand,Bang Plad,1
2023-08-01,Thailand,Pathum Wan,6
2023-08-01,Thailand,Muang Satun,10
2023-08-01,Thailand,Mae Rim,2
2023-09-22,Thailand,Phra Nakhon,10
2023-09-22,Thailand,K. Bang Sao Thon,3
2023-10-03,Thailand,Ko Samui,3
2023-03-04,Thailand,Muang Chiang Mai,5
2023-03-18,Thailand,Phaya Thai,2
2023-08-15,Thailand,Mueang Krabi,12
2023-08-29,Thailand,K. Ko Chang,1
2023-05-31,Thailand,Huai Kwang,6
2023-05-31,Thailand,Lam Luk Ka,1
2023-05-31,Thailand,Chatuchak,2
2023-03-03,Thailand,Pattaya,64
2023-03-03,Thailand,Samphantawong,3
2023-07-08,Thailand,Phuttha Mon Thon,1
2023-07-08,Thailand,Thungkru,7
2023-04-10,Thailand,Khlong San,18
2023-04-24,Thailand,Muang Kanchanaburi,1
2023-04-24,Thailand,Muang Prachuap Khiri Khan,1
2023-11-10,Thailand,Ratchathewi,231
2023-11-10,Thailand,Khlong Toey,56
2023-11-10,Thailand,Pom Pram Sattru,1
2023-09-21,Thailand,Suan Luang,2
2023-10-04,Thailand,Hat Yai,10
2023-10-04,Thailand,Muang Satun,11
2023-03-17,Thailand,Mueang Krabi,6
2023-03-17,Thailand,Muang Khon Kaen,1
2023-10-18,Thailand,San Sai,2
2023-10-18,Thailand,Muang Khon Kaen,1
2023-08-14,Thailand,Mueang Krabi,18
2023-08-28,Thailand,Lam Luk Ka,1
2023-03-02,Thailand,Pattaya,58
2023-09-10,Thailand,Hat Yai,4
2023-09-10,Thailand,Wattana,15
2023-10-19,Thailand,Mueang Krabi,53
2023-04-23,Thailand,Phuket Island,12
2023-11-11,Thailand,Don Muang,4
2023-11-11,Thailand,Huai Kwang,4
2023-11-11,Thailand,Suan Luang,7
2023-11-11,Thailand,Lat Krabang,4
2023-11-11,Thailand,Khlong Luang,3
2023-04-27,Thailand,Hua Hin,23
2023-04-27,Thailand,Mueang Krabi,5
2023-03-06,Thailand,Muang Chiang Mai,9
2023-03-06,Thailand,Bang Plad,1
2023-10-15,Thailand,Pathum Wan,14
2023-10-15,Thailand,Ratchathewi,143
2023-08-03,Thailand,Sathorn,1
2023-10-01,Thailand,Yannawa,1
2023-10-01,Thailand,Sattahip,1
2023-10-01,Thailand,Bang Kapi,3
2023-10-01,Thailand,Huai Kwang,6
2023-10-01,Thailand,Khlong San,14
2023-10-01,Thailand,K. Ko Chang,5
2023-10-01,Thailand,Phuket Island,47
2023-11-22,Thailand,Sadao,1
2023-09-24,Thailand,Phra Khanong,6
2023-09-24,Thailand,Muang Khon Kaen,1
2023-10-16,Thailand,Chatuchak,19
2023-10-16,Thailand,Suan Luang,4
2023-10-16,Thailand,Ko Yao District,1
2023-04-12,Thailand,Chatuchak,4
2023-10-02,Thailand,Ban Chang,2
2023-10-02,Thailand,Wang Thonglang,1
2023-08-02,Thailand,Hat Yai,2
2023-04-26,Thailand,Ratchathewi,101
2023-04-26,Thailand,Si Racha,1
2023-04-26,Thailand,Muang Rayong,1
2023-08-16,Thailand,Bang Khun Thian,2
2023-08-16,Thailand,Muang Nakhon Ratchasima,1
2023-07-09,Thailand,Sathorn,2
2023-10-27,Thailand,Bang Saphan,1
2023-04-11,Thailand,Pak Kret,16
2023-07-04,Thailand,Wattana,10
2023-07-04,Thailand,Bang Khae,8
2023-07-04,Thailand,Prawet,1
2023-08-25,Thailand,Muang Nakhon Pathom,2
2023-04-20,Thailand,Huai Kwang,8
2023-03-28,Thailand,Thawi Wattana,3
2023-07-18,Thailand,Hat Yai,6
2023-11-20,Thailand,Muang Satun,9
2023-03-27,Thailand,Bang Lamung,36
2023-03-27,Thailand,Muang Khon Kaen,1
2023-08-10,Thailand,Bang Kapi,1
2023-03-13,Thailand,Cha-Am,1
2023-07-03,Thailand,Muang Nakhon Ratchasima,2
2023-07-03,Thailand,Takua Pa,5
2023-07-03,Thailand,Phaya Thai,4
2023-10-14,Thailand,Dusit,3
2023-08-24,Thailand,Pak Kret,2
2023-08-24,Thailand,Muang Kanchanaburi,1
2023-07-17,Thailand,Dusit,1
2023-03-12,Thailand,Muang Nonthaburi,1
2023-11-21,Thailand,Mae Rim,11
2023-03-16,Thailand,Bang Na,1
2023-03-16,Thailand,Bang Lamung,1
2023-10-25,Thailand,Phra Khanong,7
2023-09-20,Thailand,Ban Chang,1
2023-09-20,Thailand,Muang Chon Buri,2
2023-09-30,Thailand,Muang Chiang Mai,9
2023-02-09,Thailand,Ratchathewi,97
2023-02-09,Thailand,Don Muang,3
2023-08-27,Thailand,Lat Krabang,15
2023-07-06,Thailand,Bang Saphan,2
2023-08-13,Thailand,Huai Kwang,7
2023-03-01,Thailand,Wattana,36
2023-10-26,Thailand,K. Ko Chang,3
2023-10-26,Thailand,Muang Samut Prakan,2
2023-07-06,Thailand,Muang Khon Kaen,2
2023-07-06,Thailand,Phuttha Mon Thon,1
2023-03-15,Thailand,Muang Chiang Mai,4
2023-03-15,Thailand,Mae Sot,1
2023-03-15,Thailand,Muang Khon Kaen,7
2023-08-12,Thailand,Muang Khon Kaen,2
2023-08-12,Thailand,Muang Satun,8
2023-08-12,Thailand,Khlong San,2
2023-03-29,Thailand,Don Muang,4
2023-03-01,Thailand,Aranyaprathet,1
2023-03-01,Thailand,Pak Kret,1
2023-02-08,Thailand,Phuket Island,42
2023-02-08,Thailand,Pak Chong,1
2023-02-08,Thailand,Wattana,7
2023-02-08,Thailand,Phra Khanong,4
2023-08-26,Thailand,Phra Nakhon,11
2023-08-26,Thailand,Phaya Thai,5
2023-08-26,Thailand,Pak Chong,1
2023-08-26,Thailand,Muang Chiang Mai,16
2023-08-26,Thailand,Suan Luang,3
2023-07-05,Thailand,Cha-Am,13
2023-07-05,Thailand,Muang Chiang Rai,1
2023-11-04,Thailand,Pom Pram Sattru,1
2023-11-04,Thailand,Phuttha Mon Thon,1
2023-11-19,Thailand,Bang Kho Laem,4
2023-05-26,Thailand,Pathum Wan,5
2023-05-26,Thailand,Dusit,2
2023-05-26,Thailand,Muang Khon Kaen,1
2023-05-11,Thailand,Muang Nonthaburi,3
2023-04-04,Thailand,Phuket Island,39
2023-01-20,Thailand,Muang Khon Kaen,2
2023-01-20,Thailand,Muang Buri Ram,1
2023-09-15,Thailand,Huai Kwang,8
2023-09-15,Thailand,Bang Khae,3
2023-09-15,Thailand,Hang Dong,1
2023-09-15,Thailand,Takua Pa,4
2023-11-16,Thailand,Bang Kho Laem,2
2023-11-16,Thailand,Ko Yao District,2
2023-09-29,Thailand,Phuket Island,41
2023-09-29,Thailand,Klaeng,2
2023-05-10,Thailand,Takua Pa,9
2023-05-10,Thailand,Hat Yai,4
2023-05-10,Thailand,Bang Lamung,36
2023-04-07,Thailand,Muang Rayong,1
2023-08-08,Thailand,Bang Khun Thian,1
2023-11-02,Thailand,Muang Ubon Ratchatani,3
2023-11-16,Thailand,Bangkok Noi,1
2023-11-03,Thailand,San Sai,2
2023-09-18,Thailand,Phaya Thai,12
2023-01-23,Thailand,Muang Rayong,1
2023-11-17,Thailand,Muang Khon Kaen,1
2023-06-20,Thailand,Mae Rim,1
2023-06-20,Thailand,Muang Phitsanulok,1
2023-01-22,Thailand,Pathum Wan,5
2023-11-18,Thailand,Wattana,17
2023-09-17,Thailand,Pathum Wan,9
2023-05-14,Thailand,Phaya Thai,1
2023-05-14,Thailand,Lat Krabang,2
2023-09-19,Thailand,Chatuchak,18
2023-09-19,Thailand,Bangkok Noi,2
2023-09-19,Thailand,Khlong Toey,35
2023-09-19,Thailand,Muang Satun,5
2023-09-19,Thailand,Ratchathewi,150
2023-09-03,Thailand,K. Bang Sao Thon,4
2023-05-12,Thailand,Hat Yai,1
2023-11-14,Thailand,Wattana,19
2023-11-14,Thailand,Din Dang,1
2023-11-14,Thailand,Ratchathewi,192
2023-11-14,Thailand,Muang Chiang Mai,30
2023-09-17,Thailand,San Sai,2
2023-04-06,Thailand,Cha-Am,2
2023-10-07,Thailand,Bang Lamung,11
2023-10-07,Thailand,Muang Satun,5
2023-10-07,Thailand,Muang Chiang Rai,3
2023-04-29,Thailand,Ko Phangan,2
2023-04-29,Thailand,Lam Luk Ka,3
2023-04-29,Thailand,Koh Si Chang,5
2023-05-21,Thailand,Suan Luang,1
2023-05-12,Thailand,Cha-Am,1
2023-10-08,Thailand,Hat Yai,3
2023-10-08,Thailand,Bangkok Noi,1
2023-10-08,Thailand,K. Bang Sao Thon,7
2023-09-11,Thailand,Muang Songkhla,1
2023-04-29,Thailand,Muang Nakhon Pathom,1
2023-04-29,Thailand,Prawet,1
2023-05-20,Thailand,Muang Kanchanaburi,1
2023-04-28,Thailand,Muang Chiang Mai,6
2023-04-28,Thailand,Mueang Krabi,4
2023-04-28,Thailand,Pathum Wan,8
2023-09-12,Thailand,Mueang Krabi,32
2023-03-07,Thailand,Bang Kapi,1
2023-08-04,Thailand,Chiang Dao,2
2023-08-18,Thailand,Pak Kret,1
2023-08-18,Thailand,Pong Nam Ron,1
2023-09-25,Thailand,Ban Chang,1
2023-09-25,Thailand,Lat Phrao,2
2023-10-09,Thailand,Mae Rim,6
2023-10-09,Thailand,Muang Phangnga,1
2023-10-09,Thailand,Muang Songkhla,3
2023-09-14,Thailand,Pathum Wan,14
2023-09-14,Thailand,Bang Lamung,34
2023-09-28,Thailand,Hua Hin,14
2023-09-28,Thailand,Thawi Wattana,3
2023-11-13,Thailand,Muang Chiang Rai,3
2023-10-06,Thailand,Rat Burana,1
2023-08-07,Thailand,Bang Lamung,35
2023-04-17,Thailand,Yannawa,2
2023-05-24,Thailand,Phra Nakhon,8
2023-05-24,Thailand,Huai Kwang,14
2023-11-01,Thailand,Muang Chon Buri,1
2023-05-23,Thailand,Pathum Wan,18
2023-05-23,Thailand,Phra Nakhon,2
2023-01-30,Thailand,Bang Kapi,1
2023-04-03,Thailand,Thawi Wattana,2
2023-09-27,Thailand,Ko Phangan,2
2023-09-27,Thailand,Bang Saphan,2
2023-09-27,Thailand,Muang Pathum Thani,1
2023-10-05,Thailand,Hat Yai,4
2023-10-05,Thailand,Yannawa,1
2023-11-12,Thailand,Bang Kho Laem,2
2023-01-01,Thailand,Ko Samui,1
2023-02-22,Thailand,Sikhiu,1
2023-02-22,Thailand,Bang Rak,25
2023-05-22,Thailand,Phra Nakhon,6
2023-05-22,Thailand,Mueang Krabi,9
2023-04-02,Thailand,Phuket Island,31
2023-04-02,Thailand,Muang Rayong,5
2023-06-27,Thailand,Mueang Krabi,12
2023-06-27,Thailand,Huai Kwang,11
2023-02-21,Thailand,Dusit,1
2023-06-11,Thailand,Bang Lamung,38
2023-01-29,Thailand,Bang Lamung,10
2023-05-05,Thailand,Aranyaprathet,2
2023-06-29,Thailand,Phra Nakhon,4
2023-01-14,Thailand,Pattaya,11
2023-01-15,Thailand,Don Muang,2
2023-01-17,Thailand,Huai Kwang,20
2023-06-14,Thailand,Khlong Toey,20
2023-06-15,Thailand,Pak Chong,1
2023-04-09,Thailand,Chatuchak,2
2023-04-09,Thailand,Hua Hin,9
2023-04-09,Thailand,Chom Thong,1
2023-06-23,Thailand,Pathum Wan,5
2023-06-23,Thailand,Huai Kwang,17
2023-06-23,Thailand,Bang Kapi,7
2023-06-28,Thailand,Bang Rak,7
2023-06-28,Thailand,Bang Kho Laem,1
2023-05-07,Thailand,Wattana,18
2023-05-07,Thailand,Khlong Toey,19
2023-02-23,Thailand,Muang Kanchanaburi,1
2023-01-03,Thailand,K. Sam Roi Yot,1
2023-01-03,Thailand,Khlong Toey,8
2023-06-23,Thailand,Thawi Wattana,2
2023-11-09,Thailand,Wattana,21
2023-11-09,Thailand,Lat Krabang,5
2023-05-15,Thailand,Pak Chong,1
2023-05-15,Thailand,Wattana,26
2023-09-09,Thailand,Huai Kwang,5
2023-09-09,Thailand,Prawet,2
2023-05-16,Thailand,Bang Rak,19
2023-05-16,Thailand,Din Dang,4
2023-01-16,Thailand,Chom Thong,1
2023-01-16,Thailand,Pathum Wan,11
2023-05-29,Thailand,Hua Hin,2
2023-05-29,Thailand,Muang Nonthaburi,3
2023-09-05,Thailand,Muang Chon Buri,3
2023-01-25,Thailand,Khlong Toey,8
2023-09-06,Thailand,Dusit,2
2023-09-06,Thailand,Phuket Island,31
2023-09-05,Thailand,Huai Kwang,2
2023-01-13,Thailand,Bang Kho Laem,1
2023-06-22,Thailand,Bang Lamung,22
2023-11-07,Thailand,Khlong San,7
2023-02-20,Thailand,Huai Kwang,3
2023-02-20,Thailand,Chatuchak,4
2023-02-20,Thailand,Sattahip,1
2023-05-04,Thailand,Phaya Thai,1
2023-06-21,Thailand,Cha-Am,11
2023-11-06,Thailand,Ban Chang,2
2023-11-06,Thailand,Bang Kapi,3
2023-11-06,Thailand,Thon Buri,1
2023-11-06,Thailand,Muang Ubon Ratchatani,2
2023-06-10,Thailand,Ko Samui,5
2023-06-24,Thailand,Khlong San,11
2023-06-24,Thailand,Muang Khon Kaen,3
2023-06-24,Thailand,Ko Phangan,1
2023-06-24,Thailand,Pong Nam Ron,1
2023-01-27,Thailand,Muang Kanchanaburi,1
2023-06-25,Thailand,Ratchathewi,98
2023-06-25,Thailand,Sattahip,1
2023-05-17,Thailand,Phaya Thai,3
2023-09-07,Thailand,Ko Samui,5
2023-07-30,Thailand,Pak Chong,1
2023-07-30,Thailand,Bang Saphan,1
2023-02-17,Thailand,Pai,1
2023-08-21,Thailand,Pattaya,111
2023-07-14,Thailand,Phuttha Mon Thon,1
2023-07-14,Thailand,Ko Phangan,1
2023-10-23,Thailand,Hua Hin,4
2023-10-23,Thailand,Pak Chong,6
2023-10-23,Thailand,Muang Rayong,1
2023-06-07,Thailand,Pathum Wan,8
2023-06-07,Thailand,K. Bang Sao Thon,2
2023-07-28,Thailand,Ratchathewi,147
2023-07-28,Thailand,Thungkru,3
2023-03-23,Thailand,Chatuchak,2
2023-08-20,Thailand,Ko Lanta,1
2023-08-20,Thailand,K. Ko Chang,1
2023-02-16,Thailand,Thawi Wattana,2
2023-02-16,Thailand,Bang Plad,1
2023-10-24,Thailand,Hua Hin,14
2023-07-13,Thailand,Mae Rim,2
2023-01-09,Thailand,Phuket Island,9
2023-01-09,Thailand,Hua Hin,3
2023-03-22,Thailand,Hua Hin,3
2023-03-22,Thailand,Muang Chiang Rai,6
2023-07-27,Thailand,Pathum Wan,16
2023-07-27,Thailand,Min Buri,2
2023-08-23,Thailand,Muang Satun,8
2023-08-23,Thailand,Pran Buri,1
2023-07-02,Thailand,Muang Phangnga,1
2023-07-02,Thailand,Lat Krabang,6
2023-07-02,Thailand,Samphantawong,3
2023-03-11,Thailand,Suan Luang,1
2023-03-11,Thailand,Muang Rayong,2
2023-02-04,Thailand,Phaya Thai,7
2023-02-04,Thailand,Don Muang,1
2023-10-21,Thailand,Si Racha,2
2023-10-21,Thailand,Bang Lamung,6
2023-10-21,Thailand,Khlong Luang,4
2023-03-25,Thailand,Ratchathewi,132
2023-03-25,Thailand,Wang Thonglang,1
2023-03-25,Thailand,Muang Chiang Mai,6
2023-03-25,Thailand,Cha-Am,10
2023-08-22,Thailand,Din Dang,1
2023-08-22,Thailand,Khlong San,3
2023-07-15,Thailand,Khlong Toey,39
2023-07-15,Thailand,Lat Krabang,10
2023-02-18,Thailand,Pattaya,33
2023-07-01,Thailand,Suan Luang,1
2023-07-01,Thailand,Pak Kret,1
2023-07-15,Thailand,Sattahip,1
2023-07-29,Thailand,Pak Chong,3
2023-07-29,Thailand,Thawi Wattana,1
2023-03-10,Thailand,Ratchathewi,192
2023-03-24,Thailand,Muang Chiang Rai,7
2023-03-24,Thailand,Si Racha,2
2023-01-06,Thailand,Phra Khanong,2
2023-02-27,Thailand,Phaya Thai,1
2023-02-27,Thailand,Muang Chiang Rai,5
2023-06-03,Thailand,Bang Lamung,1
2023-06-03,Thailand,Ko Samui,1
2023-02-12,Thailand,Lam Luk Ka,1
2023-06-17,Thailand,Phaya Thai,4
2023-06-17,Thailand,Samphantawong,2
2023-06-17,Thailand,Thon Buri,1
2023-01-05,Thailand,Pai,2
2023-08-30,Thailand,Huai Kwang,3
2023-07-23,Thailand,Mae Rim,5
2023-07-23,Thailand,Bang Khae,9
2023-07-23,Thailand,Muang Chiang Rai,4
2023-06-02,Thailand,Lat Krabang,2
2023-06-16,Thailand,Hat Yai,1
2023-06-16,Thailand,K. Bang Sao Thon,1
2023-05-09,Thailand,Phuket Island,23
2023-05-09,Thailand,Takua Pa,1
2023-10-20,Thailand,Hat Yai,1
2023-06-05,Thailand,Hat Yai,1
2023-01-04,Thailand,Bang Khae,1
2023-07-12,Thailand,Khlong San,10
2023-07-12,Thailand,Klaeng,3
2023-07-26,Thailand,Din Dang,8
2023-02-14,Thailand,Phra Nakhon,6
2023-10-31,Thailand,Sathorn,6
2023-10-31,Thailand,Pak Chong,3
2023-10-31,Thailand,K. Ko Chang,1
2023-10-31,Thailand,Bang Bua Thong,1
2023-10-31,Thailand,Ko Yao District,2
2023-02-28,Thailand,Bang Plad,1
2023-06-04,Thailand,Cha-Am,2
2023-01-07,Thailand,Don Muang,1
2023-07-11,Thailand,Phuket Island,29
2023-07-11,Thailand,Muang Chiang Mai,20
2023-07-11,Thailand,Pak Kret,1
2023-06-18,Thailand,Ko Samui,1
2023-07-10,Thailand,Pathum Wan,7
2023-07-10,Thailand,Lak Si,1
2023-08-31,Thailand,Wang Chan,2
2023-08-31,Thailand,Bang Rak,34
2023-04-25,Thailand,Sattahip,1
2023-10-17,Thailand,Khlong Toey,29
2023-09-22,Thailand,Cha-Am,3
2023-10-03,Thailand,K. Ko Chang,5
2023-10-03,Thailand,Phaya Thai,6
2023-09-22,Thailand,Muang Nakhon Ratchasima,1
2023-08-15,Thailand,Phuket Island,33
2023-08-15,Thailand,Muang Nonthaburi,1
2023-08-29,Thailand,Ko Phangan,4
2023-05-31,Thailand,Muang Chiang Mai,2
2023-05-31,Thailand,Bang Khen,1
2023-04-10,Thailand,Muang Rayong,3
2023-04-10,Thailand,Sathorn,2
2023-04-24,Thailand,Ko Samui,5
2023-11-10,Thailand,Pathum Wan,14
2023-09-21,Thailand,Phra Khanong,14
2023-10-18,Thailand,Hat Yai,7
2023-10-18,Thailand,Chatuchak,24
2023-05-30,Thailand,Thon Buri,1
2023-07-07,Thailand,Bangkok Noi,1
2023-08-14,Thailand,Suan Luang,2
2023-08-28,Thailand,Khan Na Yao,2
2023-09-10,Thailand,Bang Lamung,32
2023-10-19,Thailand,Bang Plad,1
2023-10-15,Thailand,Lat Krabang,2
2023-08-03,Thailand,Muang Phitsanulok,2
2023-08-03,Thailand,Wang Thonglang,1
2023-08-03,Thailand,Bang Plee,12
2023-09-24,Thailand,Prawet,3
2023-10-16,Thailand,Phra Nakhon,14
2023-10-16,Thailand,Phuket Island,68
2023-04-12,Thailand,Lam Luk Ka,2
2023-10-02,Thailand,Muang Rayong,2
2023-04-26,Thailand,Huai Kwang,12
2023-04-26,Thailand,Sathorn,3
2023-04-26,Thailand,Cha-Am,1
2023-09-23,Thailand,Ratchathewi,162
2023-09-23,Thailand,Bang Kho Laem,1
2023-09-23,Thailand,Samphantawong,1
2023-09-23,Thailand,Phra Nakhon Si Ayutthaya,1
2023-10-27,Thailand,Suan Luang,3
2023-04-11,Thailand,Muang Chiang Rai,2
2023-10-13,Thailand,Takua Pa,3
2023-10-13,Thailand,Muang Chon Buri,1
2023-02-07,Thailand,Muang Phangnga,1
2023-08-11,Thailand,Muang Chiang Mai,3
2023-08-25,Thailand,Muang Samut Prakan,1
2023-04-20,Thailand,Ratchathewi,143
2023-03-28,Thailand,Thon Buri,1
2023-03-28,Thailand,Chatuchak,5
2023-07-18,Thailand,Lat Krabang,2
2023-07-18,Thailand,Khan Na Yao,1
2023-11-20,Thailand,Dusit,4
2023-03-13,Thailand,Bang Plee,1
2023-10-14,Thailand,Takua Pa,3
2023-10-14,Thailand,Bang Kapi,21
2023-08-24,Thailand,Wang Thonglang,1
2023-03-12,Thailand,Mueang Krabi,2
2023-03-12,Thailand,Ko Phangan,1
2023-03-12,Thailand,Muang Rayong,1
2023-11-21,Thailand,Din Dang,4
2023-11-21,Thailand,Ko Lanta,4
2023-11-21,Thailand,Pak Kret,1
2023-03-16,Thailand,Wattana,17
2023-10-25,Thailand,Klaeng,2
2023-10-25,Thailand,Pattaya,84
2023-10-25,Thailand,Pathum Wan,10
2023-09-20,Thailand,Ko Lanta,2
2023-09-20,Thailand,Sattahip,1
2023-10-11,Thailand,Ko Samui,3
2023-02-09,Thailand,Hua Hin,18
2023-08-13,Thailand,Ko Lanta,1
2023-10-26,Thailand,Ban Chang,2
2023-10-26,Thailand,Bang Khen,1
2023-10-26,Thailand,Bang Plad,2
2023-07-06,Thailand,K. Bang Sao Thon,4
2023-08-12,Thailand,Muang Chiang Rai,2
2023-03-29,Thailand,Khlong San,14
2023-10-12,Thailand,Ko Samui,1
2023-10-12,Thailand,Chatuchak,14
2023-07-19,Thailand,Lat Krabang,6
2023-07-05,Thailand,Chatuchak,21
2023-07-05,Thailand,Pathum Wan,8
2023-04-05,Thailand,Pattaya,51
2023-11-04,Thailand,Lat Krabang,2
2023-09-02,Thailand,Bang Rak,36
2023-11-19,Thailand,Muang Phitsanulok,1
2023-01-21,Thailand,Hat Yai,3
2023-11-19,Thailand,Bang Saphan,1
2023-04-19,Thailand,Sathorn,1
2023-09-16,Thailand,Dusit,3
2023-08-09,Thailand,Thawi Wattana,1
2023-08-09,Thailand,Ban Chang,1
2023-05-26,Thailand,Mueang Krabi,8
2023-09-15,Thailand,Bang Khun Thian,2
2023-09-15,Thailand,Thawi Wattana,1
2023-09-15,Thailand,Wattana,22
2023-11-16,Thailand,Muang Samut Prakan,13
2023-09-29,Thailand,Muang Chiang Mai,7
2023-05-10,Thailand,Din Dang,1
2023-08-08,Thailand,Pattaya,78
2023-05-28,Thailand,Don Muang,6
2023-09-04,Thailand,Hua Hin,19
2023-11-03,Thailand,Din Dang,5
2023-11-03,Thailand,Bang Khae,1
2023-11-03,Thailand,Ratchathewi,348
2023-01-23,Thailand,Phuket Island,18
2023-01-23,Thailand,Muang Buri Ram,1
2023-01-23,Thailand,Muang Khon Kaen,3
2023-11-17,Thailand,Phaya Thai,6
2023-11-17,Thailand,Muang Chiang Rai,2
2023-06-20,Thailand,Phaya Thai,4
2023-06-20,Thailand,K. Bang Sao Thon,2
2023-05-28,Thailand,Sathorn,1
2023-05-13,Thailand,Khlong San,4
2023-05-13,Thailand,Muang Prachuap Khiri Khan,3
2023-05-14,Thailand,Muang Chon Buri,3
2023-05-14,Thailand,Khlong Hoi Kong,2
2023-05-27,Thailand,Sathorn,2
2023-05-27,Thailand,Bang Plee,2
2023-09-03,Thailand,Bangkok Noi,2
2023-09-03,Thailand,Hua Hin,11
2023-09-03,Thailand,Prawet,5
2023-11-14,Thailand,Phuket Island,80
2023-09-17,Thailand,Phuttha Mon Thon,1
2023-03-08,Thailand,Muang Chiang Mai,7
2023-05-21,Thailand,Phuket Island,34
2023-05-21,Thailand,Cha-Am,6
2023-08-19,Thailand,Huai Kwang,8
2023-08-19,Thailand,Dusit,1
2023-09-26,Thailand,Pak Kret,4
2023-08-05,Thailand,Thawi Wattana,3
2023-09-11,Thailand,Phra Khanong,13
2023-09-11,Thailand,Ko Yao District,1
2023-05-20,Thailand,Pattaya,48
2023-05-20,Thailand,Muang Chiang Mai,12
2023-03-08,Thailand,Ko Phangan,4
2023-09-12,Thailand,Sikhiu,1
2023-09-12,Thailand,Sattahip,1
2023-09-12,Thailand,Bang Lamung,38
2023-11-15,Thailand,Bang Kapi,5
2023-11-15,Thailand,Mueang Krabi,38
2023-04-13,Thailand,Muang Chiang Mai,2
2023-04-13,Thailand,Bang Lamung,8
2023-09-25,Thailand,Samphantawong,4
2023-06-30,Thailand,Ratchathewi,112
2023-09-14,Thailand,Muang Chiang Mai,9
2023-09-14,Thailand,Bang Rak,42
2023-09-28,Thailand,Muang Ubon Ratchatani,3
2023-11-13,Thailand,Mae Rim,1
2023-11-13,Thailand,Bang Plee,3
2023-11-13,Thailand,Muang Samut Prakan,6
2023-08-07,Thailand,Lam Luk Ka,2
2023-08-07,Thailand,Pom Pram Sattru,1
2023-08-07,Thailand,Khlong Luang,1
2023-04-17,Thailand,Ratchathewi,116
2023-04-17,Thailand,Sathorn,2
2023-05-24,Thailand,Mueang Krabi,15
2023-04-16,Thailand,Muang Udon Thani,1
2023-04-16,Thailand,Wattana,16
2023-11-01,Thailand,Muang Buri Ram,1
2023-05-23,Thailand,Wang Thonglang,1
2023-01-30,Thailand,Bang Plad,1
2023-06-30,Thailand,Muang Chiang Rai,2
2023-06-30,Thailand,Takua Pa,3
2023-06-30,Thailand,K. Bang Sao Thon,1
2023-06-13,Thailand,Wattana,45
2023-09-27,Thailand,Hat Yai,3
2023-09-27,Thailand,Chatuchak,5
2023-09-27,Thailand,Phra Khanong,7
2023-09-27,Thailand,Muang Chon Buri,2
2023-10-05,Thailand,Pattaya,121
2023-10-05,Thailand,Bang Lamung,16
2023-10-05,Thailand,Bang Khun Thian,1
2023-04-01,Thailand,Wattana,23
2023-03-09,Thailand,Sathorn,1
2023-11-12,Thailand,Phuket Island,59
2023-11-12,Thailand,Muang Nakhon Ratchasima,1
2023-11-12,Thailand,Muang Songkhla,3
2023-11-12,Thailand,Bang Khae,1
2023-01-01,Thailand,Khlong Toey,8
2023-02-22,Thailand,Khlong Luang,1
2023-08-06,Thailand,Sathorn,5
2023-09-13,Thailand,Bang Saphan,1
2023-04-01,Thailand,Pathum Wan,4
2023-05-22,Thailand,Lam Luk Ka,1
2023-05-22,Thailand,Sathorn,2
2023-04-02,Thailand,Min Buri,3
2023-01-18,Thailand,Muang Chiang Mai,4
2023-02-21,Thailand,K. Bang Sao Thon,3
2023-06-01,Thailand,Phaya Thai,3
2023-06-01,Thailand,Bang Rak,28
2023-06-01,Thailand,Huai Kwang,7
2023-06-11,Thailand,Lat Krabang,3
2023-05-19,Thailand,Hua Hin,4
2023-07-22,Thailand,Chatuchak,36
2023-07-22,Thailand,Suan Luang,2
2023-03-31,Thailand,Phra Khanong,4
2023-06-29,Thailand,Pathum Wan,2
2023-01-14,Thailand,Muang Khon Kaen,1
2023-01-02,Thailand,Sathorn,2
2023-01-02,Thailand,K. Bang Sao Thon,2
2023-04-09,Thailand,Muang Chiang Rai,4
2023-06-23,Thailand,Muang Chiang Rai,2
2023-01-11,Thailand,Ratchathewi,78
2023-06-28,Thailand,Lat Krabang,2
2023-06-28,Thailand,Koh Si Chang,1
2023-05-02,Thailand,Lat Krabang,2
2023-07-20,Thailand,Muang Chon Buri,2
2023-07-20,Thailand,Lat Phrao,1
2023-05-07,Thailand,Mueang Krabi,6
2023-03-30,Thailand,Thawi Wattana,1
2023-03-30,Thailand,Lat Krabang,2
2023-01-03,Thailand,Phra Khanong,1
2023-01-03,Thailand,Huai Kwang,7
2023-01-24,Thailand,Pak Kret,2
2023-05-15,Thailand,Bang Kapi,1
2023-05-15,Thailand,Pak Kret,1
2023-01-10,Thailand,Hat Yai,15
2023-05-16,Thailand,Suan Luang,4
2023-01-25,Thailand,Bang Kho Laem,1
2023-02-24,Thailand,Phuket Island,29
2023-02-24,Thailand,Pai,1
2023-01-11,Thailand,Muang Khon Kaen,1
2023-01-28,Thailand,Ratchathewi,78
2023-01-28,Thailand,Pai,1
2023-01-28,Thailand,Bang Bua Thong,1
2023-09-08,Thailand,Wattana,18
2023-05-18,Thailand,Takua Pa,3
2023-05-18,Thailand,Suan Luang,1
2023-02-20,Thailand,Bang Khae,1
2023-05-04,Thailand,Pathum Wan,13
2023-05-04,Thailand,Bang Bua Thong,1
2023-06-21,Thailand,K. Bang Sao Thon,1
2023-06-10,Thailand,Huai Kwang,7
2023-06-24,Thailand,Bang Plad,1
2023-06-10,Thailand,Dusit,1
2023-06-25,Thailand,Bang Plee,1
2023-05-17,Thailand,Phuket Island,41
2023-07-31,Thailand,Phra Nakhon,13
2023-07-31,Thailand,Hat Yai,5
2023-07-31,Thailand,Muang Samut Prakan,2
2023-09-07,Thailand,Dusit,3
2023-07-30,Thailand,Muang Samut Prakan,3
2023-08-21,Thailand,Huai Kwang,10
2023-08-21,Thailand,Sadao,1
2023-07-28,Thailand,Suan Luang,1
2023-02-02,Thailand,Thon Buri,2
2023-02-02,Thailand,Don Muang,3
2023-03-23,Thailand,Wattana,18
2023-03-23,Thailand,Cha-Am,3
2023-03-23,Thailand,Muang Chiang Mai,1
2023-08-20,Thailand,Chatuchak,7
2023-08-20,Thailand,Khan Na Yao,3
2023-02-16,Thailand,Lat Krabang,2
2023-10-24,Thailand,Ko Samui,3
2023-10-24,Thailand,Muang Chiang Rai,1
2023-06-06,Thailand,Pathum Wan,3
2023-02-15,Thailand,Muang Rayong,2
2023-02-15,Thailand,Sathorn,1
2023-02-15,Thailand,Bangkok Noi,1
2023-10-10,Thailand,Bang Kapi,1
2023-02-05,Thailand,Bang Rak,33
2023-08-23,Thailand,Lat Krabang,6
2023-07-02,Thailand,Khlong San,5
2023-03-26,Thailand,Bang Rak,36
2023-03-26,Thailand,Muang Phangnga,1
2023-03-11,Thailand,Phaya Thai,4
2023-03-11,Thailand,Hat Yai,3
2023-07-16,Thailand,Takua Pa,6
2023-02-04,Thailand,Phra Khanong,1
2023-03-25,Thailand,Phra Nakhon,9
2023-03-25,Thailand,Khlong Hoi Kong,1
2023-06-09,Thailand,Pom Pram Sattru,1
2023-06-09,Thailand,Si Racha,6
2023-08-22,Thailand,Bang Lamung,27
2023-07-15,Thailand,Ko Phangan,3
2023-07-15,Thailand,Bang Plee,13
2023-07-15,Thailand,Muang Kanchanaburi,2
2023-10-22,Thailand,Muang Nakhon Ratchasima,1
2023-07-29,Thailand,Bang Khae,2
2023-07-29,Thailand,Prawet,1
2023-03-10,Thailand,Bang Kapi,4
2023-03-24,Thailand,Sattahip,2
2023-02-03,Thailand,Din Dang,1
2023-01-06,Thailand,Phuket Island,12
2023-02-27,Thailand,Muang Nonthaburi,3
2023-07-24,Thailand,Wang Chan,4
2023-06-03,Thailand,Bang Kapi,1
2023-02-12,Thailand,Muang Khon Kaen,2
2023-08-30,Thailand,Bangkok Noi,2
2023-06-16,Thailand,Huai Kwang,8
2023-06-16,Thailand,Thawi Wattana,1
2023-02-25,Thailand,Wattana,24
2023-05-09,Thailand,Bang Khun Thian,1
2023-05-09,Thailand,Khlong San,12
2023-02-11,Thailand,Chatuchak,1
2023-06-05,Thailand,Muang Nakhon Ratchasima,2
2023-06-05,Thailand,Pattaya,38
2023-06-05,Thailand,Takua Pa,2
2023-06-05,Thailand,Khlong San,5
2023-07-26,Thailand,Phra Khanong,3
2023-10-31,Thailand,Phra Nakhon,22
2023-02-14,Thailand,Lat Krabang,6
2023-02-28,Thailand,Ko Samui,1
2023-06-04,Thailand,Muang Nakhon Ratchasima,1
2023-06-04,Thailand,Muang Chiang Mai,1
2023-06-04,Thailand,Muang Prachuap Khiri Khan,1
2023-01-07,Thailand,Phaya Thai,3
2023-03-20,Thailand,Ko Phangan,3
2023-06-18,Thailand,Muang Chiang Rai,2
2023-07-25,Thailand,Muang Pathum Thani,1
2023-07-25,Thailand,Dusit,1
2023-02-13,Thailand,Bang Plad,1
2023-10-17,Thailand,Phuket Island,49
2023-10-17,Thailand,Muang Ubon Ratchatani,3
2023-08-01,Thailand,Min Buri,3
2023-10-03,Thailand,Pathum Wan,17
2023-03-04,Thailand,Hua Hin,3
2023-03-18,Thailand,Bang Rak,36
2023-08-15,Thailand,Huai Kwang,8
2023-05-31,Thailand,Phuket Island,14
2023-05-31,Thailand,Suan Luang,1
2023-05-31,Thailand,Khan Na Yao,1
2023-03-03,Thailand,Lat Krabang,1
2023-04-24,Thailand,Wattana,26
2023-04-24,Thailand,Bang Lamung,29
2023-04-24,Thailand,Muang Satun,1
2023-11-10,Thailand,Phra Khanong,13
2023-10-04,Thailand,Ko Yao District,1
2023-10-04,Thailand,Takua Pa,4
2023-10-04,Thailand,Phaya Thai,4
2023-03-17,Thailand,Phra Khanong,5
2023-10-18,Thailand,Samoeng,2
2023-05-30,Thailand,Pak Kret,10
2023-03-02,Thailand,Din Dang,1
2023-09-10,Thailand,Thai Muang,1
2023-10-19,Thailand,Sikhiu,1
2023-10-19,Thailand,Ko Phangan,1
2023-11-11,Thailand,Thawi Wattana,1
2023-11-11,Thailand,Muang Ubon Ratchatani,2
2023-10-29,Thailand,Cha-Am,5
2023-10-29,Thailand,Khlong Luang,1
2023-04-27,Thailand,Koh Si Chang,1
2023-10-15,Thailand,Bang Kapi,34
2023-08-03,Thailand,Pattaya,51
2023-08-03,Thailand,Wang Chan,1
2023-08-03,Thailand,Cha-Am,8
2023-08-03,Thailand,Bang Bua Thong,1
2023-08-17,Thailand,Lat Phrao,2
2023-10-01,Thailand,Hua Hin,16
2023-11-22,Thailand,Lat Krabang,1
2023-11-22,Thailand,Bang Lamung,1
2023-09-24,Thailand,Din Dang,2
2023-03-05,Thailand,Suan Luang,1
2023-04-12,Thailand,Hat Yai,2
2023-08-02,Thailand,Phuket Island,36
2023-08-02,Thailand,Ko Samui,5
2023-08-02,Thailand,Bang Lamung,18
2023-04-26,Thailand,Muang Chiang Rai,1
2023-09-23,Thailand,Don Muang,4
2023-08-16,Thailand,Cha-Am,8
2023-08-16,Thailand,Ko Samui,2
2023-10-27,Thailand,Khlong Toey,32
2023-10-13,Thailand,Thon Buri,2
2023-10-13,Thailand,Sathorn,1
2023-07-18,Thailand,Min Buri,1
2023-07-18,Thailand,Thawi Wattana,3
2023-07-18,Thailand,Muang Nonthaburi,2
2023-11-20,Thailand,Phaya Thai,5
2023-11-20,Thailand,Muang Lampang,3
2023-11-20,Thailand,Muang Surat Thani,1
2023-08-10,Thailand,Muang Samut Prakan,2
2023-03-13,Thailand,Hat Yai,4
2023-03-13,Thailand,Khlong San,10
2023-03-12,Thailand,Khlong Hoi Kong,1
2023-11-21,Thailand,Pattaya,136
2023-11-21,Thailand,Ko Samui,5
2023-03-16,Thailand,Mueang Krabi,3
2023-03-16,Thailand,Khlong Luang,2
2023-10-25,Thailand,Ban Chang,2
2023-09-20,Thailand,Bang Rak,40
2023-10-11,Thailand,Muang Phangnga,1
2023-10-11,Thailand,Chatuchak,16
2023-02-09,Thailand,Ko Phangan,1
2023-02-09,Thailand,Bang Kapi,1
2023-08-13,Thailand,Phuket Island,30
2023-08-13,Thailand,Bang Khae,1
2023-03-01,Thailand,Ratchathewi,224
2023-07-06,Thailand,Min Buri,5
2023-07-06,Thailand,Suan Luang,4
2023-07-06,Thailand,Lat Krabang,1
2023-08-12,Thailand,Ko Phangan,2
2023-03-29,Thailand,Ratchathewi,129
2023-03-01,Thailand,Muang Rayong,4
2023-08-26,Thailand,Hat Yai,3
2023-04-21,Thailand,Khlong San,12
2023-10-12,Thailand,Bang Plee,2
2023-10-12,Thailand,Ratchathewi,128
2023-10-12,Thailand,Muang Pathum Thani,1
2023-07-19,Thailand,Chatuchak,46
2023-03-14,Thailand,Khlong Toey,15
2023-03-14,Thailand,Phra Nakhon,4
2023-11-04,Thailand,K. Bang Sao Thon,4
2023-11-04,Thailand,Muang Chiang Rai,4
2023-09-02,Thailand,Chatuchak,16
2023-09-02,Thailand,K. Bang Sao Thon,10
2023-11-19,Thailand,Hua Hin,8
2023-11-19,Thailand,Takua Pa,2
2023-11-19,Thailand,Bang Plad,2
2023-11-19,Thailand,Don Muang,2
2023-11-19,Thailand,Rat Burana,1
2023-11-19,Thailand,K. Bang Sao Thon,13
2023-04-19,Thailand,Phuttha Mon Thon,2
2023-09-16,Thailand,Khlong San,8
2023-09-16,Thailand,Thon Buri,1
2023-08-09,Thailand,Muang Surat Thani,1
2023-08-09,Thailand,Pak Chong,2
2023-05-26,Thailand,Muang Nakhon Pathom,2
2023-05-26,Thailand,Si Racha,1
2023-05-25,Thailand,Pom Pram Sattru,1
2023-09-01,Thailand,K. Ko Chang,1
2023-04-04,Thailand,Sattahip,4
2023-01-20,Thailand,Bang Kho Laem,1
2023-09-15,Thailand,Thon Buri,1
2023-11-16,Thailand,Bang Lamung,7
2023-11-16,Thailand,Sattahip,3
2023-11-16,Thailand,Si Racha,1
2023-09-29,Thailand,Hua Hin,12
2023-09-29,Thailand,Pak Chong,4
2023-11-05,Thailand,Bang Plee,2
2023-05-10,Thailand,Huai Kwang,7
2023-04-07,Thailand,Dusit,1
2023-08-08,Thailand,Ko Samui,2
2023-11-02,Thailand,Suan Luang,5
2023-11-02,Thailand,Ratchathewi,282
2023-11-02,Thailand,Hat Yai,3
2023-05-28,Thailand,Khlong San,3
2023-09-04,Thailand,Hat Yai,6
2023-09-04,Thailand,Muang Satun,10
2023-09-04,Thailand,Pom Pram Sattru,1
2023-09-04,Thailand,Phra Khanong,11
2023-11-03,Thailand,Dusit,3
2023-11-03,Thailand,Bang Khun Thian,1
2023-09-18,Thailand,Takua Pa,3
2023-11-17,Thailand,Bang Khen,1
2023-01-22,Thailand,Bang Rak,15
2023-11-18,Thailand,Mae Rim,8
2023-11-18,Thailand,Huai Kwang,7
2023-11-18,Thailand,Thai Muang,2
2023-11-18,Thailand,Muang Khon Kaen,2
2023-09-17,Thailand,Pattaya,121
2023-09-17,Thailand,Thawi Wattana,2
2023-05-28,Thailand,Samphantawong,3
2023-05-14,Thailand,Muang Nonthaburi,1
2023-09-19,Thailand,Bang Lamung,33
2023-09-19,Thailand,Phuket Island,43
2023-09-03,Thailand,Thawi Wattana,3
2023-04-15,Thailand,Muang Nonthaburi,2
2023-10-07,Thailand,Cha-Am,6
2023-04-29,Thailand,Hua Hin,8
2023-03-08,Thailand,Hat Yai,3
2023-03-08,Thailand,Pathum Wan,16
2023-11-01,Thailand,Sathorn,1
2023-10-08,Thailand,Cha-Am,4
2023-10-08,Thailand,Pak Chong,2
2023-10-08,Thailand,Khan Na Yao,1
2023-10-08,Thailand,Muang Samut Prakan,1
2023-09-26,Thailand,Thawi Wattana,2
2023-04-14,Thailand,Wattana,41
2023-09-11,Thailand,Lat Krabang,8
2023-05-20,Thailand,Muang Satun,1
2023-05-20,Thailand,Muang Khon Kaen,1
2023-04-28,Thailand,Khlong Toey,8
2023-04-28,Thailand,Muang Kanchanaburi,1
2023-03-08,Thailand,Bang Khae,1
2023-09-12,Thailand,San Sai,1
2023-11-15,Thailand,Muang Chumphon,1
2023-11-15,Thailand,Muang Nakhon Pathom,1
2023-03-07,Thailand,Muang Phitsanulok,1
2023-08-04,Thailand,Wattana,24
2023-04-13,Thailand,Pattaya,33
2023-04-13,Thailand,Phra Khanong,12
2023-04-13,Thailand,Muang Khon Kaen,6
2023-09-25,Thailand,Suan Luang,3
2023-09-25,Thailand,Khan Na Yao,5
2023-11-13,Thailand,Phra Nakhon,19
2023-10-06,Thailand,Mae Rim,4
2023-10-06,Thailand,Thai Muang,3
2023-04-03,Thailand,Muang Kanchanaburi,1
2023-06-30,Thailand,Si Racha,2
2023-06-13,Thailand,Hua Hin,12
2023-10-05,Thailand,Takua Pa,9
2023-10-05,Thailand,Phra Khanong,9
2023-10-05,Thailand,Phaya Thai,4
2023-10-05,Thailand,Pom Pram Sattru,1
2023-06-13,Thailand,Muang Chiang Mai,3
2023-03-09,Thailand,Ko Samui,5
2023-03-09,Thailand,Thawi Wattana,3
2023-03-09,Thailand,Pak Kret,1
2023-11-12,Thailand,Huai Kwang,9
2023-01-01,Thailand,Phuket Island,6
2023-02-22,Thailand,Pattaya,37
2023-02-22,Thailand,Muang Kanchanaburi,2
2023-08-06,Thailand,Takua Thung,1
2023-05-06,Thailand,Ko Samui,1
2023-09-13,Thailand,Pathum Wan,17
2023-04-02,Thailand,Bang Lamung,26
2023-04-02,Thailand,Phra Khanong,4
2023-04-02,Thailand,Muang Nonthaburi,2
2023-04-02,Thailand,Muang Samut Prakan,3
2023-06-27,Thailand,Hua Hin,9
2023-05-05,Thailand,Bang Kapi,2
2023-02-21,Thailand,Khlong Toey,4
2023-06-01,Thailand,Phuket Island,22
2023-06-11,Thailand,Ko Samui,3
2023-06-11,Thailand,Muang Nakhon Pathom,1
2023-10-30,Thailand,Dusit,4
2023-10-30,Thailand,Hat Yai,5
2023-10-30,Thailand,Bang Rak,64
2023-10-30,Thailand,Rat Burana,1
2023-05-05,Thailand,Thawi Wattana,1
2023-03-31,Thailand,Khlong Luang,4
2023-06-29,Thailand,Lat Krabang,8
2023-06-29,Thailand,Takua Pa,6
2023-06-29,Thailand,Khan Na Yao,1
2023-05-08,Thailand,Muang Chon Buri,1
2023-01-14,Thailand,Din Dang,2
2023-01-17,Thailand,Ko Samui,1
2023-01-02,Thailand,Phuket Island,5
2023-01-02,Thailand,Muang Khon Kaen,1
2023-06-12,Thailand,Pattaya,51
2023-06-15,Thailand,Muang Nakhon Ratchasima,1
2023-06-15,Thailand,Takua Pa,2
2023-06-15,Thailand,Muang Chiang Mai,2
2023-04-09,Thailand,Ko Lanta,1
2023-04-09,Thailand,Yannawa,1
2023-06-26,Thailand,Phuttha Mon Thon,1
2023-06-28,Thailand,Cha-Am,14
2023-06-28,Thailand,Huai Kwang,15
2023-05-02,Thailand,Hat Yai,1
2023-05-02,Thailand,Chiang Saen,1
2023-07-20,Thailand,Mueang Krabi,20
2023-05-07,Thailand,Pattaya,27
2023-02-23,Thailand,Sikhiu,2
2023-11-09,Thailand,Don Muang,9
2023-11-09,Thailand,Thon Buri,2
2023-11-09,Thailand,Muang Kanchanaburi,2
2023-01-24,Thailand,Ratchathewi,49
2023-01-24,Thailand,Wattana,17
2023-01-24,Thailand,Phra Nakhon,4
2023-05-15,Thailand,Lat Krabang,5
2023-09-09,Thailand,Chatuchak,21
2023-05-16,Thailand,Mueang Krabi,10
2023-05-29,Thailand,Pak Chong,1
2023-05-29,Thailand,Khan Na Yao,2
2023-09-06,Thailand,Yannawa,1
2023-09-06,Thailand,Ko Samui,4
2023-05-01,Thailand,Sattahip,1
2023-01-13,Thailand,Muang Nonthaburi,3
2023-09-08,Thailand,Bang Plad,6
2023-06-22,Thailand,Suan Luang,3
2023-06-22,Thailand,Muang Satun,1
2023-11-07,Thailand,Pak Kret,2
2023-11-07,Thailand,Huai Kwang,1
2023-06-21,Thailand,Sattahip,1
2023-11-06,Thailand,Don Muang,9
2023-05-03,Thailand,Muang Chiang Mai,4
2023-06-24,Thailand,Bang Rak,9
2023-01-27,Thailand,Phra Nakhon,5
2023-06-10,Thailand,Muang Khon Kaen,1
2023-06-10,Thailand,Muang Chiang Mai,3
2023-01-26,Thailand,Pathum Wan,7
2023-06-25,Thailand,Muang Nakhon Ratchasima,1
2023-09-08,Thailand,Muang Rayong,3
2023-07-31,Thailand,Ko Samui,6
2023-07-31,Thailand,Pattaya,48
2023-09-07,Thailand,Lam Luk Ka,3
2023-07-30,Thailand,Doi Saket,1
2023-11-08,Thailand,Bang Plee,2
2023-11-08,Thailand,Muang Kanchanaburi,3
2023-07-14,Thailand,Pathum Wan,12
2023-06-07,Thailand,Khlong San,11
2023-07-28,Thailand,Muang Pathum Thani,1
2023-07-28,Thailand,Muang Phangnga,1
2023-07-28,Thailand,Muang Rayong,6
2023-03-23,Thailand,Phra Nakhon,4
2023-02-16,Thailand,Phra Khanong,7
2023-02-16,Thailand,Muang Chiang Rai,5
2023-07-13,Thailand,Suan Luang,2
2023-02-01,Thailand,Pattaya,21
2023-03-22,Thailand,Bang Kapi,1
2023-03-22,Thailand,Sattahip,1
2023-07-27,Thailand,Khlong Toey,29
2023-10-10,Thailand,Dusit,2
2023-10-10,Thailand,Ko Lanta,2
2023-02-05,Thailand,Hat Yai,10
2023-02-05,Thailand,Aranyaprathet,1
2023-02-05,Thailand,Pom Pram Sattru,2
2023-08-23,Thailand,Phaya Thai,6
2023-02-19,Thailand,Hua Hin,9
2023-02-19,Thailand,Khan Na Yao,1
2023-07-16,Thailand,Cha-Am,10
2023-07-16,Thailand,Mae Rim,2
2023-02-04,Thailand,K. Bang Sao Thon,6
2023-06-09,Thailand,Lat Krabang,3
2023-08-22,Thailand,Pattaya,88
2023-08-22,Thailand,Hua Hin,6
2023-07-15,Thailand,Muang Phitsanulok,1
2023-02-18,Thailand,Muang Chiang Mai,4
2023-07-01,Thailand,Hua Hin,7
2023-10-22,Thailand,Phra Nakhon,15
2023-10-22,Thailand,Ko Yao District,1
2023-07-29,Thailand,Phuttha Mon Thon,2
2023-07-29,Thailand,Hat Yai,5
2023-07-29,Thailand,Chom Thong,1
2023-03-10,Thailand,Don Muang,2
2023-06-08,Thailand,Hat Yai,5
2023-06-08,Thailand,Wattana,20
2023-02-03,Thailand,Muang Pathum Thani,1
2023-02-03,Thailand,Phra Khanong,8
2023-02-27,Thailand,Thawi Wattana,2
2023-02-27,Thailand,Lam Luk Ka,3
2023-06-03,Thailand,Thawi Wattana,1
2023-06-17,Thailand,Muang Khon Kaen,1
2023-01-05,Thailand,Ratchathewi,75
2023-01-05,Thailand,Bang Lamung,21
2023-02-26,Thailand,Bang Rak,40
2023-02-26,Thailand,Muang Nakhon Pathom,1
2023-08-30,Thailand,Lak Si,1
2023-07-23,Thailand,Sadao,1
2023-07-23,Thailand,Lak Si,1
2023-07-23,Thailand,Hua Hin,17
2023-07-23,Thailand,Phra Khanong,2
2023-01-19,Thailand,Thon Buri,1
2023-06-02,Thailand,Phra Nakhon,3
2023-06-02,Thailand,Muang Rayong,2
2023-06-16,Thailand,Phuket Island,36
2023-06-16,Thailand,Wattana,33
2023-06-16,Thailand,Bang Lamung,19
2023-06-16,Thailand,Phaya Thai,7
2023-02-25,Thailand,Phuket Island,58
2023-05-09,Thailand,Mueang Krabi,8
2023-10-20,Thailand,Phaya Thai,7
2023-10-20,Thailand,Koh Si Chang,1
2023-10-20,Thailand,Muang Surat Thani,1
2023-02-25,Thailand,Lat Krabang,2
2023-01-04,Thailand,Phuket Island,10
2023-01-08,Thailand,Muang Chiang Mai,13
2023-07-26,Thailand,Ko Phangan,4
2023-07-26,Thailand,Takua Pa,8
2023-02-14,Thailand,Bang Lamung,46
2023-02-14,Thailand,Lak Si,1
2023-10-31,Thailand,San Sai,3
2023-10-31,Thailand,Rat Burana,1
2023-06-04,Thailand,Khlong San,12
2023-07-11,Thailand,Muang Satun,12
2023-07-11,Thailand,Huai Kwang,6
2023-07-11,Thailand,Takua Pa,5
2023-03-20,Thailand,Phaya Thai,7
2023-03-20,Thailand,Khlong San,27
2023-07-10,Thailand,Phuttha Mon Thon,1
2023-07-25,Thailand,Bang Plad,9
2023-02-13,Thailand,Phuket Island,33
2023-02-13,Thailand,Hat Yai,9
2023-08-31,Thailand,Khlong San,11
2023-04-25,Thailand,Muang Phitsanulok,4
2023-08-01,Thailand,Chom Thong,2
2023-08-01,Thailand,Thawi Wattana,3
2023-10-03,Thailand,Hua Hin,13
2023-03-04,Thailand,Lak Si,1
2023-08-15,Thailand,Khan Na Yao,1
2023-08-29,Thailand,Cha-Am,8
2023-03-03,Thailand,Huai Kwang,4
2023-04-24,Thailand,Thon Buri,1
2023-10-04,Thailand,Phra Nakhon,9
2023-10-04,Thailand,Muang Chiang Rai,2
2023-10-18,Thailand,Ban Chang,2
2023-10-18,Thailand,Pak Chong,1
2023-05-30,Thailand,Muang Nonthaburi,1
2023-07-07,Thailand,Takua Pa,9
2023-08-14,Thailand,Hua Hin,8
2023-08-14,Thailand,Muang Kanchanaburi,2
2023-08-14,Thailand,Pak Chong,1
2023-08-28,Thailand,Hat Yai,9
2023-03-02,Thailand,Prawet,1
2023-09-10,Thailand,Muang Surat Thani,1
2023-09-10,Thailand,Khan Na Yao,1
2023-10-19,Thailand,Khlong Luang,2
2023-04-23,Thailand,Si Racha,1
2023-11-11,Thailand,Ko Samui,5
2023-11-11,Thailand,Pathum Wan,17
2023-03-06,Thailand,Sathorn,10
2023-08-03,Thailand,Chatuchak,24
2023-08-03,Thailand,Bang Khae,4
2023-10-01,Thailand,Prawet,2
2023-10-01,Thailand,Sathorn,2
2023-10-01,Thailand,Mueang Krabi,36
2023-10-01,Thailand,Muang Surat Thani,1
2023-10-16,Thailand,Aranyaprathet,1
2023-03-05,Thailand,Huai Kwang,6
2023-03-05,Thailand,Yannawa,1
2023-03-19,Thailand,Bang Plad,1
2023-10-02,Thailand,Cha-Am,9
2023-10-02,Thailand,K. Ko Kut,2
2023-10-02,Thailand,K. Ko Chang,7
2023-04-26,Thailand,Muang Nakhon Phanom,1
2023-09-23,Thailand,Muang Songkhla,1
2023-08-16,Thailand,Pak Chong,2
2023-08-16,Thailand,Muang Surat Thani,1
2023-07-09,Thailand,Ratchathewi,149
2023-07-09,Thailand,Bangkok Noi,1
2023-07-09,Thailand,Bang Lamung,18
2023-07-09,Thailand,Muang Samut Prakan,1
2023-10-27,Thailand,Ko Samui,4
2023-10-13,Thailand,Muang Rayong,2
2023-10-13,Thailand,K. Ko Chang,3
2023-10-13,Thailand,Muang Songkhla,2
2023-10-13,Thailand,Muang Khon Kaen,1
2023-02-07,Thailand,Mueang Krabi,2
2023-08-11,Thailand,Hat Yai,7
2023-08-11,Thailand,Muang Chiang Rai,3
2023-08-11,Thailand,Lat Krabang,5
2023-08-25,Thailand,Samphantawong,5
2023-04-20,Thailand,Klaeng,5
2023-07-18,Thailand,Mae Rim,3
2023-03-27,Thailand,Khlong Luang,2
2023-02-06,Thailand,Pattaya,23
2023-02-06,Thailand,Sawankhalok,1
2023-08-10,Thailand,Khlong San,7
2023-08-10,Thailand,Phra Khanong,2
2023-03-13,Thailand,Phra Nakhon,3
2023-07-03,Thailand,Pathum Wan,10
2023-10-28,Thailand,Sathorn,1
2023-10-28,Thailand,Bang Plee,2
2023-10-28,Thailand,Suan Luang,2
2023-07-03,Thailand,Hua Hin,7
2023-10-28,Thailand,Don Muang,6
2023-10-14,Thailand,Sadao,1
2023-03-12,Thailand,Muang Chiang Mai,9
2023-10-25,Thailand,Pak Chong,7
2023-10-25,Thailand,Muang Ubon Ratchatani,4
2023-09-20,Thailand,Hua Hin,14
2023-09-20,Thailand,Takua Pa,13
2023-09-20,Thailand,Bang Kapi,7
2023-10-11,Thailand,Phuket Island,37
2023-08-27,Thailand,Pak Chong,1
2023-08-13,Thailand,Si Racha,4
2023-08-13,Thailand,Don Muang,2
2023-03-01,Thailand,Cha-Am,14
2023-07-06,Thailand,Cha-Am,13
2023-07-06,Thailand,Pak Chong,1
2023-07-06,Thailand,Ko Phangan,1
2023-07-06,Thailand,Samphantawong,3
2023-08-12,Thailand,Din Dang,12
2023-08-12,Thailand,Bang Lamung,16
2023-04-22,Thailand,Takua Pa,1
2023-04-22,Thailand,Bang Kho Laem,1
2023-08-26,Thailand,Dusit,5
2023-04-21,Thailand,Muang Nonthaburi,2
2023-04-21,Thailand,Pak Kret,6
2023-10-12,Thailand,Ban Chang,2
2023-10-12,Thailand,Muang Ubon Ratchatani,2
2023-07-19,Thailand,Pathum Wan,16
2023-07-19,Thailand,Ban Dung,1
2023-07-19,Thailand,Lak Si,2
2023-07-05,Thailand,Min Buri,2
2023-03-14,Thailand,Ko Samui,2
2023-04-05,Thailand,Muang Phitsanulok,1
2023-11-04,Thailand,Ko Samui,9
2023-09-02,Thailand,Muang Surat Thani,1
2023-11-19,Thailand,Wattana,19
2023-01-21,Thailand,Mueang Krabi,2
2023-11-19,Thailand,Sadao,2
2023-11-19,Thailand,Muang Chiang Rai,1
2023-04-19,Thailand,Thawi Wattana,1
2023-09-16,Thailand,Phra Nakhon,13
2023-09-16,Thailand,Hua Hin,21
2023-08-09,Thailand,Pattaya,81
2023-08-09,Thailand,Chatuchak,19
2023-05-26,Thailand,Bang Plad,1
2023-04-04,Thailand,Khlong San,10
2023-01-20,Thailand,Wang Thonglang,1
2023-09-15,Thailand,Hua Hin,13
2023-11-16,Thailand,Muang Chiang Mai,19
2023-11-16,Thailand,Muang Nonthaburi,4
2023-09-29,Thailand,Suan Luang,1
2023-09-29,Thailand,Chatuchak,6
2023-11-05,Thailand,Lat Phrao,3
2023-08-08,Thailand,Phra Khanong,1
2023-08-08,Thailand,Sikhiu,1
2023-09-29,Thailand,Thon Buri,3
2023-09-04,Thailand,Muang Chiang Mai,6
2023-09-04,Thailand,Pattaya,153
2023-11-03,Thailand,Wattana,36
2023-01-23,Thailand,Ratchathewi,46
2023-01-23,Thailand,Bang Plee,1
2023-11-17,Thailand,Pak Chong,5
2023-11-17,Thailand,Muang Songkhla,1
2023-11-17,Thailand,K. Bang Sao Thon,14
2023-01-22,Thailand,Ratchathewi,39
2023-11-18,Thailand,Lak Si,1
2023-11-18,Thailand,Hat Yai,6
2023-09-17,Thailand,Pak Chong,2
2023-05-14,Thailand,Si Racha,1
2023-05-27,Thailand,Aranyaprathet,2
2023-11-14,Thailand,Thon Buri,1
2023-04-15,Thailand,K. Bang Sao Thon,2
2023-04-15,Thailand,Lak Si,1
2023-04-06,Thailand,Phra Nakhon,5
2023-04-06,Thailand,Wattana,22
2023-04-06,Thailand,Mueang Krabi,6
2023-04-06,Thailand,Bang Rak,25
2023-04-06,Thailand,Si Racha,1
2023-10-07,Thailand,Pathum Wan,8
2023-05-21,Thailand,Phra Khanong,5
2023-11-01,Thailand,Phuket Island,91
2023-11-01,Thailand,Thon Buri,1
2023-11-01,Thailand,Ko Samui,8
2023-10-08,Thailand,Khlong Toey,18
2023-10-08,Thailand,Ko Yao District,1
2023-09-26,Thailand,Pak Chong,1
2023-09-26,Thailand,K. Bang Sao Thon,8
2023-08-05,Thailand,Muang Chiang Mai,8
2023-01-31,Thailand,Bang Na,1
2023-09-11,Thailand,Suan Luang,7
2023-09-11,Thailand,Cha-Am,3
2023-04-28,Thailand,Phra Khanong,5
2023-09-12,Thailand,Pathum Wan,18
2023-09-12,Thailand,Bangkok Noi,2
2023-09-12,Thailand,Ko Yao District,3
2023-11-15,Thailand,Sikhiu,2
2023-03-07,Thailand,Mueang Krabi,4
2023-08-18,Thailand,Ratchathewi,123
2023-08-18,Thailand,Wattana,18
2023-08-18,Thailand,Bang Kho Laem,1
2023-04-13,Thailand,Khlong San,25
2023-04-13,Thailand,Pak Kret,10
2023-04-13,Thailand,Chatuchak,3
2023-04-13,Thailand,Sattahip,1
2023-10-09,Thailand,Pak Kret,4
2023-11-13,Thailand,Pak Chong,3
2023-11-13,Thailand,Pran Buri,1
2023-10-06,Thailand,Muang Nonthaburi,2
2023-08-07,Thailand,Pathum Wan,17
2023-08-07,Thailand,Khlong San,3
2023-05-24,Thailand,Muang Rayong,1
2023-05-24,Thailand,K. Ko Kut,1
2023-04-16,Thailand,Phuket Island,31
2023-04-16,Thailand,Khlong San,6
2023-06-13,Thailand,Hat Yai,5
2023-09-27,Thailand,Phuttha Mon Thon,1
2023-10-05,Thailand,Muang Songkhla,3
2023-06-13,Thailand,Phra Nakhon,9
2023-06-13,Thailand,Muang Phitsanulok,1
2023-06-13,Thailand,Ko Yao District,1
2023-06-13,Thailand,Muang Nonthaburi,6
2023-03-09,Thailand,Bang Lamung,16
2023-11-12,Thailand,Pattaya,101
2023-11-12,Thailand,Phra Khanong,6
2023-08-06,Thailand,Khlong San,6
2023-05-06,Thailand,Wattana,28
2023-05-06,Thailand,Muang Nonthaburi,4
2023-04-01,Thailand,Hua Hin,9
2023-04-02,Thailand,Krathum Baen,1
2023-06-27,Thailand,Khlong Toey,12
2023-06-27,Thailand,Phra Khanong,4
2023-02-21,Thailand,Muang Khon Kaen,3
2023-06-01,Thailand,Pathum Wan,21
2023-06-01,Thailand,K. Bang Sao Thon,4
2023-06-11,Thailand,Khlong San,3
2023-10-30,Thailand,Muang Songkhla,3
2023-10-30,Thailand,Muang Nakhon Ratchasima,1
2023-02-10,Thailand,Sattahip,1
2023-06-29,Thailand,Phuket Island,28
2023-05-19,Thailand,Thap Sakae,1
2023-05-08,Thailand,Bang Plad,1
2023-01-15,Thailand,Pathum Wan,5
2023-06-14,Thailand,Pattaya,94
2023-04-09,Thailand,Khlong Toey,16
2023-06-26,Thailand,Lam Luk Ka,1
2023-06-28,Thailand,Sathorn,1
2023-05-02,Thailand,Muang Khon Kaen,2
2023-03-30,Thailand,Pak Kret,1
2023-01-03,Thailand,Ratchathewi,81
2023-01-03,Thailand,Bang Khen,1
2023-01-03,Thailand,Pathum Wan,3
2023-06-23,Thailand,Hua Hin,4
2023-04-08,Thailand,Muang Rayong,1
2023-04-08,Thailand,Khlong Luang,1
2023-04-08,Thailand,Bang Plee,2
2023-09-09,Thailand,Khlong Toey,22
2023-09-09,Thailand,Ko Samui,9
2023-09-09,Thailand,Wattana,13
2023-01-10,Thailand,Thon Buri,1
2023-05-16,Thailand,Phuket Island,27
2023-01-16,Thailand,Muang Chiang Mai,3
2023-01-25,Thailand,Bang Kapi,2
2023-02-24,Thailand,Muang Nonthaburi,7
2023-07-21,Thailand,Wang Thonglang,2
2023-01-13,Thailand,Hua Hin,4
2023-05-18,Thailand,Pattaya,70
2023-05-18,Thailand,Cha-Am,1
2023-05-18,Thailand,Hua Hin,4
2023-11-07,Thailand,Bangkok Noi,1
2023-06-21,Thailand,Bang Plad,2
2023-06-21,Thailand,Muang Satun,7
2023-06-21,Thailand,Muang Nonthaburi,4
2023-11-06,Thailand,Bang Lamung,8
2023-11-06,Thailand,Mueang Krabi,35
2023-06-25,Thailand,Lat Krabang,2
2023-05-17,Thailand,Muang Nonthaburi,1
2023-09-08,Thailand,Lat Phrao,3
2023-09-08,Thailand,Ko Phangan,2
2023-07-31,Thailand,Din Dang,5
2023-07-31,Thailand,K. Bang Sao Thon,4
2023-09-07,Thailand,Lat Phrao,4
2023-09-07,Thailand,Suan Phung,1
2023-05-03,Thailand,Muang Surat Thani,1
2023-05-03,Thailand,Muang Nonthaburi,3
2023-11-08,Thailand,Sathorn,1
2023-11-08,Thailand,Suan Luang,1
2023-11-08,Thailand,Muang Nakhon Ratchasima,1
2023-02-17,Thailand,Muang Rayong,3
2023-02-17,Thailand,Bang Lamung,5
2023-08-21,Thailand,Muang Chiang Mai,6
2023-08-21,Thailand,Phra Nakhon,4
2023-07-14,Thailand,Bang Khun Thian,1
2023-07-14,Thailand,Dusit,2
2023-04-30,Thailand,Pattaya,43
2023-04-30,Thailand,Muang Rayong,10
2023-10-23,Thailand,K. Bang Sao Thon,3
2023-10-23,Thailand,Muang Ubon Ratchatani,1
2023-06-07,Thailand,Bang Rak,27
2023-06-07,Thailand,Chatuchak,2
2023-06-07,Thailand,Mueang Krabi,10
2023-07-28,Thailand,Phra Nakhon,11
2023-07-28,Thailand,Mae Rim,3
2023-02-02,Thailand,Muang Phangnga,1
2023-02-02,Thailand,Pran Buri,1
2023-02-16,Thailand,Ratchathewi,73
2023-07-13,Thailand,Samphantawong,1
2023-07-13,Thailand,Mueang Krabi,25
2023-07-13,Thailand,Wang Thonglang,4
2023-02-01,Thailand,Ratchathewi,55
2023-02-01,Thailand,Bang Plad,1
2023-02-01,Thailand,Muang Buri Ram,1
2023-03-22,Thailand,Pom Pram Sattru,1
2023-03-22,Thailand,Cha-Am,1
2023-03-22,Thailand,Yannawa,1
2023-06-06,Thailand,Din Dang,1
2023-07-27,Thailand,Takua Pa,5
2023-10-10,Thailand,K. Ko Kut,2
2023-10-10,Thailand,Bang Saphan,1
2023-10-10,Thailand,Cha-Am,1
2023-10-10,Thailand,Takua Pa,8
2023-10-10,Thailand,Bangkok Noi,4
2023-07-02,Thailand,Wang Chan,1
2023-03-26,Thailand,Phaya Thai,9
2023-03-26,Thailand,Muang Chiang Mai,3
2023-02-19,Thailand,Phra Nakhon Si Ayutthaya,1
2023-02-19,Thailand,Bang Plee,2
2023-07-16,Thailand,Phuttha Mon Thon,2
2023-02-04,Thailand,Khlong Toey,9
2023-06-09,Thailand,Khlong Luang,3
2023-08-22,Thailand,Phuket Island,25
2023-08-22,Thailand,Huai Kwang,10
2023-07-15,Thailand,Ko Samui,4
2023-02-18,Thailand,Takua Pa,1
2023-07-01,Thailand,Cha-Am,12
2023-07-01,Thailand,Lam Luk Ka,1
2023-07-15,Thailand,Mae Sot,1
2023-10-22,Thailand,Khlong San,7
2023-07-29,Thailand,Ratchathewi,104
2023-07-29,Thailand,Khlong Toey,13
2023-07-29,Thailand,Muang Satun,8
2023-07-29,Thailand,Huai Kwang,4
2023-07-29,Thailand,Lat Krabang,2
2023-03-10,Thailand,Pathum Wan,19
2023-03-10,Thailand,Lam Luk Ka,2
2023-03-24,Thailand,Phaya Thai,8
2023-03-24,Thailand,Pattaya,77
2023-02-03,Thailand,Khlong Luang,1
2023-02-27,Thailand,Bang Plad,1
2023-07-24,Thailand,Bang Lamung,69
2023-06-03,Thailand,Hua Hin,5
2023-06-03,Thailand,Muang Khon Kaen,1
2023-02-12,Thailand,Phra Khanong,3
2023-06-17,Thailand,Pak Chong,2
2023-06-17,Thailand,Phra Khanong,1
2023-01-05,Thailand,Huai Kwang,3
2023-08-30,Thailand,Mueang Krabi,30
2023-08-30,Thailand,Muang Chiang Mai,7
2023-07-23,Thailand,Pak Kret,1
2023-07-23,Thailand,Pak Chong,10
2023-06-02,Thailand,Samphantawong,2
2023-06-02,Thailand,Huai Kwang,2
2023-06-02,Thailand,Muang Nakhon Pathom,3
2023-06-02,Thailand,Yannawa,1
2023-02-11,Thailand,Din Dang,1
2023-02-11,Thailand,Sattahip,2
2023-02-11,Thailand,Prawet,1
2023-10-20,Thailand,Pattaya,102
2023-10-20,Thailand,Thungkru,1
2023-06-05,Thailand,Muang Chiang Mai,4
2023-01-08,Thailand,Khlong San,6
2023-01-08,Thailand,Muang Chiang Rai,1
2023-07-26,Thailand,Hua Hin,20
2023-06-19,Thailand,Lat Krabang,8
2023-02-14,Thailand,Takua Pa,1
2023-03-21,Thailand,Wattana,17
2023-03-21,Thailand,Muang Chon Buri,1
2023-03-21,Thailand,Pom Pram Sattru,2
2023-02-14,Thailand,Don Muang,1
2023-02-28,Thailand,Ratchathewi,113
2023-02-28,Thailand,Muang Nakhon Pathom,5
2023-02-28,Thailand,Muang Khon Kaen,2
2023-01-07,Thailand,Phra Nakhon,1
2023-07-11,Thailand,Pathum Wan,5
2023-07-11,Thailand,Hua Hin,17
2023-07-11,Thailand,Sathorn,2
2023-03-20,Thailand,Pattaya,17
2023-03-20,Thailand,Muang Khon Kaen,2
2023-06-18,Thailand,Bang Khun Thian,1
2023-06-18,Thailand,Muang Satun,6
2023-06-18,Thailand,Phra Khanong,1
2023-06-18,Thailand,Phra Nakhon,9
2023-07-10,Thailand,Min Buri,11
2023-07-25,Thailand,Min Buri,1
2023-07-25,Thailand,Takua Pa,5
2023-04-25,Thailand,Muang Surat Thani,1
2023-10-17,Thailand,Mae Rim,1
2023-08-01,Thailand,Thungkru,4
2023-08-01,Thailand,Muang Phitsanulok,1
2023-09-22,Thailand,K. Ko Chang,2
2023-03-18,Thailand,Pathum Wan,2
2023-08-15,Thailand,Muang Chiang Rai,2
2023-08-15,Thailand,Muang Kanchanaburi,1
2023-08-29,Thailand,Ratchathewi,161
2023-08-29,Thailand,Muang Chiang Mai,12
2023-05-31,Thailand,Bang Plee,1
2023-07-08,Thailand,Khlong San,9
2023-07-08,Thailand,Hat Yai,7
2023-07-08,Thailand,Aranyaprathet,1
2023-04-10,Thailand,Cha-Am,3
2023-09-21,Thailand,Hua Hin,27
2023-09-21,Thailand,Muang Khon Kaen,1
2023-10-04,Thailand,Mae Rim,4
2023-10-04,Thailand,Huai Kwang,7
2023-10-18,Thailand,Samphantawong,4
2023-08-28,Thailand,Pattaya,91
2023-09-10,Thailand,Khlong San,12
2023-10-19,Thailand,Hua Hin,9
2023-04-23,Thailand,Hat Yai,2
2023-04-23,Thailand,Ko Samui,5
2023-11-11,Thailand,Yannawa,1
2023-11-11,Thailand,Wang Thonglang,5
2023-04-27,Thailand,Phuket Island,31
2023-04-27,Thailand,Muang Chiang Mai,4
2023-03-06,Thailand,Lat Krabang,2
2023-08-03,Thailand,Khlong San,7
2023-10-01,Thailand,Takua Pa,6
2023-09-24,Thailand,Sadao,1
2023-10-16,Thailand,K. Ko Kut,2
2023-03-05,Thailand,Khlong Toey,31
2023-03-05,Thailand,Phuttha Mon Thon,1
2023-03-19,Thailand,Muang Phitsanulok,1
2023-03-19,Thailand,K. Ko Kut,1
2023-10-02,Thailand,Muang Chiang Rai,3
2023-08-02,Thailand,Takua Pa,2
2023-04-26,Thailand,Bang Bo,1
2023-09-23,Thailand,Khlong San,15
2023-08-16,Thailand,Yannawa,1
2023-08-02,Thailand,Pathum Wan,10
2023-07-09,Thailand,Ko Samui,1
2023-10-27,Thailand,Ao Luk,1
2023-04-11,Thailand,Samphantawong,3
2023-08-11,Thailand,Phaya Thai,4
2023-08-11,Thailand,Hua Hin,12
2023-07-04,Thailand,Dusit,1
2023-04-20,Thailand,Cha-Am,1
2023-03-28,Thailand,Ratchathewi,136
2023-07-18,Thailand,Bangkok Noi,5
2023-07-18,Thailand,Pathum Wan,12
2023-11-20,Thailand,Bang Plee,3
2023-11-20,Thailand,Huai Kwang,11
2023-11-20,Thailand,Ko Phangan,3
2023-11-20,Thailand,Mueang Krabi,26
2023-03-27,Thailand,K. Ko Kut,2
2023-03-27,Thailand,Bang Plee,3
2023-08-10,Thailand,Bang Rak,43
2023-03-13,Thailand,Mueang Krabi,2
2023-10-28,Thailand,Pak Kret,1
2023-07-03,Thailand,Muang Khon Kaen,6
2023-10-28,Thailand,Din Dang,9
2023-10-14,Thailand,Prawet,4
2023-10-14,Thailand,Muang Ubon Ratchatani,3
2023-08-24,Thailand,Mueang Krabi,27
2023-08-24,Thailand,Muang Chon Buri,1
2023-08-24,Thailand,Phra Nakhon,7
2023-07-17,Thailand,Prawet,1
2023-03-12,Thailand,Ko Lanta,2
2023-03-12,Thailand,Min Buri,1
2023-11-21,Thailand,Bang Plee,1
2023-03-16,Thailand,Bang Kapi,1
2023-03-16,Thailand,Suan Luang,2
2023-10-25,Thailand,Huai Kwang,8
2023-10-25,Thailand,Phaya Thai,5
2023-09-30,Thailand,Suan Luang,1
2023-10-11,Thailand,Hat Yai,5
2023-10-11,Thailand,Thawi Wattana,2
2023-10-11,Thailand,Pak Kret,1
2023-08-27,Thailand,Hua Hin,20
2023-08-27,Thailand,Pattaya,92
2023-08-27,Thailand,Bang Khun Thian,1
2023-08-13,Thailand,Bang Plee,1
2023-03-01,Thailand,Hua Hin,3
2023-10-26,Thailand,Pattaya,110
2023-10-26,Thailand,Din Dang,12
2023-10-26,Thailand,Phra Khanong,8
2023-03-15,Thailand,Hat Yai,7
2023-03-15,Thailand,Bang Na,1
2023-08-12,Thailand,Phra Nakhon,3
2023-04-22,Thailand,Ko Samui,3
2023-03-29,Thailand,Khlong Toey,22
2023-02-08,Thailand,Khlong Toey,5
2023-08-26,Thailand,Samphantawong,4
2023-10-12,Thailand,Bang Rak,25
2023-07-19,Thailand,Bang Plee,19
2023-07-05,Thailand,Klaeng,1
2023-07-05,Thailand,Suan Luang,3
2023-03-14,Thailand,Pathum Wan,9
2023-04-05,Thailand,Min Buri,1
2023-11-04,Thailand,Muang Ubon Ratchatani,1
2023-09-02,Thailand,Phra Khanong,11
2023-09-02,Thailand,Bangkok Noi,1
2023-09-02,Thailand,Bang Lamung,16
2023-09-02,Thailand,Bang Bua Thong,1
2023-09-16,Thailand,Ko Samui,4
2023-08-09,Thailand,Hua Hin,9
2023-08-09,Thailand,Bang Rak,56
2023-05-26,Thailand,Thon Buri,1
2023-05-11,Thailand,Bang Rak,50
2023-09-01,Thailand,Ratchathewi,135
2023-09-01,Thailand,Samphantawong,5
2023-04-18,Thailand,Khlong San,7
2023-04-18,Thailand,K. Ko Kut,1
2023-04-18,Thailand,Muang Khon Kaen,2
2023-11-16,Thailand,Pak Chong,4
2023-09-29,Thailand,Samphantawong,5
2023-09-29,Thailand,Muang Surat Thani,1
2023-11-05,Thailand,Prawet,1
2023-08-08,Thailand,Huai Kwang,4
2023-11-02,Thailand,Lat Phrao,5
2023-11-02,Thailand,Hua Hin,15
2023-11-02,Thailand,Ko Lanta,5
2023-06-20,Thailand,Pattaya,73
2023-09-04,Thailand,Mueang Krabi,37
2023-09-04,Thailand,San Sai,1
2023-11-03,Thailand,Bang Plee,1
2023-11-03,Thailand,Wang Thonglang,1
2023-09-18,Thailand,Suan Luang,3
2023-11-17,Thailand,Hua Hin,8
2023-01-22,Thailand,Don Muang,2
2023-11-18,Thailand,Ko Samui,5
2023-11-18,Thailand,Bang Kapi,2
2023-11-18,Thailand,Don Muang,6
2023-09-17,Thailand,Phaya Thai,8
2023-05-13,Thailand,Chatuchak,4
2023-05-14,Thailand,Huai Kwang,4
2023-09-19,Thailand,Mae Rim,1
2023-09-19,Thailand,Ko Phangan,3
2023-09-19,Thailand,Samphantawong,3
2023-05-27,Thailand,Muang Chon Buri,3
2023-09-03,Thailand,Muang Satun,25
2023-09-03,Thailand,Huai Kwang,4
2023-09-03,Thailand,Klaeng,1
2023-05-12,Thailand,Muang Kanchanaburi,2
2023-11-14,Thailand,Bang Plee,7
2023-11-14,Thailand,Bang Kho Laem,2
2023-11-14,Thailand,Muang Ubon Ratchatani,1
2023-09-17,Thailand,Bang Plee,1
2023-04-06,Thailand,Muang Nonthaburi,3
2023-10-07,Thailand,Hat Yai,5
2023-10-07,Thailand,Thon Buri,2
2023-10-07,Thailand,Phra Khanong,14
2023-05-21,Thailand,Din Dang,2
2023-05-21,Thailand,Don Muang,4
2023-11-01,Thailand,Sikhiu,1
2023-10-08,Thailand,Muang Songkhla,1
2023-10-08,Thailand,Muang Chiang Rai,2
2023-09-26,Thailand,Muang Chiang Rai,2
2023-04-14,Thailand,Phaya Thai,6
2023-08-05,Thailand,Phuttha Mon Thon,1
2023-01-31,Thailand,Phra Khanong,2
2023-09-11,Thailand,Phuket Island,38
2023-05-20,Thailand,Muang Nakhon Ratchasima,1
2023-05-20,Thailand,Chatuchak,11
2023-05-20,Thailand,Muang Chiang Rai,1
2023-04-28,Thailand,Ko Samui,5
2023-04-28,Thailand,Muang Nonthaburi,6
2023-09-12,Thailand,Huai Kwang,12
2023-11-15,Thailand,Phra Khanong,23
2023-03-07,Thailand,Sattahip,5
2023-08-04,Thailand,Ko Phangan,2
2023-08-04,Thailand,Takua Pa,3
2023-08-18,Thailand,Phaya Thai,4
2023-08-18,Thailand,Muang Rayong,1
2023-08-18,Thailand,Muang Phitsanulok,1
2023-08-18,Thailand,K. Bang Sao Thon,2
2023-09-25,Thailand,Dusit,3
2023-09-25,Thailand,Wattana,22
2023-10-09,Thailand,K. Ko Chang,9
2023-10-09,Thailand,Phuket Island,33
2023-10-09,Thailand,K. Bang Sao Thon,6
2023-09-14,Thailand,Phaya Thai,10
2023-09-28,Thailand,Ko Samui,3
2023-09-28,Thailand,Don Muang,2
2023-10-06,Thailand,Ban Chang,3
2023-09-14,Thailand,Muang Nonthaburi,1
2023-04-03,Thailand,Samphantawong,5
2023-09-27,Thailand,Phaya Thai,5
2023-09-27,Thailand,Muang Chiang Rai,4
2023-10-05,Thailand,Lat Krabang,5
2023-04-01,Thailand,Ko Phangan,1
2023-03-09,Thailand,Don Muang,1
2023-03-09,Thailand,Hua Hin,6
2023-03-09,Thailand,Lat Krabang,1
2023-05-22,Thailand,Pattaya,48
2023-11-12,Thailand,Bang Rak,45
2023-11-12,Thailand,Bang Lamung,8
2023-01-01,Thailand,Bang Plad,3
2023-01-01,Thailand,Wattana,4
2023-01-01,Thailand,Huai Kwang,3
2023-02-22,Thailand,Hat Yai,2
2023-08-06,Thailand,Bang Kho Laem,1
2023-05-06,Thailand,Phra Khanong,1
2023-05-06,Thailand,Pattaya,15
2023-09-13,Thailand,Hat Yai,7
2023-09-13,Thailand,Prawet,1
2023-04-01,Thailand,Phaya Thai,10
2023-04-01,Thailand,Muang Chiang Rai,4
2023-05-22,Thailand,Suan Luang,1
2023-04-02,Thailand,Ratchathewi,111
2023-05-05,Thailand,Don Muang,1
2023-05-05,Thailand,Khlong Toey,18
2023-06-01,Thailand,Hua Hin,5
2023-06-01,Thailand,Bang Kapi,1
2023-02-10,Thailand,Muang Chiang Mai,8
2023-01-29,Thailand,Phra Nakhon,3
2023-05-19,Thailand,Bang Plad,2
2023-07-22,Thailand,Ko Samui,3
2023-07-22,Thailand,Klaeng,4
2023-03-31,Thailand,Phra Nakhon,7
2023-03-31,Thailand,Muang Khon Kaen,3
2023-03-31,Thailand,Bang Plad,1
2023-03-31,Thailand,Chatuchak,6
2023-06-29,Thailand,Bang Rak,32
2023-06-29,Thailand,Muang Nakhon Pathom,7
2023-05-19,Thailand,Takua Pa,2
2023-01-15,Thailand,Phra Khanong,1
2023-01-17,Thailand,Muang Rayong,1
2023-06-12,Thailand,Mae Rim,1
2023-06-14,Thailand,Wattana,42
2023-04-09,Thailand,Lak Si,1
2023-04-09,Thailand,Don Muang,4
2023-04-09,Thailand,Mueang Krabi,2
2023-04-09,Thailand,Takua Thung,1
2023-05-02,Thailand,Chatuchak,1
2023-05-02,Thailand,Prawet,1
2023-07-20,Thailand,Samphantawong,1
2023-03-30,Thailand,Phuket Island,36
2023-03-30,Thailand,Muang Satun,1
2023-01-03,Thailand,Khlong San,11
2023-06-23,Thailand,Pom Pram Sattru,1
2023-04-08,Thailand,Pattaya,21
2023-11-09,Thailand,Hua Hin,4
2023-11-09,Thailand,Pak Chong,8
2023-01-24,Thailand,Khlong Toey,9
2023-01-24,Thailand,Lat Krabang,2
2023-05-15,Thailand,Khlong San,8
2023-05-15,Thailand,Sathorn,4
2023-09-09,Thailand,Muang Samut Prakan,1
2023-09-06,Thailand,Wattana,26
2023-07-21,Thailand,Hua Hin,16
2023-05-01,Thailand,Bang Plee,1
2023-09-05,Thailand,Phra Khanong,20
2023-09-05,Thailand,Samphantawong,4
2023-09-05,Thailand,Muang Kanchanaburi,2
2023-09-05,Thailand,Pong Nam Ron,2
2023-01-13,Thailand,Ratchathewi,48
2023-01-13,Thailand,Huai Kwang,12
2023-01-13,Thailand,Muang Buri Ram,6
2023-01-28,Thailand,Din Dang,2
2023-11-07,Thailand,Din Dang,3
2023-11-07,Thailand,Ban Chang,2
2023-02-20,Thailand,Aranyaprathet,2
2023-02-20,Thailand,Bang Rak,12
2023-02-20,Thailand,Muang Chiang Rai,5
2023-05-04,Thailand,Wattana,18
2023-06-21,Thailand,Pak Chong,1
2023-06-21,Thailand,Suan Luang,2
2023-11-06,Thailand,Pattaya,102
2023-11-06,Thailand,Muang Chon Buri,2
2023-06-24,Thailand,Khlong Toey,9
2023-01-27,Thailand,Thon Buri,2
2023-01-26,Thailand,Bang Rak,17
2023-01-26,Thailand,Pattaya,27
2023-06-25,Thailand,Samphantawong,3
2023-05-17,Thailand,Bang Plee,1
2023-09-08,Thailand,Lak Si,2
2023-09-08,Thailand,Takua Pa,1
2023-07-31,Thailand,Samphantawong,4
2023-07-31,Thailand,Bang Plee,22
2023-07-30,Thailand,Phaya Thai,11
2023-07-30,Thailand,Muang Chiang Mai,11
2023-11-08,Thailand,Bang Kapi,5
2023-11-08,Thailand,Muang Chai Nat,1
2023-02-17,Thailand,Din Dang,1
2023-02-17,Thailand,Hat Yai,5
2023-02-17,Thailand,Min Buri,1
2023-08-21,Thailand,Bangkok Noi,1
2023-06-07,Thailand,Khlong Toey,17
2023-07-28,Thailand,Hua Hin,17
2023-02-02,Thailand,Muang Nonthaburi,3
2023-03-23,Thailand,Pom Pram Sattru,2
2023-10-24,Thailand,Sathorn,2
2023-10-24,Thailand,Khlong Luang,1
2023-07-13,Thailand,Bang Lamung,24
2023-02-01,Thailand,Pathum Wan,10
2023-07-27,Thailand,Bangkok Noi,1
2023-07-27,Thailand,Si Racha,3
2023-10-10,Thailand,Phuket Island,54
2023-10-10,Thailand,Lat Phrao,1
2023-08-23,Thailand,Lak Si,1
2023-03-26,Thailand,Thawi Wattana,3
2023-03-26,Thailand,K. Ko Kut,1
2023-03-11,Thailand,Si Racha,2
2023-03-11,Thailand,Phra Khanong,1
2023-07-16,Thailand,Don Muang,2
2023-07-16,Thailand,Bang Rak,34
2023-07-16,Thailand,Ko Samui,4
2023-07-16,Thailand,Khan Na Yao,1
2023-10-21,Thailand,Khlong San,9
2023-10-21,Thailand,Huai Kwang,5
2023-03-25,Thailand,Don Muang,2
2023-10-21,Thailand,Thai Muang,1
2023-08-22,Thailand,Lat Krabang,13
2023-08-22,Thailand,Pak Kret,2
2023-07-15,Thailand,Prawet,2
2023-07-15,Thailand,Wang Thonglang,2
2023-10-22,Thailand,Muang Chiang Mai,27
2023-03-10,Thailand,Khlong Toey,33
2023-03-10,Thailand,Muang Chiang Rai,4
2023-06-08,Thailand,Muang Phangnga,1
2023-02-03,Thailand,Yannawa,1
2023-02-27,Thailand,Muang Kanchanaburi,1
2023-02-27,Thailand,Phra Khanong,4
2023-02-27,Thailand,Lak Si,4
2023-02-27,Thailand,Takua Pa,1
2023-07-24,Thailand,Takua Pa,5
2023-06-03,Thailand,Phuket Island,21
2023-06-03,Thailand,Sikhiu,1
2023-02-12,Thailand,Ratchathewi,83
2023-02-12,Thailand,Huai Kwang,6
2023-06-17,Thailand,Bang Kapi,2
2023-02-26,Thailand,Muang Chiang Mai,5
2023-02-26,Thailand,Muang Khon Kaen,3
2023-08-30,Thailand,Muang Satun,11
2023-08-30,Thailand,Muang Nonthaburi,1
2023-07-23,Thailand,Bang Plad,5
2023-07-23,Thailand,Don Muang,1
2023-07-23,Thailand,Muang Nonthaburi,4
2023-06-02,Thailand,Sathorn,3
2023-06-16,Thailand,Ko Yao District,1
2023-05-09,Thailand,Khlong Toey,33
2023-05-09,Thailand,Muang Nonthaburi,6
2023-07-12,Thailand,Ratchathewi,133
2023-01-04,Thailand,Pattaya,8
2023-06-19,Thailand,Don Muang,1
2023-07-26,Thailand,K. Sam Roi Yot,1
2023-10-31,Thailand,Hua Hin,18
2023-10-31,Thailand,Thai Muang,1
2023-07-11,Thailand,Lat Krabang,10
2023-07-11,Thailand,Phuttha Mon Thon,1
2023-06-18,Thailand,Muang Chiang Mai,2
2023-02-13,Thailand,Sattahip,6
2023-04-25,Thailand,Mueang Krabi,6
2023-04-25,Thailand,Bang Lamung,1
2023-10-17,Thailand,Ko Lanta,5
2023-10-17,Thailand,Phra Khanong,7
2023-10-17,Thailand,Suan Luang,2
2023-08-01,Thailand,Muang Chon Buri,2
2023-08-01,Thailand,Ko Phangan,2
2023-08-01,Thailand,Bang Bua Thong,1
2023-03-04,Thailand,Phra Khanong,8
2023-08-15,Thailand,Bang Rak,41
2023-08-15,Thailand,Muang Surat Thani,4
2023-08-15,Thailand,Hat Yai,3
2023-08-29,Thailand,Bang Plee,2
2023-08-29,Thailand,Prawet,1
2023-03-03,Thailand,Wang Thonglang,1
2023-03-03,Thailand,Muang Chiang Rai,3
2023-07-08,Thailand,Huai Kwang,13
2023-04-10,Thailand,Bang Lamung,5
2023-04-24,Thailand,Din Dang,3
2023-11-10,Thailand,Khlong San,12
2023-11-10,Thailand,Wattana,16
2023-11-10,Thailand,Ko Phangan,3
2023-09-21,Thailand,Hat Yai,4
2023-09-21,Thailand,K. Ko Chang,1
2023-09-21,Thailand,Bang Saphan,1
2023-09-21,Thailand,Wang Thonglang,1
2023-09-21,Thailand,K. Bang Sao Thon,12
2023-10-04,Thailand,San Sai,1
2023-10-04,Thailand,Lat Phrao,3
2023-10-04,Thailand,Mueang Krabi,39
2023-10-18,Thailand,Muang Samut Prakan,1
2023-05-30,Thailand,Wattana,23
2023-07-07,Thailand,Samphantawong,1
2023-07-07,Thailand,Bang Lamung,26
2023-04-23,Thailand,Ratchathewi,66
2023-10-29,Thailand,Pak Chong,3
2023-10-29,Thailand,Thon Buri,1
2023-10-29,Thailand,Lat Krabang,6
2023-08-03,Thailand,Sattahip,1
2023-08-03,Thailand,K. Bang Sao Thon,2
2023-11-22,Thailand,Muang Kanchanaburi,1
2023-08-17,Thailand,Sadao,1
2023-10-01,Thailand,Hat Yai,8
2023-09-24,Thailand,Khlong Luang,1
2023-10-16,Thailand,Wang Chan,1
2023-03-05,Thailand,Phra Nakhon,3
2023-03-19,Thailand,Bang Rak,23
2023-10-02,Thailand,Sikhiu,1
2023-10-02,Thailand,Bang Rak,26
2023-10-02,Thailand,Samphantawong,6
2023-08-02,Thailand,Bang Plad,8
2023-09-23,Thailand,Bang Lamung,24
2023-09-23,Thailand,K. Bang Sao Thon,5
2023-08-16,Thailand,Takua Pa,3
2023-08-16,Thailand,Don Muang,4
2023-07-09,Thailand,Khan Na Yao,1
2023-10-27,Thailand,Prawet,3
2023-04-11,Thailand,Bang Lamung,15
2023-10-13,Thailand,K. Bang Sao Thon,8
2023-02-07,Thailand,Phra Khanong,3
2023-08-11,Thailand,Si Racha,4
2023-08-11,Thailand,Bang Kruai,1
2023-08-11,Thailand,K. Bang Sao Thon,1
2023-07-04,Thailand,Pak Kret,1
2023-08-25,Thailand,Phra Khanong,7
2023-04-20,Thailand,Hat Yai,3
2023-03-28,Thailand,Bangkok Noi,1
2023-04-20,Thailand,Chatuchak,1
2023-07-18,Thailand,Ko Samui,7
2023-07-18,Thailand,Pak Kret,2
2023-07-18,Thailand,Doi Saket,1
2023-11-20,Thailand,Muang Pathum Thani,1
2023-02-06,Thailand,Phuket Island,34
2023-02-06,Thailand,Wattana,8
2023-08-10,Thailand,Mueang Krabi,31
2023-08-10,Thailand,K. Bang Sao Thon,3
2023-03-13,Thailand,Muang Chiang Rai,1
2023-10-28,Thailand,K. Ko Chang,3
2023-07-03,Thailand,Phra Khanong,1
2023-10-14,Thailand,Ko Samui,1
2023-10-14,Thailand,Pathum Wan,3
2023-10-14,Thailand,Khlong Toey,20
2023-07-17,Thailand,Muang Kanchanaburi,2
2023-03-12,Thailand,Bang Plee,1
2023-03-16,Thailand,Khlong Toey,21
2023-03-16,Thailand,Khlong San,20
2023-10-25,Thailand,Bang Kapi,5
2023-10-25,Thailand,Lat Phrao,1
2023-09-30,Thailand,Pattaya,151
2023-09-30,Thailand,K. Ko Chang,8
2023-09-30,Thailand,K. Ko Kut,1
2023-10-11,Thailand,Mueang Krabi,40
2023-07-06,Thailand,Wattana,29
2023-08-13,Thailand,Lam Luk Ka,2
2023-10-26,Thailand,Mueang Krabi,46
2023-08-12,Thailand,K. Ko Chang,1
2023-08-12,Thailand,K. Bang Sao Thon,1
2023-04-22,Thailand,Ko Phangan,2
2023-03-29,Thailand,Ko Phangan,1
2023-03-29,Thailand,Bang Lamung,28
2023-03-29,Thailand,Phra Khanong,3
2023-03-29,Thailand,Muang Chiang Rai,4
2023-02-08,Thailand,Samphantawong,8
2023-04-21,Thailand,Huai Kwang,10
2023-04-21,Thailand,Bang Plad,1
2023-10-12,Thailand,Khlong San,13
2023-10-12,Thailand,Lat Krabang,2
2023-10-12,Thailand,Mueang Krabi,39
2023-10-12,Thailand,Muang Songkhla,1
2023-04-05,Thailand,Bang Kapi,1
2023-04-05,Thailand,Khlong Luang,2
2023-09-02,Thailand,Bang Khun Thian,1
2023-11-19,Thailand,Phuket Island,42
2023-04-19,Thailand,Khlong San,12
2023-04-19,Thailand,Ko Lanta,1
2023-09-16,Thailand,Lam Luk Ka,1
2023-05-26,Thailand,Bang Rak,22
2023-05-25,Thailand,Dusit,1
2023-04-04,Thailand,Huai Kwang,8
2023-01-20,Thailand,Hat Yai,6
2023-01-20,Thailand,Bang Lamung,14
2023-09-15,Thailand,Phuket Island,46
2023-09-15,Thailand,Prawet,1
2023-11-16,Thailand,Wattana,21
2023-09-29,Thailand,Wattana,12
2023-09-29,Thailand,Lak Si,1
2023-11-05,Thailand,Phra Nakhon,29
2023-04-07,Thailand,Bang Khen,1
2023-04-07,Thailand,Din Dang,2
2023-08-08,Thailand,Don Muang,3
2023-11-02,Thailand,Phra Nakhon,24
2023-06-20,Thailand,Ratchathewi,148
2023-09-04,Thailand,Ratchathewi,178
2023-09-04,Thailand,Si Racha,2
2023-09-04,Thailand,Muang Chiang Rai,2
2023-11-03,Thailand,K. Ko Kut,2
2023-09-18,Thailand,Lam Luk Ka,6
2023-01-23,Thailand,Huai Kwang,30
2023-11-17,Thailand,Dusit,6
2023-01-22,Thailand,Muang Chiang Mai,2
2023-11-18,Thailand,Bang Lamung,23
2023-11-18,Thailand,Lat Krabang,8
2023-11-18,Thailand,Wang Thonglang,2
2023-05-13,Thailand,Khlong Toey,20
2023-05-14,Thailand,Hat Yai,3
2023-05-14,Thailand,Klaeng,3
2023-09-19,Thailand,Dusit,5
2023-09-19,Thailand,Phra Khanong,8
2023-09-19,Thailand,Pong Nam Ron,1
2023-05-27,Thailand,K. Bang Sao Thon,4
2023-05-27,Thailand,Takua Thung,1
2023-09-03,Thailand,Bang Lamung,14
2023-09-17,Thailand,Si Racha,1
2023-04-15,Thailand,Don Muang,2
2023-04-06,Thailand,Khlong Toey,23
2023-10-07,Thailand,Chatuchak,5
2023-11-01,Thailand,Khlong Toey,32
2023-11-01,Thailand,Rat Burana,2
2023-08-19,Thailand,Wang Thonglang,1
2023-08-19,Thailand,Ko Samui,3
2023-10-08,Thailand,Mueang Krabi,59
2023-04-14,Thailand,Phuket Island,46
2023-04-14,Thailand,Huai Kwang,4
2023-04-28,Thailand,Thawi Wattana,1
2023-09-12,Thailand,Muang Rayong,1
2023-11-15,Thailand,Muang Nakhon Nayok,1
2023-08-04,Thailand,Muang Kanchanaburi,3
2023-08-04,Thailand,Bang Plee,1
2023-08-18,Thailand,Chatuchak,6
2023-04-13,Thailand,Suan Luang,1
2023-10-09,Thailand,Suan Luang,1
2023-10-09,Thailand,Samphantawong,6
2023-09-14,Thailand,Phra Khanong,10
2023-09-14,Thailand,Ko Samui,2
2023-09-28,Thailand,Bangkok Noi,1
2023-11-13,Thailand,Pattaya,128
2023-08-07,Thailand,Sathorn,2
2023-04-17,Thailand,Hua Hin,1
2023-05-24,Thailand,Lak Si,1
2023-04-16,Thailand,Muang Satun,1
2023-10-06,Thailand,Samphantawong,2
2023-11-01,Thailand,Samphantawong,4
2023-05-23,Thailand,Mueang Krabi,7
2023-05-23,Thailand,Bang Kapi,2
2023-01-30,Thailand,Phuket Island,33
2023-01-30,Thailand,Mueang Krabi,2
2023-01-30,Thailand,Chatuchak,1
2023-10-05,Thailand,Suan Luang,2
2023-11-13,Thailand,Wang Thonglang,1
2023-01-01,Thailand,Chatuchak,5
2023-02-22,Thailand,Bang Plee,7
2023-02-22,Thailand,Muang Chiang Rai,4
2023-08-06,Thailand,Mueang Krabi,23
2023-08-06,Thailand,Thawi Wattana,1
2023-05-06,Thailand,Pak Kret,4
2023-05-06,Thailand,Cha-Am,3
2023-05-06,Thailand,Muang Chanthaburi,1
2023-09-13,Thailand,Khlong San,10
2023-09-13,Thailand,Bang Lamung,37
2023-05-22,Thailand,Thawi Wattana,3
2023-05-22,Thailand,Cha-Am,6
2023-04-02,Thailand,Muang Nakhon Phanom,1
2023-06-27,Thailand,Bang Kapi,1
2023-06-27,Thailand,Lat Krabang,5
2023-02-21,Thailand,Ratchathewi,85
2023-02-21,Thailand,Phra Nakhon,7
2023-02-10,Thailand,Suan Luang,1
2023-02-10,Thailand,Huai Kwang,3
2023-10-30,Thailand,Cha-Am,4
2023-01-29,Thailand,Pathum Wan,15
2023-05-05,Thailand,Bang Kruai,1
2023-06-29,Thailand,Phra Khanong,3
2023-01-02,Thailand,Din Dang,1
2023-06-12,Thailand,Khlong San,4
2023-06-14,Thailand,Muang Chon Buri,1
2023-06-14,Thailand,Don Muang,2
2023-06-15,Thailand,Wang Chan,1
2023-04-09,Thailand,Wattana,32
2023-04-09,Thailand,Pattaya,24
2023-06-26,Thailand,Takua Pa,4
2023-06-28,Thailand,Phra Khanong,6
2023-03-30,Thailand,Chatuchak,3
2023-02-23,Thailand,Pathum Wan,6
2023-06-23,Thailand,Khan Na Yao,4
2023-04-08,Thailand,Bang Rak,9
2023-04-08,Thailand,Phra Khanong,13
2023-11-09,Thailand,Phra Nakhon,24
2023-01-24,Thailand,Muang Chiang Mai,6
2023-09-09,Thailand,Chom Thong,1
2023-01-25,Thailand,K. Bang Sao Thon,6
2023-01-25,Thailand,Sattahip,1
2023-09-06,Thailand,Aranyaprathet,1
2023-02-24,Thailand,N/A,1
2023-07-21,Thailand,Phuket Island,42
2023-07-21,Thailand,Chatuchak,32
2023-07-21,Thailand,Muang Chiang Rai,1
2023-01-11,Thailand,Muang Buri Ram,4
2023-05-01,Thailand,Mueang Krabi,3
2023-01-13,Thailand,Muang Phitsanulok,1
2023-09-08,Thailand,Mueang Krabi,25
2023-05-18,Thailand,Khlong Toey,27
2023-06-22,Thailand,Pom Pram Sattru,2
2023-11-07,Thailand,Mae Rim,3
2023-11-07,Thailand,K. Ko Kut,2
2023-11-07,Thailand,Phaya Thai,6
2023-02-20,Thailand,Pattaya,18
2023-06-21,Thailand,Sathorn,8
2023-05-03,Thailand,Bang Plad,2
2023-05-03,Thailand,Huai Kwang,9
2023-06-10,Thailand,Pathum Wan,9
2023-06-24,Thailand,Muang Chiang Mai,9
2023-06-24,Thailand,Don Muang,2
2023-06-10,Thailand,Cha-Am,3
2023-01-26,Thailand,Ratchathewi,82
2023-01-26,Thailand,Muang Chiang Mai,5
2023-06-25,Thailand,Ko Samui,2
2023-05-17,Thailand,Muang Rayong,1
2023-05-17,Thailand,Prawet,1
2023-09-08,Thailand,Phra Khanong,4
2023-09-08,Thailand,Lam Luk Ka,2
2023-09-08,Thailand,Pak Kret,1
2023-09-07,Thailand,Khlong Luang,2
2023-07-30,Thailand,Ko Phangan,1
2023-08-21,Thailand,Muang Rayong,1
2023-08-21,Thailand,Ko Phangan,1
2023-07-14,Thailand,Sattahip,2
2023-04-30,Thailand,Khlong San,9
2023-04-30,Thailand,Ko Samui,3
2023-04-30,Thailand,Hua Hin,6
2023-04-30,Thailand,Muang Samut Prakan,1
2023-10-23,Thailand,Din Dang,10
2023-06-07,Thailand,Khan Na Yao,1
2023-02-16,Thailand,Bangkok Noi,1
2023-02-16,Thailand,Thon Buri,1
2023-10-24,Thailand,Pattaya,96
2023-10-24,Thailand,Khlong San,13
2023-10-24,Thailand,Bang Lamung,17
2023-07-13,Thailand,Sathorn,1
2023-06-06,Thailand,Muang Rayong,1
2023-02-15,Thailand,Muang Chiang Rai,4
2023-02-15,Thailand,Pran Buri,4
2023-10-10,Thailand,Bang Plee,4
2023-02-05,Thailand,Phra Nakhon Si Ayutthaya,1
2023-02-05,Thailand,Bang Bo,2
2023-08-23,Thailand,Wattana,17
2023-07-02,Thailand,Bang Plee,7
2023-02-19,Thailand,Muang Rayong,2
2023-07-16,Thailand,Mueang Krabi,16
2023-07-16,Thailand,Hat Yai,6
2023-07-16,Thailand,Din Dang,3
2023-07-16,Thailand,Muang Chiang Rai,1
2023-03-25,Thailand,Si Racha,5
2023-10-21,Thailand,Din Dang,6
2023-10-21,Thailand,Bang Kho Laem,1
2023-06-09,Thailand,Chatuchak,3
2023-06-09,Thailand,K. Bang Sao Thon,1
2023-08-22,Thailand,Thawi Wattana,1
2023-07-15,Thailand,Muang Chiang Mai,13
2023-07-15,Thailand,Ratchathewi,145
2023-07-15,Thailand,Phaya Thai,7
2023-02-18,Thailand,Phuket Island,35
2023-02-18,Thailand,Bang Rak,16
2023-02-18,Thailand,Prawet,1
2023-07-01,Thailand,Wang Thonglang,3
2023-10-22,Thailand,Din Dang,4
2023-06-08,Thailand,Sathorn,7
2023-01-06,Thailand,Pran Buri,1
2023-02-27,Thailand,Samphantawong,3
2023-02-27,Thailand,Muang Rayong,3
2023-02-27,Thailand,Suan Luang,1
2023-07-24,Thailand,Khlong Toey,40
2023-07-24,Thailand,Pathum Wan,19
2023-07-24,Thailand,Lat Krabang,6
2023-07-24,Thailand,Phra Khanong,7
2023-06-03,Thailand,Huai Kwang,13
2023-02-12,Thailand,Ban Pong,1
2023-02-12,Thailand,Suan Luang,1
2023-02-12,Thailand,K. Ko Chang,1
2023-02-12,Thailand,Bang Bo,1
2023-02-26,Thailand,Hat Yai,8
2023-02-26,Thailand,Muang Rayong,2
2023-02-26,Thailand,Cha-Am,3
2023-08-30,Thailand,Suan Luang,2
2023-07-23,Thailand,Bang Na,1
2023-07-23,Thailand,Hat Yai,4
2023-07-23,Thailand,Muang Khon Kaen,4
2023-01-19,Thailand,Din Dang,3
2023-02-25,Thailand,Ratchathewi,117
2023-02-11,Thailand,Muang Khon Kaen,3
2023-10-20,Thailand,Muang Satun,4
2023-07-12,Thailand,Huai Kwang,9
2023-07-12,Thailand,Muang Chiang Mai,20
2023-07-12,Thailand,Khlong Luang,1
2023-01-08,Thailand,Pak Chong,1
2023-01-08,Thailand,Bang Plad,1
2023-07-26,Thailand,Bangkok Noi,1
2023-10-31,Thailand,Ko Phangan,1
2023-03-21,Thailand,Lak Si,1
2023-03-21,Thailand,Bang Kapi,2
2023-02-28,Thailand,Phuket Island,75
2023-01-07,Thailand,Wattana,10
2023-07-11,Thailand,Wattana,34
2023-07-11,Thailand,Ko Samui,8
2023-07-11,Thailand,Bang Khae,10
2023-06-18,Thailand,Wattana,27
2023-06-18,Thailand,Bang Lamung,27
2023-07-10,Thailand,Chatuchak,62
2023-08-31,Thailand,Bang Lamung,24
2023-10-17,Thailand,Khlong San,18
2023-10-17,Thailand,Pathum Wan,9
2023-08-01,Thailand,Si Racha,1
2023-10-03,Thailand,Muang Songkhla,5
2023-03-04,Thailand,Suan Luang,3
2023-03-18,Thailand,Muang Chiang Mai,3
2023-03-18,Thailand,Khlong Hoi Kong,3
2023-08-15,Thailand,Muang Khon Kaen,3
2023-08-29,Thailand,Khan Na Yao,1
2023-05-31,Thailand,Pattaya,27
2023-05-31,Thailand,Hua Hin,7
2023-03-03,Thailand,Phuttha Mon Thon,1
2023-07-08,Thailand,Ratchathewi,131
2023-07-08,Thailand,Muang Chiang Mai,20
2023-07-08,Thailand,Bang Rak,34
2023-11-10,Thailand,Ko Lanta,1
2023-11-10,Thailand,San Sai,2
2023-09-21,Thailand,Phuket Island,41
2023-09-21,Thailand,Muang Chiang Rai,1
2023-10-04,Thailand,Bang Rak,42
2023-03-17,Thailand,Muang Satun,1
2023-05-30,Thailand,Ratchathewi,149
2023-05-30,Thailand,Bang Kapi,1
2023-08-14,Thailand,Samphantawong,5
2023-08-14,Thailand,Bang Khae,2
2023-08-14,Thailand,Khlong Luang,1
2023-08-28,Thailand,Ko Phangan,2
2023-03-02,Thailand,Pathum Wan,22
2023-03-02,Thailand,Lam Luk Ka,1
2023-09-10,Thailand,Phra Khanong,11
2023-09-10,Thailand,Muang Khon Kaen,4
2023-09-10,Thailand,Phaya Thai,6
2023-10-19,Thailand,Wang Thonglang,1
2023-10-19,Thailand,Muang Chiang Mai,42
2023-10-19,Thailand,Phuttha Mon Thon,2
2023-04-23,Thailand,Hua Hin,9
2023-11-11,Thailand,Sathorn,2
2023-11-11,Thailand,Muang Samut Prakan,2
2023-04-27,Thailand,Sai Yok,2
2023-03-06,Thailand,Lak Si,3
2023-03-06,Thailand,Thawi Wattana,1
2023-10-15,Thailand,Prawet,1
2023-10-15,Thailand,Don Muang,1
2023-10-15,Thailand,Bang Lamung,10
2023-08-17,Thailand,Thawi Wattana,2
2023-08-17,Thailand,Muang Rayong,4
2023-10-01,Thailand,Pattaya,154
2023-10-16,Thailand,Phuttha Mon Thon,1
2023-04-12,Thailand,Phaya Thai,10
2023-10-02,Thailand,Bang Khen,1
2023-10-02,Thailand,Muang Satun,6
2023-04-26,Thailand,Bang Bua Thong,1
2023-09-23,Thailand,Takua Pa,5
2023-09-23,Thailand,Lat Krabang,3
2023-08-16,Thailand,Suan Phung,1
2023-08-16,Thailand,Thai Muang,1
2023-07-09,Thailand,Huai Kwang,13
2023-10-13,Thailand,Khlong Toey,26
2023-10-13,Thailand,Mae Rim,1
2023-07-04,Thailand,Bang Plee,13
2023-08-25,Thailand,Lat Phrao,2
2023-08-25,Thailand,Thawi Wattana,4
2023-07-18,Thailand,Thungkru,6
2023-11-20,Thailand,Bang Khae,4
2023-11-20,Thailand,Suan Phung,1
2023-11-20,Thailand,Wang Thonglang,1
2023-03-27,Thailand,Thon Buri,1
2023-03-27,Thailand,Muang Nonthaburi,3
2023-08-10,Thailand,Takua Pa,3
2023-03-13,Thailand,Muang Khon Kaen,6
2023-10-28,Thailand,Ko Lanta,3
2023-10-14,Thailand,Phaya Thai,2
2023-08-24,Thailand,Muang Surat Thani,1
2023-07-17,Thailand,Chatuchak,35
2023-07-17,Thailand,Khlong San,17
2023-07-17,Thailand,Khlong Luang,3
2023-07-17,Thailand,Khan Na Yao,1
2023-11-21,Thailand,Muang Chiang Rai,7
2023-09-20,Thailand,Bangkok Noi,1
2023-09-30,Thailand,Pak Chong,2
2023-02-09,Thailand,Muang Nonthaburi,1
2023-08-27,Thailand,Bang Kapi,1
2023-08-13,Thailand,Dusit,2
2023-03-01,Thailand,Bang Plad,1
2023-03-01,Thailand,Muang Chiang Mai,10
2023-07-06,Thailand,Klaeng,1
2023-03-15,Thailand,Ko Samui,2
2023-03-15,Thailand,Pathum Wan,3
2023-08-12,Thailand,Pak Chong,1
2023-08-12,Thailand,Bangkok Noi,1
2023-02-08,Thailand,Muang Rayong,1
2023-10-12,Thailand,Bang Kapi,2
2023-10-12,Thailand,Thai Muang,2
2023-10-12,Thailand,Muang Satun,10
2023-07-19,Thailand,Muang Surat Thani,1
2023-07-19,Thailand,Muang Satun,9
2023-07-05,Thailand,Huai Kwang,3
2023-04-05,Thailand,Muang Nonthaburi,1
2023-11-04,Thailand,Wang Thonglang,3
2023-09-02,Thailand,Thon Buri,2
2023-09-02,Thailand,Muang Songkhla,2
2023-09-02,Thailand,Muang Nonthaburi,4
2023-09-02,Thailand,Ban Chang,2
2023-09-02,Thailand,Ko Samui,3
2023-04-19,Thailand,N/A,1
2023-09-16,Thailand,Bang Rak,51
2023-08-09,Thailand,Wattana,31
2023-05-26,Thailand,Chatuchak,11
2023-05-25,Thailand,Takua Pa,2
2023-05-25,Thailand,Muang Chiang Rai,2
2023-09-01,Thailand,Khlong Toey,25
2023-04-04,Thailand,Ko Samui,4
2023-04-04,Thailand,Muang Rayong,1
2023-04-04,Thailand,Hat Yai,2
2023-09-15,Thailand,Phuttha Mon Thon,2
2023-09-15,Thailand,Phra Khanong,8
2023-04-18,Thailand,Aranyaprathet,1
2023-09-29,Thailand,Muang Songkhla,2
2023-04-07,Thailand,Khlong San,18
2023-08-08,Thailand,Lak Si,1
2023-08-08,Thailand,Phra Nakhon,7
2023-11-02,Thailand,Bang Khun Thian,1
2023-11-02,Thailand,Pak Kret,1
2023-05-28,Thailand,Thon Buri,1
2023-09-04,Thailand,Muang Songkhla,1
2023-11-03,Thailand,Hua Hin,19
2023-11-03,Thailand,Muang Satun,13
2023-11-03,Thailand,Phra Nakhon,36
2023-11-03,Thailand,Pom Pram Sattru,3
2023-11-03,Thailand,Muang Chiang Mai,25
2023-01-23,Thailand,Pattaya,10
2023-11-17,Thailand,Sathorn,1
2023-06-20,Thailand,Muang Satun,7
2023-11-18,Thailand,Pattaya,134
2023-11-18,Thailand,Mueang Krabi,40
2023-05-14,Thailand,Koh Si Chang,1
2023-09-19,Thailand,Bang Plee,2
2023-09-19,Thailand,Thap Sakae,1
2023-11-14,Thailand,Chatuchak,13
2023-11-14,Thailand,Phaya Thai,7
2023-04-15,Thailand,Hat Yai,4
2023-04-15,Thailand,Din Dang,1
2023-10-07,Thailand,Bang Rak,31
2023-10-07,Thailand,Sattahip,2
2023-03-08,Thailand,Phra Khanong,2
2023-11-01,Thailand,Bang Rak,58
2023-11-01,Thailand,Don Muang,7
2023-08-19,Thailand,Bang Rak,18
2023-08-19,Thailand,Bang Plad,9
2023-09-26,Thailand,Si Racha,3
2023-08-05,Thailand,Si Racha,1
2023-01-31,Thailand,Muang Phangnga,1
2023-05-20,Thailand,Phaya Thai,3
2023-04-28,Thailand,Bangkok Noi,1
2023-04-28,Thailand,Muang Chiang Rai,1
2023-09-12,Thailand,Dusit,3
2023-09-12,Thailand,Pattaya,160
2023-11-15,Thailand,Huai Kwang,6
2023-03-07,Thailand,Don Muang,4
2023-03-07,Thailand,Muang Rayong,2
2023-08-18,Thailand,Bang Khae,2
2023-04-13,Thailand,Bang Plad,3
2023-04-13,Thailand,K. Sam Roi Yot,2
2023-10-09,Thailand,Takua Pa,6
2023-09-14,Thailand,Pattaya,163
2023-09-14,Thailand,Khlong San,15
2023-11-13,Thailand,Dusit,5
2023-11-13,Thailand,Bang Lamung,7
2023-08-07,Thailand,Huai Kwang,4
2023-09-14,Thailand,Muang Khon Kaen,2
2023-05-24,Thailand,Muang Chiang Rai,2
2023-04-03,Thailand,Phra Nakhon,5
2023-06-30,Thailand,Thawi Wattana,4
2023-09-27,Thailand,Wattana,14
2023-09-27,Thailand,Khlong Luang,3
2023-10-05,Thailand,Chatuchak,10
2023-06-13,Thailand,Koh Si Chang,1
2023-05-22,Thailand,Hua Hin,6
2023-11-12,Thailand,Muang Samut Prakan,2
2023-11-12,Thailand,Si Racha,1
2023-02-22,Thailand,Mueang Krabi,2
2023-08-06,Thailand,Din Dang,1
2023-08-06,Thailand,Muang Samut Prakan,2
2023-09-13,Thailand,Ko Samui,4
2023-09-13,Thailand,Pak Kret,3
2023-01-18,Thailand,Bang Rak,13
2023-02-21,Thailand,Hat Yai,5
2023-06-11,Thailand,Muang Phitsanulok,1
2023-02-10,Thailand,Bang Lamung,10
2023-10-30,Thailand,Khlong San,12
2023-05-05,Thailand,Muang Phangnga,1
2023-05-05,Thailand,Muang Samut Prakan,2
2023-07-22,Thailand,Muang Chiang Rai,3
2023-02-10,Thailand,Phra Khanong,2
2023-06-29,Thailand,Cha-Am,20
2023-05-19,Thailand,Khlong San,11
2023-05-08,Thailand,Pattaya,39
2023-01-15,Thailand,Muang Buri Ram,1
2023-01-15,Thailand,Chatuchak,1
2023-01-02,Thailand,Pattaya,9
2023-01-02,Thailand,Muang Satun,1
2023-06-12,Thailand,Thawi Wattana,2
2023-06-12,Thailand,Mueang Krabi,11
2023-06-12,Thailand,Muang Chiang Mai,7
2023-06-14,Thailand,Muang Chiang Mai,2
2023-06-23,Thailand,Ko Phangan,2
2023-06-28,Thailand,Pattaya,79
2023-06-28,Thailand,Thawi Wattana,2
2023-06-28,Thailand,Ko Samui,3
2023-06-28,Thailand,Bang Saphan,1
2023-05-02,Thailand,Wang Thonglang,2
2023-05-02,Thailand,Phaya Thai,1
2023-07-20,Thailand,Muang Rayong,2
2023-07-20,Thailand,Bang Rak,28
2023-07-20,Thailand,Klaeng,3
2023-03-30,Thailand,Pattaya,80
2023-03-30,Thailand,Muang Chiang Rai,5
2023-06-23,Thailand,Yannawa,1
2023-04-08,Thailand,Samphantawong,1
2023-11-09,Thailand,Phuket Island,55
2023-11-09,Thailand,Bang Plad,3
2023-11-09,Thailand,Muang Khon Kaen,1
2023-05-15,Thailand,Ratchathewi,123
2023-09-09,Thailand,Don Muang,4
2023-09-09,Thailand,Phra Khanong,9
2023-09-09,Thailand,Muang Nonthaburi,2
2023-09-09,Thailand,Bang Khae,5
2023-01-10,Thailand,Wattana,7
2023-01-10,Thailand,Ko Samui,1
2023-01-10,Thailand,Bang Plee,2
2023-05-16,Thailand,Phra Khanong,9
2023-01-25,Thailand,Bang Lamung,10
2023-09-06,Thailand,Muang Nonthaburi,3
2023-02-24,Thailand,Pattaya,59
2023-07-21,Thailand,Mueang Krabi,25
2023-07-21,Thailand,Khlong Luang,1
2023-01-11,Thailand,Mueang Krabi,1
2023-05-01,Thailand,Khlong Toey,9
2023-09-05,Thailand,Din Dang,1
2023-09-05,Thailand,Muang Rayong,1
2023-09-05,Thailand,Don Muang,3
2023-09-05,Thailand,Bang Khae,4
2023-01-13,Thailand,Bang Bo,6
2023-01-28,Thailand,Phaya Thai,2
2023-01-28,Thailand,K. Ko Kut,1
2023-09-08,Thailand,Ko Samui,5
2023-06-22,Thailand,Hua Hin,7
2023-11-07,Thailand,Wattana,19
2023-05-04,Thailand,Lat Krabang,1
2023-05-04,Thailand,Muang Samut Prakan,1
2023-06-21,Thailand,Muang Khon Kaen,5
2023-06-21,Thailand,Khlong Luang,1
2023-11-06,Thailand,San Sai,4
2023-11-06,Thailand,Suan Phung,1
2023-11-06,Thailand,Muang Kanchanaburi,5
2023-06-10,Thailand,Suan Luang,4
2023-06-24,Thailand,Phaya Thai,11
2023-01-27,Thailand,Muang Nakhon Ratchasima,3
2023-01-27,Thailand,Muang Buri Ram,1
2023-06-10,Thailand,Muang Nonthaburi,13
2023-01-12,Thailand,Hua Hin,7
2023-01-12,Thailand,Chatuchak,1
2023-06-25,Thailand,Khlong Luang,3
2023-05-17,Thailand,Takua Pa,1
2023-05-17,Thailand,Khlong San,8
2023-05-17,Thailand,Pak Chong,2
2023-07-31,Thailand,Muang Khon Kaen,8
2023-09-07,Thailand,Sattahip,1
2023-07-30,Thailand,Muang Rayong,1
2023-05-03,Thailand,Muang Rayong,39
2023-10-23,Thailand,Don Muang,6
2023-10-23,Thailand,Khlong San,8
2023-10-23,Thailand,Pom Pram Sattru,1
2023-10-23,Thailand,Muang Chiang Mai,33
2023-10-23,Thailand,Muang Kanchanaburi,1
2023-06-07,Thailand,Bang Kapi,1
2023-07-28,Thailand,Bang Plee,19
2023-07-28,Thailand,Klaeng,4
2023-08-20,Thailand,Bang Khun Thian,1
2023-02-16,Thailand,Phuket Island,29
2023-02-16,Thailand,Mueang Krabi,3
2023-02-16,Thailand,Suan Luang,1
2023-10-24,Thailand,Ko Yao District,1
2023-07-13,Thailand,Cha-Am,14
2023-01-09,Thailand,Mueang Krabi,2
2023-03-22,Thailand,Wattana,16
2023-06-06,Thailand,Khlong San,6
2023-06-06,Thailand,Phra Khanong,3
2023-07-27,Thailand,Pattaya,103
2023-07-27,Thailand,Din Dang,7
2023-02-05,Thailand,Muang Nonthaburi,5
2023-07-02,Thailand,Phra Nakhon,4
2023-02-19,Thailand,Khlong Toey,6
2023-03-25,Thailand,Huai Kwang,3
2023-03-25,Thailand,Dusit,1
2023-10-21,Thailand,Bang Na,2
2023-06-09,Thailand,Ratchathewi,120
2023-06-09,Thailand,Pattaya,51
2023-06-09,Thailand,Hat Yai,3
2023-07-01,Thailand,Muang Nonthaburi,1
2023-10-22,Thailand,Don Muang,6
2023-10-22,Thailand,Khlong Toey,21
2023-10-22,Thailand,Muang Kanchanaburi,1
2023-03-10,Thailand,Hua Hin,5
2023-03-24,Thailand,Phra Nakhon,13
2023-03-24,Thailand,Ko Samui,1
2023-02-03,Thailand,Khlong Toey,10
2023-02-03,Thailand,Lak Si,1
2023-02-03,Thailand,Muang Khon Kaen,1
2023-01-06,Thailand,Chatuchak,5
2023-07-24,Thailand,Khlong San,3
2023-07-24,Thailand,Muang Samut Prakan,6
2023-06-03,Thailand,Mueang Krabi,4
2023-02-12,Thailand,Hua Hin,10
2023-01-05,Thailand,Hua Hin,2
2023-01-05,Thailand,Bang Bo,4
2023-01-05,Thailand,Muang Khon Kaen,1
2023-02-26,Thailand,Ratchathewi,71
2023-08-30,Thailand,Hua Hin,10
2023-07-23,Thailand,Bangkok Noi,1
2023-01-19,Thailand,Sattahip,1
2023-06-16,Thailand,Mueang Krabi,21
2023-06-16,Thailand,Pathum Wan,18
2023-06-16,Thailand,Muang Nakhon Pathom,6
2023-02-25,Thailand,Muang Chiang Mai,9
2023-02-25,Thailand,Chatuchak,2
2023-02-11,Thailand,Khlong San,9
2023-06-05,Thailand,Phra Nakhon,5
2023-07-26,Thailand,Bang Plee,4
2023-02-14,Thailand,Yannawa,1
2023-10-31,Thailand,Takua Pa,3
2023-03-21,Thailand,K. Bang Sao Thon,2
2023-06-04,Thailand,Pak Kret,4
2023-06-04,Thailand,Dusit,1
2023-03-20,Thailand,Wattana,16
2023-03-20,Thailand,Bang Rak,30
2023-07-10,Thailand,Phra Khanong,4
2023-02-13,Thailand,Pathum Wan,10
2023-02-13,Thailand,Phra Nakhon,2
2023-02-13,Thailand,Sathorn,1
2023-08-31,Thailand,Mueang Krabi,26
2023-08-31,Thailand,Huai Kwang,7
2023-08-31,Thailand,Muang Chiang Rai,4
2023-04-25,Thailand,Cha-Am,1
2023-10-17,Thailand,Pak Chong,5
2023-10-17,Thailand,Muang Kanchanaburi,8
2023-09-22,Thailand,Khlong San,16
2023-10-03,Thailand,Muang Prachuap Khiri Khan,1
2023-03-04,Thailand,Wang Thonglang,1
2023-03-04,Thailand,Muang Nakhon Pathom,3
2023-03-04,Thailand,Bang Lamung,11
2023-08-15,Thailand,Phuttha Mon Thon,1
2023-08-15,Thailand,San Sai,1
2023-08-29,Thailand,Dusit,3
2023-05-31,Thailand,Ratchathewi,134
2023-03-03,Thailand,Phra Nakhon,3
2023-07-08,Thailand,Wattana,18
2023-07-08,Thailand,Muang Satun,4
2023-04-10,Thailand,Sai Yok,1
2023-11-10,Thailand,Din Dang,2
2023-09-21,Thailand,Bang Plee,2
2023-09-21,Thailand,K. Wiang Nong Long,1
2023-10-04,Thailand,Pak Chong,2
2023-03-17,Thailand,Khlong San,13
2023-05-30,Thailand,Thawi Wattana,1
2023-07-07,Thailand,Muang Rayong,1
2023-07-07,Thailand,Khlong San,10
2023-08-14,Thailand,Don Muang,4
2023-08-14,Thailand,Hat Yai,1
2023-08-28,Thailand,Muang Surat Thani,1
2023-08-28,Thailand,Ko Lanta,2
2023-08-28,Thailand,Muang Rayong,4
2023-10-19,Thailand,Muang Kanchanaburi,2
2023-04-23,Thailand,Phra Khanong,2
2023-11-11,Thailand,Chatuchak,8
2023-11-11,Thailand,Muang Nakhon Ratchasima,1
2023-04-27,Thailand,Bang Rak,19
2023-10-15,Thailand,Muang Rayong,2
2023-08-03,Thailand,Mueang Krabi,25
2023-08-03,Thailand,Si Racha,2
2023-08-03,Thailand,Din Dang,4
2023-08-03,Thailand,Khlong Luang,1
2023-08-17,Thailand,Pathum Wan,18
2023-10-01,Thailand,Thap Sakae,1
2023-10-01,Thailand,Lat Krabang,5
2023-11-22,Thailand,K. Bang Sao Thon,1
2023-09-24,Thailand,Chatuchak,8
2023-10-16,Thailand,Cha-Am,4
2023-03-05,Thailand,Takua Pa,1
2023-04-12,Thailand,Muang Chiang Mai,4
2023-04-12,Thailand,Pathum Wan,7
2023-10-02,Thailand,Muang Songkhla,3
2023-08-02,Thailand,Suan Luang,2
2023-04-26,Thailand,Bang Kapi,1
2023-09-23,Thailand,Phuket Island,39
2023-09-23,Thailand,Wattana,10
2023-10-27,Thailand,Sattahip,1
2023-10-27,Thailand,Phuttha Mon Thon,3
2023-04-11,Thailand,Phra Nakhon,8
2023-04-11,Thailand,Cha-Am,2
2023-04-11,Thailand,Pom Pram Sattru,2
2023-04-11,Thailand,K. Bang Sao Thon,11
2023-02-07,Thailand,Pathum Wan,17
2023-02-07,Thailand,Phra Nakhon,2
2023-08-11,Thailand,Mueang Krabi,30
2023-08-11,Thailand,Suan Luang,4
2023-08-11,Thailand,Bang Khae,1
2023-07-04,Thailand,Phuket Island,31
2023-07-04,Thailand,Lat Krabang,14
2023-07-04,Thailand,Bang Lamung,31
2023-08-25,Thailand,Pran Buri,1
2023-08-25,Thailand,Bangkok Noi,3
2023-07-18,Thailand,Bang Rak,48
2023-11-20,Thailand,K. Bang Sao Thon,4
2023-11-20,Thailand,Muang Samut Prakan,2
2023-03-27,Thailand,Khlong San,16
2023-08-10,Thailand,Phaya Thai,13
2023-03-13,Thailand,Bang Rak,22
2023-10-14,Thailand,Lam Luk Ka,1
2023-08-24,Thailand,Pak Chong,3
2023-08-24,Thailand,Takua Pa,2
2023-07-17,Thailand,Phuket Island,36
2023-03-12,Thailand,Muang Nakhon Pathom,1
2023-11-21,Thailand,Ko Phangan,2
2023-11-21,Thailand,Muang Phangnga,1
2023-03-16,Thailand,Thawi Wattana,2
2023-10-25,Thailand,Muang Chiang Rai,4
2023-09-20,Thailand,Thon Buri,2
2023-09-20,Thailand,Khlong Toey,36
2023-09-20,Thailand,Thawi Wattana,4
2023-09-30,Thailand,Hat Yai,7
2023-09-30,Thailand,Phuket Island,43
2023-09-30,Thailand,Bangkok Noi,1
2023-10-11,Thailand,Ratchathewi,126
2023-10-11,Thailand,Pattaya,90
2023-02-09,Thailand,Muang Chiang Mai,17
2023-02-09,Thailand,Phra Nakhon Si Ayutthaya,1
2023-08-27,Thailand,Prawet,1
2023-08-27,Thailand,Bang Lamung,13
2023-07-06,Thailand,Hat Yai,4
2023-07-06,Thailand,Lat Phrao,1
2023-08-12,Thailand,Bang Khun Thian,2
2023-08-12,Thailand,Bang Plad,5
2023-03-01,Thailand,Bang Lamung,43
2023-08-26,Thailand,Cha-Am,8
2023-08-26,Thailand,Din Dang,2
2023-10-12,Thailand,Phaya Thai,2
2023-10-12,Thailand,Bangkok Noi,6
2023-07-19,Thailand,Bang Lamung,34
2023-07-05,Thailand,K. Bang Sao Thon,2
2023-04-05,Thailand,Pak Chong,2
2023-11-04,Thailand,Khlong San,1
2023-09-02,Thailand,Samphantawong,12
2023-09-02,Thailand,Bang Plee,1
2023-09-02,Thailand,Yannawa,2
2023-09-02,Thailand,Sattahip,1
2023-11-19,Thailand,Si Racha,1
2023-01-21,Thailand,Muang Buri Ram,1
2023-05-11,Thailand,Chatuchak,4
2023-05-25,Thailand,Muang Satun,2
2023-09-01,Thailand,Pattaya,151
2023-04-04,Thailand,Muang Kanchanaburi,1
2023-09-15,Thailand,Cha-Am,8
2023-09-15,Thailand,Lak Si,1
2023-09-15,Thailand,Mae Rim,1
2023-11-16,Thailand,Phra Nakhon Si Ayutthaya,1
2023-11-16,Thailand,Khlong San,10
2023-11-05,Thailand,Khlong San,8
2023-11-05,Thailand,Mae Sot,1
2023-05-10,Thailand,Yannawa,2
2023-04-07,Thailand,Muang Nonthaburi,2
2023-04-07,Thailand,Bangkok Noi,1
2023-08-08,Thailand,Si Racha,3
2023-08-08,Thailand,Muang Nonthaburi,2
2023-08-08,Thailand,Muang Khon Kaen,2
2023-09-29,Thailand,K. Ko Chang,2
2023-05-28,Thailand,Bang Kapi,1
2023-09-04,Thailand,Muang Phitsanulok,4
2023-11-03,Thailand,Ko Samui,16
2023-11-03,Thailand,Suan Luang,4
2023-09-18,Thailand,K. Ko Chang,5
2023-09-18,Thailand,Mueang Krabi,35
2023-09-18,Thailand,Muang Nonthaburi,2
2023-05-28,Thailand,Pathum Wan,2
2023-05-13,Thailand,Pak Kret,1
2023-05-14,Thailand,Ratchathewi,117
2023-09-19,Thailand,Takua Pa,1
2023-05-27,Thailand,Wattana,31
2023-09-03,Thailand,Suan Luang,7
2023-05-12,Thailand,Ko Samui,1
2023-05-12,Thailand,Suan Luang,1
2023-11-14,Thailand,Muang Tak,1
2023-04-15,Thailand,Phaya Thai,6
2023-04-06,Thailand,Phaya Thai,4
2023-03-08,Thailand,Bang Rak,37
2023-05-21,Thailand,Pak Chong,2
2023-08-19,Thailand,Muang Satun,20
2023-05-12,Thailand,Hua Hin,5
2023-10-08,Thailand,Khlong San,20
2023-10-08,Thailand,Phra Nakhon,11
2023-04-14,Thailand,Muang Chiang Mai,5
2023-09-11,Thailand,Pak Chong,2
2023-09-12,Thailand,Prawet,3
2023-11-15,Thailand,K. Bang Sao Thon,9
2023-11-15,Thailand,Muang Chiang Rai,2
2023-03-07,Thailand,Pathum Wan,29
2023-03-07,Thailand,Muang Khon Kaen,8
2023-08-04,Thailand,Muang Nonthaburi,1
2023-04-13,Thailand,Phuket Island,33
2023-04-13,Thailand,Phra Nakhon,11
2023-10-09,Thailand,Muang Chiang Rai,1
2023-10-09,Thailand,Muang Nonthaburi,2
2023-09-14,Thailand,Chatuchak,27
2023-09-28,Thailand,Suan Luang,5
2023-09-28,Thailand,Mueang Krabi,34
2023-11-13,Thailand,Lat Phrao,3
2023-04-17,Thailand,Khlong Luang,1
2023-04-16,Thailand,Din Dang,3
2023-10-06,Thailand,Chiang Dao,1
2023-11-01,Thailand,Ko Yao District,2
2023-05-23,Thailand,Khlong Hoi Kong,1
2023-01-30,Thailand,Khlong Toey,9
2023-06-30,Thailand,Samphantawong,2
2023-09-27,Thailand,Cha-Am,11
2023-09-27,Thailand,Mae Rim,2
2023-09-27,Thailand,Sathorn,4
2023-09-27,Thailand,Muang Surat Thani,1
2023-10-05,Thailand,Phuket Island,38
2023-06-13,Thailand,Bang Plad,2
2023-06-13,Thailand,Khlong Toey,17
2023-03-09,Thailand,Cha-Am,5
2023-11-12,Thailand,Ratchathewi,246
2023-11-12,Thailand,Muang Ubon Ratchatani,2
2023-01-01,Thailand,Bang Rak,14
2023-02-22,Thailand,Muang Buri Ram,1
2023-08-06,Thailand,Muang Chiang Rai,1
2023-04-16,Thailand,Sathorn,1
2023-05-06,Thailand,Bangkok Noi,1
2023-09-13,Thailand,Phaya Thai,5
2023-04-01,Thailand,Phuttha Mon Thon,1
2023-05-22,Thailand,Bang Rak,57
2023-05-05,Thailand,Bang Lamung,2
2023-05-05,Thailand,Lat Krabang,3
2023-01-18,Thailand,Hat Yai,6
2023-06-01,Thailand,Muang Phangnga,1
2023-06-01,Thailand,Sattahip,1
2023-06-01,Thailand,Muang Nakhon Pathom,4
2023-02-10,Thailand,Pattaya,37
2023-02-10,Thailand,Bangkok Noi,1
2023-10-30,Thailand,Din Dang,6
2023-10-30,Thailand,Bang Plad,2
2023-10-30,Thailand,Pathum Wan,29
2023-10-30,Thailand,Khlong Luang,3
2023-05-19,Thailand,Bang Kapi,2
2023-07-22,Thailand,Ratchathewi,181
2023-03-31,Thailand,Mueang Krabi,3
2023-06-29,Thailand,Don Muang,2
2023-06-29,Thailand,Bang Plad,2
2023-05-19,Thailand,Muang Rayong,1
2023-01-15,Thailand,Bang Rak,20
2023-06-12,Thailand,Bang Kapi,1
2023-06-12,Thailand,Bangkok Noi,1
2023-06-14,Thailand,Bang Rak,45
2023-06-15,Thailand,Muang Satun,5
2023-06-15,Thailand,Muang Nonthaburi,7
2023-06-28,Thailand,Hat Yai,4
2023-07-20,Thailand,Wattana,31
2023-07-20,Thailand,Phra Nakhon,22
2023-07-20,Thailand,Pak Chong,16
2023-07-20,Thailand,Wang Thonglang,1
2023-05-07,Thailand,Pathum Wan,3
2023-03-30,Thailand,Muang Khon Kaen,5
2023-02-23,Thailand,Mueang Krabi,2
2023-01-03,Thailand,Bang Lamung,26
2023-06-23,Thailand,Phasi Charoen,1
2023-11-09,Thailand,Mae Sot,1
2023-11-09,Thailand,Samoeng,1
2023-11-09,Thailand,Bang Rak,40
2023-01-24,Thailand,Hua Hin,3
2023-09-09,Thailand,Muang Satun,8
2023-09-09,Thailand,Klaeng,5
2023-01-10,Thailand,Mueang Krabi,1
2023-05-29,Thailand,Samphantawong,4
2023-05-29,Thailand,Lam Luk Ka,1
2023-05-29,Thailand,Cha-Am,2
2023-09-05,Thailand,K. Bang Sao Thon,6
2023-07-21,Thailand,Don Muang,3
2023-07-21,Thailand,Muang Nonthaburi,3
2023-01-11,Thailand,Bang Lamung,15
2023-09-05,Thailand,Bang Kapi,1
2023-01-13,Thailand,Sai Mai,1
2023-11-07,Thailand,Muang Satun,6
2023-11-07,Thailand,Muang Chon Buri,1
2023-11-06,Thailand,Hua Hin,8
2023-11-06,Thailand,Chatuchak,10
2023-06-10,Thailand,Bang Lamung,22
2023-01-12,Thailand,Pak Kret,1
2023-06-25,Thailand,Huai Kwang,9
2023-06-25,Thailand,Thon Buri,1
2023-06-25,Thailand,Yannawa,1
2023-05-17,Thailand,Mueang Krabi,8
2023-05-17,Thailand,Klaeng,3
2023-07-31,Thailand,Phimai,1
2023-09-07,Thailand,Muang Kanchanaburi,3
2023-07-30,Thailand,Wattana,15
2023-11-08,Thailand,Pak Chong,5
2023-11-08,Thailand,Bang Bua Thong,2
2023-08-21,Thailand,Muang Satun,9
2023-07-14,Thailand,Bang Rak,37
2023-10-23,Thailand,Bang Plee,1
2023-07-28,Thailand,Bangkok Noi,1
2023-07-28,Thailand,Wang Thonglang,4
2023-07-28,Thailand,Koh Si Chang,1
2023-07-28,Thailand,Takua Pa,3
2023-02-02,Thailand,Bang Plad,1
2023-02-02,Thailand,Khlong San,2
2023-03-23,Thailand,Bangkok Noi,1
2023-02-16,Thailand,Hua Hin,2
2023-07-13,Thailand,Hua Hin,14
2023-07-13,Thailand,Ko Lanta,5
2023-07-13,Thailand,Muang Nonthaburi,1
2023-02-01,Thailand,Bang Lamung,28
2023-03-22,Thailand,Thawi Wattana,2
2023-06-06,Thailand,Cha-Am,1
2023-07-27,Thailand,Hua Hin,26
2023-07-27,Thailand,Lat Krabang,2
2023-07-27,Thailand,Wang Thonglang,2
2023-02-15,Thailand,Ko Phangan,1
2023-10-10,Thailand,Don Muang,13
2023-02-05,Thailand,Prawet,1
2023-02-05,Thailand,Thon Buri,3
2023-03-26,Thailand,Ratchathewi,130
2023-03-26,Thailand,Muang Chiang Rai,9
2023-03-25,Thailand,Samphantawong,4
2023-08-22,Thailand,Bang Khae,4
2023-08-22,Thailand,Hat Yai,1
2023-07-15,Thailand,Cha-Am,15
2023-07-01,Thailand,Hat Yai,16
2023-07-01,Thailand,Ko Phangan,1
2023-10-22,Thailand,Phra Khanong,9
2023-07-29,Thailand,Cha-Am,15
2023-03-10,Thailand,Sathorn,4
2023-06-08,Thailand,Khlong Luang,5
2023-02-03,Thailand,Muang Sukhothai,1
2023-01-06,Thailand,Muang Chiang Rai,1
2023-06-17,Thailand,Koh Si Chang,1
2023-06-17,Thailand,Takua Pa,3
2023-01-05,Thailand,Don Muang,1
2023-01-05,Thailand,Ko Samui,1
2023-02-26,Thailand,Lat Krabang,1
2023-06-16,Thailand,Muang Chon Buri,1
2023-02-25,Thailand,Bang Rak,52
2023-02-11,Thailand,Bang Lamung,24
2023-02-11,Thailand,Muang Chiang Rai,7
2023-10-20,Thailand,N/A,1
2023-10-20,Thailand,Bang Khae,1
2023-06-05,Thailand,Doi Saket,1
2023-01-04,Thailand,Din Dang,1
2023-01-08,Thailand,Muang Songkhla,2
2023-07-26,Thailand,Muang Chiang Mai,19
2023-07-26,Thailand,Ko Samui,2
2023-07-26,Thailand,Lam Luk Ka,2
2023-10-31,Thailand,Hat Yai,6
2023-10-31,Thailand,Wattana,23
2023-10-31,Thailand,Muang Udon Thani,5
2023-06-04,Thailand,Pattaya,43
2023-07-11,Thailand,Phra Nakhon,16
2023-07-11,Thailand,Muang Khon Kaen,9
2023-03-20,Thailand,Phra Nakhon,4
2023-03-20,Thailand,Samphantawong,4
2023-06-18,Thailand,Bang Rak,12
2023-07-10,Thailand,Bang Rak,32
2023-07-10,Thailand,Thawi Wattana,3
2023-07-10,Thailand,Bang Lamung,10
2023-07-25,Thailand,Hua Hin,29
2023-02-13,Thailand,Phaya Thai,7
2023-02-13,Thailand,Pattaya,28
2023-02-13,Thailand,Muang Rayong,2
2023-08-31,Thailand,Pathum Wan,9
2023-08-31,Thailand,Wattana,17
2023-10-17,Thailand,Bangkok Noi,1
2023-10-17,Thailand,Mueang Krabi,54
2023-08-01,Thailand,Bang Khae,2
2023-08-01,Thailand,Muang Samut Prakan,1
2023-03-04,Thailand,Ko Phangan,1
2023-03-04,Thailand,Bang Kapi,2
2023-10-03,Thailand,Bangkok Noi,1
2023-10-03,Thailand,Lam Luk Ka,4
2023-03-18,Thailand,Lak Si,1
2023-08-15,Thailand,Si Racha,2
2023-08-15,Thailand,Bang Kapi,1
2023-08-29,Thailand,Lak Si,1
2023-03-03,Thailand,Khlong San,20
2023-05-31,Thailand,Khlong San,6
2023-07-08,Thailand,Bang Khun Thian,1
2023-03-03,Thailand,Cha-Am,10
2023-04-24,Thailand,Muang Nonthaburi,4
2023-11-10,Thailand,K. Bang Sao Thon,5
2023-11-10,Thailand,Bang Lamung,4
2023-09-21,Thailand,Pattaya,125
2023-09-21,Thailand,Si Racha,4
2023-09-21,Thailand,Muang Satun,9
2023-03-17,Thailand,Pattaya,27
2023-05-30,Thailand,Din Dang,2
2023-05-30,Thailand,Hat Yai,5
2023-05-30,Thailand,Muang Nakhon Pathom,3
2023-07-07,Thailand,Sattahip,1
2023-08-14,Thailand,Muang Chiang Mai,12
2023-08-28,Thailand,Koh Si Chang,1
2023-08-28,Thailand,Bang Kapi,2
2023-03-02,Thailand,Huai Kwang,11
2023-09-10,Thailand,Phra Nakhon,9
2023-09-10,Thailand,Chatuchak,13
2023-09-10,Thailand,Muang Samut Prakan,1
2023-09-10,Thailand,Bang Khae,3
2023-09-10,Thailand,Huai Kwang,4
2023-10-19,Thailand,Lat Phrao,5
2023-11-11,Thailand,Bang Lamung,5
2023-10-29,Thailand,Dusit,3
2023-10-29,Thailand,San Sai,2
2023-10-29,Thailand,Takua Pa,5
2023-10-29,Thailand,K. Ko Chang,1
2023-10-29,Thailand,Bang Bua Thong,1
2023-04-27,Thailand,Muang Kanchanaburi,1
2023-08-03,Thailand,Ko Samui,3
2023-08-03,Thailand,Prawet,1
2023-08-17,Thailand,Muang Chon Buri,2
2023-08-17,Thailand,Cha-Am,14
2023-08-17,Thailand,Khlong Toey,34
2023-08-17,Thailand,K. Bang Sao Thon,2
2023-10-01,Thailand,Bang Rak,20
2023-10-01,Thailand,Ko Samui,4
2023-11-22,Thailand,Rat Burana,1
2023-09-24,Thailand,Bang Kapi,3
2023-10-16,Thailand,K. Ko Chang,2
2023-10-16,Thailand,Ratchathewi,158
2023-10-16,Thailand,Pom Pram Sattru,4
2023-03-19,Thailand,Phra Nakhon,2
2023-10-02,Thailand,Dusit,1
2023-10-02,Thailand,Khlong Luang,5
2023-10-02,Thailand,Muang Phangnga,1
2023-08-02,Thailand,Phra Nakhon,24
2023-04-26,Thailand,Phra Nakhon,10
2023-09-23,Thailand,Cha-Am,5
2023-08-16,Thailand,Hat Yai,2
2023-08-16,Thailand,Lat Phrao,3
2023-07-09,Thailand,Muang Nakhon Ratchasima,2
2023-10-27,Thailand,Ko Lanta,4
2023-10-27,Thailand,Mueang Krabi,49
2023-10-13,Thailand,Muang Phangnga,1
2023-10-13,Thailand,Samphantawong,7
2023-10-13,Thailand,Phuttha Mon Thon,1
2023-07-04,Thailand,Muang Satun,4
2023-08-25,Thailand,Suan Luang,2
2023-03-28,Thailand,Wattana,22
2023-03-28,Thailand,Si Racha,2
2023-03-28,Thailand,Khlong Luang,2
2023-07-18,Thailand,Aranyaprathet,1
2023-11-20,Thailand,Chatuchak,13
2023-11-20,Thailand,Pak Chong,5
2023-08-10,Thailand,Din Dang,6
2023-03-13,Thailand,Ratchathewi,82
2023-03-13,Thailand,Muang Chiang Mai,3
2023-10-14,Thailand,Phra Khanong,13
2023-08-24,Thailand,Khlong San,10
2023-07-17,Thailand,Bang Khun Thian,1
2023-07-17,Thailand,Muang Chiang Rai,4
2023-10-25,Thailand,Si Racha,1
2023-09-30,Thailand,Mueang Krabi,42
2023-09-30,Thailand,Phuttha Mon Thon,1
2023-09-30,Thailand,Khlong San,19
2023-09-30,Thailand,Ko Lanta,3
2023-08-27,Thailand,Bang Plad,3
2023-07-06,Thailand,Muang Chon Buri,1
2023-03-15,Thailand,Muang Rayong,2
2023-03-15,Thailand,Lat Krabang,1
2023-08-12,Thailand,Ratchathewi,193
2023-04-22,Thailand,Wang Chan,1
2023-10-12,Thailand,Phuket Island,47
2023-10-12,Thailand,Takua Pa,6
2023-10-12,Thailand,Phra Nakhon,12
2023-07-19,Thailand,Huai Kwang,3
2023-07-05,Thailand,Phuttha Mon Thon,3
2023-04-05,Thailand,Muang Chiang Mai,2
2023-11-04,Thailand,Sadao,1
2023-11-04,Thailand,Pattaya,97
2023-11-04,Thailand,Pak Kret,2
2023-11-04,Thailand,Khlong Hoi Kong,1
2023-09-02,Thailand,Khlong Toey,24
2023-11-19,Thailand,Ko Phangan,3
2023-09-16,Thailand,Lat Phrao,1
2023-09-16,Thailand,Muang Nonthaburi,1
2023-09-16,Thailand,Takua Pa,5
2023-05-26,Thailand,Huai Kwang,5
2023-05-11,Thailand,Muang Kanchanaburi,2
2023-05-25,Thailand,Mueang Krabi,12
2023-09-01,Thailand,Pathum Wan,11
2023-09-01,Thailand,Pak Chong,4
2023-09-01,Thailand,K. Bang Sao Thon,8
2023-05-25,Thailand,Muang Khon Kaen,1
2023-04-04,Thailand,Ratchathewi,108
2023-04-04,Thailand,Pathum Wan,28
2023-09-15,Thailand,Muang Chiang Mai,9
2023-09-15,Thailand,Bang Kho Laem,1
2023-09-15,Thailand,Pak Kret,1
2023-04-18,Thailand,Bang Plad,1
2023-11-16,Thailand,Phuket Island,84
2023-11-05,Thailand,Muang Songkhla,3
2023-08-08,Thailand,Ban Chang,2
2023-11-16,Thailand,Ko Lanta,1
2023-09-29,Thailand,Lat Krabang,2
2023-05-28,Thailand,Khlong Toey,39
2023-09-04,Thailand,Pathum Wan,17
2023-09-04,Thailand,Pak Kret,1
2023-11-03,Thailand,Lat Phrao,6
2023-01-23,Thailand,Lat Krabang,4
2023-11-17,Thailand,Bang Kapi,1
2023-11-17,Thailand,Bang Plee,2
2023-06-20,Thailand,Mueang Krabi,6
2023-06-20,Thailand,Hat Yai,2
2023-11-18,Thailand,Cha-Am,2
2023-11-18,Thailand,Muang Samut Prakan,4
2023-09-17,Thailand,Huai Kwang,6
2023-05-28,Thailand,Muang Chiang Rai,1
2023-05-13,Thailand,Hat Yai,2
2023-05-13,Thailand,Don Muang,3
2023-05-27,Thailand,Si Racha,1
2023-05-27,Thailand,Hat Yai,7
2023-09-03,Thailand,Ratchathewi,143
2023-09-03,Thailand,Lat Krabang,4
2023-09-03,Thailand,Bang Kapi,1
2023-05-12,Thailand,Muang Khon Kaen,2
2023-10-07,Thailand,Bang Khae,2
2023-10-07,Thailand,Samphantawong,6
2023-03-08,Thailand,Bang Plad,2
2023-03-08,Thailand,Lat Krabang,2
2023-05-21,Thailand,Ratchathewi,105
2023-10-08,Thailand,Din Dang,1
2023-09-26,Thailand,Muang Ubon Ratchatani,1
2023-04-14,Thailand,K. Bang Sao Thon,4
2023-08-05,Thailand,Samoeng,1
2023-01-31,Thailand,Bang Lamung,20
2023-09-11,Thailand,Bang Kapi,4
2023-09-11,Thailand,Phaya Thai,9
2023-09-11,Thailand,Bang Plee,3
2023-04-28,Thailand,Bang Plee,2
2023-03-07,Thailand,Din Dang,1
2023-03-07,Thailand,Lat Krabang,3
2023-08-04,Thailand,Phaya Thai,28
2023-08-18,Thailand,Phra Nakhon,4
2023-08-18,Thailand,Pathum Wan,16
2023-08-18,Thailand,Muang Tak,1
2023-04-13,Thailand,K. Bang Sao Thon,3
2023-04-13,Thailand,Don Muang,1
2023-04-13,Thailand,Muang Nonthaburi,3
2023-04-13,Thailand,Sathorn,1
2023-09-25,Thailand,Chatuchak,5
2023-09-25,Thailand,Muang Phangnga,1
2023-10-09,Thailand,Pathum Wan,16
2023-09-28,Thailand,Khlong San,13
2023-08-07,Thailand,Phuttha Mon Thon,3
2023-08-07,Thailand,Cha-Am,9
2023-08-07,Thailand,Don Muang,4
2023-08-07,Thailand,Na Di,1
2023-04-17,Thailand,Muang Songkhla,1
2023-04-17,Thailand,Muang Nonthaburi,3
2023-04-03,Thailand,Mueang Krabi,6
2023-06-13,Thailand,Chatuchak,1
2023-06-13,Thailand,Phaya Thai,9
2023-10-05,Thailand,Ban Chang,1
2023-03-09,Thailand,Bang Plee,3
2023-11-12,Thailand,Khlong Toey,45
2023-01-01,Thailand,Phra Nakhon,1
2023-08-06,Thailand,Bang Plad,3
2023-05-06,Thailand,Phra Nakhon,3
2023-05-06,Thailand,Don Muang,1
2023-09-13,Thailand,Muang Kanchanaburi,1
2023-04-01,Thailand,Bang Lamung,22
2023-05-22,Thailand,Wang Thonglang,2
2023-05-22,Thailand,Don Muang,2
2023-05-22,Thailand,Lat Krabang,1
2023-06-27,Thailand,Pathum Wan,9
2023-06-27,Thailand,San Sai,1
2023-06-26,Thailand,Ratchathewi,105
2023-05-05,Thailand,Pathum Wan,6
2023-02-21,Thailand,Muang Nonthaburi,2
2023-06-01,Thailand,Chatuchak,2
2023-10-30,Thailand,Si Racha,1
2023-01-29,Thailand,Khlong San,3
2023-01-29,Thailand,Bangkok Noi,1
2023-05-19,Thailand,Wattana,35
2023-07-22,Thailand,Phra Khanong,3
2023-07-22,Thailand,Muang Tak,1
2023-07-22,Thailand,Ko Phangan,2
2023-06-29,Thailand,Pattaya,63
2023-06-29,Thailand,Muang Chiang Mai,5
2023-05-19,Thailand,Si Racha,1
2023-05-08,Thailand,Ko Samui,1
2023-01-02,Thailand,Phra Nakhon,3
2023-06-12,Thailand,Phaya Thai,8
2023-06-14,Thailand,Muang Chiang Rai,1
2023-06-15,Thailand,Huai Kwang,13
2023-06-15,Thailand,Takua Thung,1
2023-04-09,Thailand,K. Ko Chang,1
2023-06-23,Thailand,Ratchathewi,129
2023-06-28,Thailand,Samphantawong,2
2023-06-28,Thailand,Dusit,1
2023-06-28,Thailand,Bang Khen,1
2023-05-02,Thailand,Lam Luk Ka,2
2023-07-20,Thailand,Muang Chiang Rai,3
2023-03-30,Thailand,Muang Buri Ram,2
2023-01-03,Thailand,Sathorn,1
2023-06-23,Thailand,Phra Khanong,10
2023-04-08,Thailand,Muang Chiang Mai,3
2023-11-09,Thailand,Mae Rim,4
2023-11-09,Thailand,Muang Songkhla,1
2023-05-15,Thailand,Don Muang,2
2023-09-09,Thailand,Wang Thonglang,4
2023-05-16,Thailand,Phra Nakhon,12
2023-05-16,Thailand,Hua Hin,3
2023-01-16,Thailand,Thanyaburi,1
2023-09-05,Thailand,Bang Plad,8
2023-09-05,Thailand,Mueang Krabi,35
2023-01-25,Thailand,Phuket Island,18
2023-01-25,Thailand,Min Buri,1
2023-02-24,Thailand,Wattana,27
2023-05-01,Thailand,Wattana,16
2023-05-01,Thailand,Samphantawong,5
2023-09-05,Thailand,Bang Na,1
2023-09-05,Thailand,Pak Chong,5
2023-05-18,Thailand,Muang Chiang Mai,8
2023-05-18,Thailand,Thawi Wattana,3
2023-06-22,Thailand,Thawi Wattana,2
2023-06-22,Thailand,Muang Rayong,1
2023-06-22,Thailand,Muang Nakhon Pathom,4
2023-11-07,Thailand,Ratchathewi,253
2023-02-20,Thailand,Bang Plad,1
2023-05-04,Thailand,Pak Chong,3
2023-06-21,Thailand,Samphantawong,2
2023-06-21,Thailand,Dusit,1
2023-06-21,Thailand,Muang Chiang Rai,2
2023-05-03,Thailand,Phuket Island,36
2023-06-10,Thailand,Phaya Thai,4
2023-06-24,Thailand,Pathum Wan,9
2023-06-24,Thailand,Wang Thonglang,2
2023-06-24,Thailand,Khlong Luang,4
2023-01-27,Thailand,Muang Satun,1
2023-01-26,Thailand,Wattana,5
2023-06-25,Thailand,Ko Phangan,1
2023-05-17,Thailand,Cha-Am,6
2023-09-08,Thailand,Huai Kwang,5
2023-07-30,Thailand,Muang Kanchanaburi,3
2023-11-08,Thailand,Muang Phangnga,1
2023-11-08,Thailand,Muang Chiang Rai,2
2023-08-21,Thailand,Pathum Wan,14
2023-08-21,Thailand,Lat Krabang,6
2023-08-21,Thailand,Suan Luang,1
2023-07-14,Thailand,Ko Samui,5
2023-07-14,Thailand,Muang Rayong,3
2023-07-14,Thailand,Bang Kapi,2
2023-04-30,Thailand,Phra Nakhon,4
2023-04-30,Thailand,Muang Chiang Mai,3
2023-04-30,Thailand,Khlong Toey,8
2023-10-23,Thailand,Bang Lamung,15
2023-06-07,Thailand,Muang Nonthaburi,2
2023-02-02,Thailand,Sattahip,3
2023-03-23,Thailand,Bang Rak,48
2023-08-20,Thailand,Bang Khae,4
2023-08-20,Thailand,Bang Plad,5
2023-08-20,Thailand,Wang Chan,1
2023-08-20,Thailand,Bang Lamung,15
2023-02-16,Thailand,Aranyaprathet,1
2023-07-13,Thailand,Chatuchak,47
2023-01-09,Thailand,Pran Buri,1
2023-01-09,Thailand,Muang Nonthaburi,6
2023-02-01,Thailand,Muang Nakhon Ratchasima,2
2023-02-01,Thailand,Samphantawong,5
2023-06-06,Thailand,Khlong Luang,1
2023-06-06,Thailand,Pak Kret,1
2023-07-27,Thailand,Pak Chong,10
2023-02-15,Thailand,Phra Nakhon,4
2023-02-05,Thailand,Muang Chiang Rai,1
2023-08-23,Thailand,Muang Rayong,4
2023-07-02,Thailand,Muang Samut Prakan,1
2023-02-04,Thailand,Huai Kwang,4
2023-10-21,Thailand,Muang Ubon Ratchatani,1
2023-03-25,Thailand,Khlong San,2
2023-06-09,Thailand,Khlong Hoi Kong,1
2023-06-09,Thailand,Bang Lamung,30
2023-07-15,Thailand,Phuket Island,43
2023-07-15,Thailand,Wattana,33
2023-07-15,Thailand,Wang Chan,2
2023-07-15,Thailand,Hua Hin,18
2023-07-01,Thailand,Takua Pa,6
2023-07-01,Thailand,Bang Plee,2
2023-10-22,Thailand,Hat Yai,2
2023-10-22,Thailand,Wattana,8
2023-10-22,Thailand,Chatuchak,16
2023-07-29,Thailand,Bang Plad,3
2023-02-03,Thailand,Si Racha,1
2023-02-03,Thailand,Lat Krabang,4
2023-02-27,Thailand,Phuket Island,43
2023-02-27,Thailand,Hua Hin,4
2023-02-27,Thailand,Hat Yai,1
2023-07-24,Thailand,Min Buri,1
2023-02-12,Thailand,Bang Kruai,1
2023-06-17,Thailand,Hat Yai,12
2023-02-26,Thailand,Khlong San,7
2023-08-30,Thailand,Phra Nakhon,18
2023-01-19,Thailand,K. Bang Sao Thon,2
2023-06-02,Thailand,Bang Lamung,1
2023-06-16,Thailand,Bang Rak,28
2023-06-16,Thailand,Bang Plad,1
2023-05-09,Thailand,Don Muang,1
2023-02-11,Thailand,Khlong Hoi Kong,1
2023-10-20,Thailand,Cha-Am,1
2023-10-20,Thailand,Ratchathewi,115
2023-10-20,Thailand,Pom Pram Sattru,1
2023-07-12,Thailand,Din Dang,7
2023-07-12,Thailand,Bang Lamung,14
2023-02-14,Thailand,Wattana,20
2023-02-28,Thailand,Bang Plee,3
2023-06-04,Thailand,Thon Buri,2
2023-01-07,Thailand,Muang Samut Songkhram,1
2023-06-18,Thailand,Ratchathewi,129
2023-06-18,Thailand,Pattaya,57
2023-06-18,Thailand,Mueang Krabi,12
2023-06-18,Thailand,Hat Yai,5
2023-07-10,Thailand,Ratchathewi,126
2023-07-25,Thailand,Muang Rayong,2
2023-02-13,Thailand,Muang Nakhon Ratchasima,1
2023-02-13,Thailand,Chatuchak,1
2023-02-13,Thailand,K. Bang Sao Thon,1
2023-08-31,Thailand,Pattaya,124
2023-04-25,Thailand,Muang Chiang Rai,1
2023-04-25,Thailand,Din Dang,1
2023-04-25,Thailand,Prawet,2
2023-10-17,Thailand,Ratchathewi,175
2023-08-01,Thailand,Hua Hin,14
2023-08-01,Thailand,Cha-Am,14
2023-08-01,Thailand,Bang Plee,11
2023-09-22,Thailand,Sattahip,1
2023-09-22,Thailand,Si Racha,1
2023-09-22,Thailand,Lat Phrao,2
2023-03-04,Thailand,Muang Chiang Rai,5
2023-08-15,Thailand,Phra Nakhon,2
2023-08-29,Thailand,Muang Nonthaburi,2
2023-05-31,Thailand,Khlong Toey,26
2023-05-31,Thailand,K. Bang Sao Thon,5
2023-05-31,Thailand,Yannawa,1
2023-04-24,Thailand,Lat Krabang,5
2023-11-10,Thailand,Aranyaprathet,1
2023-11-10,Thailand,Samphantawong,3
2023-11-10,Thailand,Huai Kwang,10
2023-09-21,Thailand,Dusit,3
2023-09-21,Thailand,Sathorn,2
2023-10-04,Thailand,Pathum Wan,13
2023-03-17,Thailand,Muang Nakhon Pathom,1
2023-10-18,Thailand,Khlong Luang,2
2023-05-30,Thailand,Aranyaprathet,1
2023-07-07,Thailand,Bang Bua Thong,3
2023-08-14,Thailand,Mae Rim,1
2023-08-28,Thailand,Bang Plee,2
2023-08-28,Thailand,Bang Khae,3
2023-08-28,Thailand,Huai Kwang,4
2023-10-19,Thailand,Samphantawong,3
2023-04-23,Thailand,Ko Phangan,1
2023-10-29,Thailand,Aranyaprathet,1
2023-04-27,Thailand,Muang Nakhon Ratchasima,2
2023-04-27,Thailand,Sikhiu,1
2023-03-06,Thailand,Bang Lamung,20
2023-08-17,Thailand,Bang Khun Thian,4
2023-08-17,Thailand,Dusit,1
2023-09-24,Thailand,Lat Krabang,2
2023-10-16,Thailand,Lat Phrao,2
2023-10-16,Thailand,Samphantawong,8
2023-03-05,Thailand,Khlong San,17
2023-04-12,Thailand,Ko Phangan,1
2023-04-12,Thailand,Mueang Krabi,7
2023-08-02,Thailand,Wang Thonglang,1
2023-04-26,Thailand,Hat Yai,5
2023-04-26,Thailand,Phra Khanong,10
2023-04-26,Thailand,Muang Nonthaburi,2
2023-08-02,Thailand,Sikhiu,1
2023-10-27,Thailand,Thon Buri,4
2023-10-13,Thailand,Thap Sakae,1
2023-10-13,Thailand,Mueang Krabi,47
2023-10-13,Thailand,Bang Kapi,17
2023-10-13,Thailand,Bang Khae,1
2023-02-07,Thailand,Bang Lamung,12
2023-08-11,Thailand,Ratchathewi,147
2023-08-11,Thailand,Muang Rayong,3
2023-08-11,Thailand,Bang Kapi,1
2023-08-25,Thailand,Chatuchak,8
2023-08-25,Thailand,Bang Rak,36
2023-04-20,Thailand,Phuket Island,49
2023-04-20,Thailand,Thawi Wattana,1
2023-07-18,Thailand,Bang Plad,8
2023-03-27,Thailand,Huai Kwang,22
2023-03-27,Thailand,Ko Samui,1
2023-03-27,Thailand,Phaya Thai,7
2023-02-06,Thailand,Pathum Wan,19
2023-02-06,Thailand,Khlong Toey,13
2023-08-10,Thailand,Don Muang,1
2023-03-13,Thailand,Prawet,1
2023-10-28,Thailand,Phuttha Mon Thon,3
2023-10-14,Thailand,Bang Rak,33
2023-10-14,Thailand,Lat Phrao,2
2023-08-24,Thailand,Ko Phangan,1
2023-07-17,Thailand,Pattaya,122
2023-03-16,Thailand,Ratchathewi,85
2023-03-16,Thailand,Muang Satun,1
2023-10-25,Thailand,Ratchathewi,236
2023-10-25,Thailand,Muang Kanchanaburi,3
2023-09-20,Thailand,Mae Rim,4
2023-10-11,Thailand,Muang Songkhla,1
2023-10-11,Thailand,Prawet,2
2023-08-27,Thailand,Phra Nakhon,13
2023-03-01,Thailand,Khlong Toey,30
2023-03-01,Thailand,Bang Kapi,1
2023-07-06,Thailand,Muang Chachoengsao,1
2023-03-15,Thailand,Si Racha,2
2023-08-12,Thailand,Lat Phrao,2
2023-04-22,Thailand,Samphantawong,3
2023-04-22,Thailand,Bang Lamung,20
2023-03-01,Thailand,Mueang Krabi,10
2023-02-08,Thailand,Pran Buri,1
2023-02-08,Thailand,Bang Kho Laem,1
2023-08-26,Thailand,Hua Hin,21
2023-04-21,Thailand,Phaya Thai,14
2023-04-21,Thailand,Muang Chiang Mai,3
2023-10-12,Thailand,Si Racha,3
2023-10-12,Thailand,Don Muang,11
2023-10-12,Thailand,Muang Rayong,3
2023-07-19,Thailand,Thungkru,3
2023-07-19,Thailand,Muang Samut Prakan,1
2023-07-05,Thailand,Chom Thong,2
2023-07-05,Thailand,Phuket Island,34
2023-04-05,Thailand,Muang Khon Kaen,1
2023-11-04,Thailand,Bang Plad,1
2023-09-02,Thailand,Muang Khon Kaen,2
2023-11-19,Thailand,Dusit,2
2023-11-19,Thailand,Pak Chong,4
2023-04-19,Thailand,Muang Khon Kaen,3
2023-09-16,Thailand,Don Muang,4
2023-09-16,Thailand,Huai Kwang,3
2023-09-16,Thailand,Khan Na Yao,1
2023-08-09,Thailand,Sattahip,1
2023-05-26,Thailand,Ratchathewi,141
2023-05-26,Thailand,Sikhiu,1
2023-05-11,Thailand,Muang Roi Et,1
2023-04-04,Thailand,Pak Kret,1
2023-09-29,Thailand,Muang Pathum Thani,1
2023-11-05,Thailand,Muang Chiang Mai,19
2023-11-05,Thailand,Bang Kapi,8
2023-05-10,Thailand,Sathorn,4
2023-08-08,Thailand,Muang Chiang Mai,10
2023-05-28,Thailand,Huai Kwang,4
2023-09-04,Thailand,Lat Krabang,8
2023-09-04,Thailand,Khan Na Yao,1
2023-11-03,Thailand,Mae Rim,13
2023-11-03,Thailand,Pran Buri,1
2023-09-18,Thailand,Sadao,1
2023-11-17,Thailand,Bang Bua Thong,1
2023-06-20,Thailand,Wang Thonglang,2
2023-06-20,Thailand,Wattana,20
2023-11-18,Thailand,Bang Khae,1
2023-11-18,Thailand,Ratchathewi,179
2023-09-17,Thailand,Bang Plad,3
2023-05-28,Thailand,Din Dang,1
2023-05-28,Thailand,Phra Khanong,1
2023-05-13,Thailand,Huai Kwang,1
2023-09-19,Thailand,Chom Thong,2
2023-09-19,Thailand,Suan Luang,3
2023-09-19,Thailand,Mueang Krabi,37
2023-09-19,Thailand,Phuttha Mon Thon,1
2023-05-27,Thailand,Chatuchak,9
2023-05-12,Thailand,Samphantawong,3
2023-05-21,Thailand,Khlong Luang,1
2023-05-21,Thailand,Sathorn,2
2023-01-31,Thailand,Pattaya,24
2023-10-08,Thailand,Pak Kret,1
2023-09-26,Thailand,Cha-Am,9
2023-09-26,Thailand,Chatuchak,10
2023-08-05,Thailand,Muang Khon Kaen,1
2023-01-31,Thailand,K. Bang Sao Thon,5
2023-09-11,Thailand,Takua Pa,7
2023-09-11,Thailand,Muang Chiang Rai,1
2023-09-11,Thailand,Thon Buri,1
2023-04-29,Thailand,Chatuchak,3
2023-05-20,Thailand,Suan Luang,2
2023-04-28,Thailand,Bang Lamung,1
2023-03-08,Thailand,Lak Si,1
2023-09-12,Thailand,Pak Chong,2
2023-09-12,Thailand,Ko Phangan,1
2023-09-12,Thailand,Kaeng Krachan,1
2023-11-15,Thailand,Don Muang,3
2023-11-15,Thailand,Suan Luang,5
2023-03-07,Thailand,Phra Nakhon,5
2023-03-07,Thailand,Bang Lamung,27
2023-03-07,Thailand,K. Bang Sao Thon,2
2023-08-18,Thailand,Wang Thonglang,1
2023-09-25,Thailand,Bang Rak,37
2023-09-25,Thailand,Mueang Krabi,26
2023-09-25,Thailand,Muang Nakhon Ratchasima,1
2023-10-09,Thailand,Thai Muang,2
2023-09-14,Thailand,Ratchathewi,163
2023-09-28,Thailand,Muang Chiang Rai,3
2023-11-13,Thailand,Hua Hin,14
2023-11-13,Thailand,Khlong San,10
2023-10-06,Thailand,Pathum Wan,14
2023-10-06,Thailand,Muang Songkhla,1
2023-04-17,Thailand,Pak Chong,2
2023-09-14,Thailand,Ko Yao District,1
2023-09-14,Thailand,Bang Bua Thong,1
2023-05-24,Thailand,Bang Lamung,57
2023-04-16,Thailand,Khlong Toey,20
2023-05-23,Thailand,Din Dang,3
2023-01-30,Thailand,Phra Khanong,2
2023-01-30,Thailand,Muang Nonthaburi,5
2023-04-03,Thailand,Pattaya,72
2023-04-03,Thailand,Muang Chiang Mai,6
2023-06-30,Thailand,Pak Chong,1
2023-06-13,Thailand,Bang Rak,26
2023-09-27,Thailand,Bangkok Noi,1
2023-09-27,Thailand,Ratchathewi,186
2023-06-13,Thailand,Pom Pram Sattru,2
2023-06-13,Thailand,Sattahip,1
2023-04-01,Thailand,Huai Kwang,4
2023-11-12,Thailand,Wattana,9
2023-01-01,Thailand,Pattaya,8
2023-02-22,Thailand,Pai,1
2023-02-22,Thailand,Phra Nakhon,6
2023-02-22,Thailand,Lam Luk Ka,3
2023-08-06,Thailand,Suan Luang,2
2023-04-16,Thailand,Phuttha Mon Thon,2
2023-05-06,Thailand,Hat Yai,2
2023-06-27,Thailand,Pattaya,51
2023-05-05,Thailand,Phuket Island,19
2023-01-18,Thailand,Mueang Krabi,2
2023-06-01,Thailand,Hat Yai,6
2023-06-11,Thailand,Phuket Island,20
2023-06-11,Thailand,Ko Phangan,1
2023-10-30,Thailand,Takua Pa,2
2023-10-30,Thailand,Khlong Toey,24
2023-01-29,Thailand,Huai Kwang,6
2023-01-29,Thailand,K. Ko Chang,1
2023-07-22,Thailand,Hat Yai,9
2023-03-31,Thailand,Phaya Thai,7
2023-05-08,Thailand,Lak Si,1
2023-05-08,Thailand,Chatuchak,2
2023-01-15,Thailand,Samphantawong,3
2023-01-15,Thailand,Hua Hin,3
2023-01-14,Thailand,Muang Songkhla,1
2023-01-17,Thailand,Khlong San,4
2023-01-17,Thailand,Bang Kho Laem,1
2023-06-12,Thailand,Phra Nakhon,10
2023-06-14,Thailand,Pathum Wan,4
2023-06-14,Thailand,Sathorn,3
2023-06-15,Thailand,Ko Samui,6
2023-06-15,Thailand,Bang Kho Laem,1
2023-04-09,Thailand,Samphantawong,4
2023-04-09,Thailand,K. Sam Roi Yot,1
2023-05-02,Thailand,Bang Kapi,1
2023-07-20,Thailand,Lak Si,1
2023-05-07,Thailand,Sathorn,1
2023-03-30,Thailand,Bang Lamung,29
2023-02-23,Thailand,Phra Nakhon,8
2023-02-23,Thailand,Sathorn,1
2023-11-09,Thailand,Huai Kwang,9
2023-11-09,Thailand,Muang Chiang Mai,30
2023-05-15,Thailand,Pathum Wan,15
2023-05-15,Thailand,Hua Hin,4
2023-09-09,Thailand,Pathum Wan,6
2023-01-02,Thailand,Muang Kanchanaburi,1
2023-01-10,Thailand,Pran Buri,1
2023-01-10,Thailand,Din Dang,1
2023-05-29,Thailand,Pattaya,47
2023-05-29,Thailand,Pak Kret,6
2023-05-15,Thailand,Muang Nonthaburi,1
2023-01-25,Thailand,Pathum Wan,4
2023-02-24,Thailand,Bangkok Noi,1
2023-02-24,Thailand,Muang Chiang Mai,4
2023-02-24,Thailand,Pak Chong,1
2023-07-21,Thailand,Thungkru,8
2023-07-21,Thailand,Bang Kapi,2
2023-07-21,Thailand,Sattahip,1
2023-05-01,Thailand,Aranyaprathet,1
2023-05-01,Thailand,Sathorn,1
2023-01-13,Thailand,Phuket Island,7
2023-01-13,Thailand,Phaya Thai,2
2023-05-18,Thailand,Samphantawong,3
2023-05-18,Thailand,Klaeng,5
2023-06-22,Thailand,Khan Na Yao,1
2023-11-07,Thailand,Samphantawong,2
2023-05-04,Thailand,Phra Nakhon,9
2023-06-21,Thailand,Phuket Island,28
2023-06-21,Thailand,Muang Chiang Mai,10
2023-06-21,Thailand,Thawi Wattana,2
2023-06-21,Thailand,Phra Khanong,10
2023-05-03,Thailand,Phra Nakhon,10
2023-06-24,Thailand,Phuket Island,25
2023-01-27,Thailand,Hua Hin,10
2023-06-25,Thailand,Thanyaburi,1
2023-06-25,Thailand,Bang Plad,1
2023-05-17,Thailand,Pattaya,79
2023-09-08,Thailand,Cha-Am,2
2023-07-30,Thailand,Khlong Hoi Kong,1
2023-07-30,Thailand,Muang Chon Buri,1
2023-07-30,Thailand,Muang Khon Kaen,3
2023-05-03,Thailand,Khlong San,8
2023-11-08,Thailand,Bang Saphan,1
2023-02-17,Thailand,Phaya Thai,15
2023-02-17,Thailand,Pathum Wan,14
2023-02-17,Thailand,Don Muang,1
2023-08-21,Thailand,Phaya Thai,8
2023-04-30,Thailand,Phaya Thai,3
2023-04-30,Thailand,Phuket Island,30
2023-04-30,Thailand,Thawi Wattana,1
2023-10-23,Thailand,Bang Rak,24
2023-10-23,Thailand,Khlong Toey,35
2023-10-23,Thailand,Muang Songkhla,1
2023-06-07,Thailand,Bang Plad,1
2023-06-07,Thailand,Pak Chong,4
2023-06-07,Thailand,Phuket Island,22
2023-07-28,Thailand,Sikhiu,1
2023-02-02,Thailand,Muang Chiang Rai,2
2023-02-02,Thailand,Bang Plee,1
2023-03-23,Thailand,Ko Phangan,2
2023-08-20,Thailand,Muang Khon Kaen,2
2023-02-16,Thailand,Wattana,15
2023-10-24,Thailand,Muang Pathum Thani,1
2023-10-24,Thailand,Muang Ubon Ratchatani,2
2023-07-13,Thailand,Ratchathewi,167
2023-07-13,Thailand,Thon Buri,1
2023-07-13,Thailand,Bang Plee,25
2023-02-01,Thailand,Lat Phrao,1
2023-02-01,Thailand,Din Dang,1
2023-06-06,Thailand,Phuket Island,14
2023-06-06,Thailand,Dusit,1
2023-07-27,Thailand,Bang Khun Thian,1
2023-07-27,Thailand,K. Bang Sao Thon,2
2023-10-10,Thailand,Thawi Wattana,1
2023-08-23,Thailand,Phuket Island,42
2023-07-02,Thailand,Si Racha,1
2023-07-02,Thailand,Muang Khon Kaen,5
2023-03-26,Thailand,Samphantawong,7
2023-03-26,Thailand,Mueang Krabi,2
2023-07-16,Thailand,Muang Rayong,1
2023-07-16,Thailand,Lam Luk Ka,1
2023-07-16,Thailand,Khlong Luang,1
2023-10-21,Thailand,Wattana,15
2023-10-21,Thailand,Pathum Wan,8
2023-06-09,Thailand,Bang Kapi,1
2023-08-22,Thailand,Samphantawong,1
2023-07-15,Thailand,Don Muang,1
2023-02-18,Thailand,Muang Khon Kaen,2
2023-10-22,Thailand,Phaya Thai,2
2023-07-29,Thailand,Min Buri,3
2023-03-10,Thailand,Takua Pa,1
2023-03-10,Thailand,Lat Krabang,3
2023-03-24,Thailand,Khlong Toey,29
2023-01-06,Thailand,Muang Chiang Mai,9
2023-07-24,Thailand,Wang Thonglang,1
2023-06-03,Thailand,Pom Pram Sattru,1
2023-02-12,Thailand,Lat Phrao,1
2023-06-17,Thailand,Dusit,1
2023-01-05,Thailand,Wattana,10
2023-01-05,Thailand,Hat Yai,4
2023-01-05,Thailand,Muang Chiang Rai,2
2023-02-26,Thailand,Hua Hin,5
2023-08-30,Thailand,Cha-Am,7
2023-07-23,Thailand,Ko Lanta,1
2023-07-23,Thailand,Muang Chiang Mai,18
2023-06-16,Thailand,Chatuchak,1
2023-06-16,Thailand,Takua Pa,2
2023-06-16,Thailand,Din Dang,4
2023-05-09,Thailand,Pattaya,58
2023-10-20,Thailand,Phra Nakhon,15
2023-01-08,Thailand,Khlong Toey,17
2023-01-08,Thailand,Sawankhalok,1
2023-07-26,Thailand,Bang Lamung,41
2023-06-19,Thailand,Phuket Island,35
2023-07-26,Thailand,Thungkru,5
2023-03-21,Thailand,Ratchathewi,84
2023-10-31,Thailand,Khlong San,9
2023-03-21,Thailand,Hua Hin,2
2023-02-14,Thailand,Muang Chiang Rai,5
2023-06-04,Thailand,Bang Khae,1
2023-01-07,Thailand,Wang Thonglang,2
2023-07-11,Thailand,Din Dang,2
2023-03-20,Thailand,Muang Nonthaburi,2
2023-07-10,Thailand,Phaya Thai,18
2023-07-10,Thailand,Bang Khae,10
2023-07-10,Thailand,Bang Saphan,1
2023-07-25,Thailand,Muang Samut Prakan,3
2023-02-13,Thailand,Ratchathewi,98
2023-08-31,Thailand,Bangkok Noi,3
2023-08-31,Thailand,Chatuchak,7
2023-08-31,Thailand,Din Dang,3
2023-08-31,Thailand,Bang Saphan,1
2023-04-25,Thailand,Muang Chiang Mai,7
2023-08-01,Thailand,Chatuchak,26
2023-08-01,Thailand,Khlong San,3
2023-08-01,Thailand,Phra Khanong,4
2023-10-03,Thailand,Phra Khanong,15
2023-10-03,Thailand,Suan Phung,1
2023-10-03,Thailand,Prawet,1
2023-10-03,Thailand,Bang Saphan,2
2023-09-22,Thailand,K. Wiang Nong Long,1
2023-10-03,Thailand,Lak Si,1
2023-03-18,Thailand,Pattaya,13
2023-08-15,Thailand,K. Bang Sao Thon,1
2023-08-29,Thailand,Pathum Wan,18
2023-03-03,Thailand,Phuket Island,68
2023-05-31,Thailand,Thon Buri,1
2023-07-08,Thailand,Mueang Krabi,7
2023-11-10,Thailand,Don Muang,2
2023-09-21,Thailand,Khlong Toey,26
2023-10-04,Thailand,Bang Kapi,2
2023-10-04,Thailand,Lam Luk Ka,3
2023-10-18,Thailand,Dusit,4
2023-08-14,Thailand,Pak Kret,2
2023-03-02,Thailand,Bang Lamung,34
2023-04-23,Thailand,Pak Kret,3
2023-11-11,Thailand,Dusit,2
2023-11-11,Thailand,Wang Chan,1
2023-11-11,Thailand,Khan Na Yao,1
2023-10-29,Thailand,Wattana,13
2023-10-29,Thailand,Muang Rayong,1
2023-10-29,Thailand,Muang Nakhon Pathom,1
2023-03-06,Thailand,Pattaya,58
2023-08-03,Thailand,Bang Plad,6
2023-10-01,Thailand,Pom Pram Sattru,1
2023-11-22,Thailand,Bang Rak,2
2023-10-16,Thailand,Mueang Krabi,64
2023-04-12,Thailand,Khlong Toey,21
2023-03-19,Thailand,Khlong San,14
2023-08-02,Thailand,Dusit,3
2023-09-23,Thailand,Bangkok Noi,1
2023-08-16,Thailand,Bang Plad,8
2023-08-02,Thailand,Phimai,1
2023-07-09,Thailand,Phuttha Mon Thon,3
2023-10-27,Thailand,Wattana,12
2023-10-27,Thailand,Ratchathewi,203
2023-04-11,Thailand,Chatuchak,5
2023-10-13,Thailand,Phra Khanong,9
2023-07-04,Thailand,Khlong San,7
2023-08-25,Thailand,Khlong San,9
2023-08-25,Thailand,Prawet,1
2023-08-25,Thailand,Muang Chiang Rai,3
2023-08-25,Thailand,San Sai,2
2023-04-20,Thailand,Takua Pa,1
2023-04-20,Thailand,Mueang Krabi,4
2023-11-20,Thailand,Bang Kapi,3
2023-03-27,Thailand,Phuket Island,41
2023-10-28,Thailand,Phaya Thai,7
2023-07-03,Thailand,Lak Si,1
2023-10-14,Thailand,Hat Yai,3
2023-10-14,Thailand,Muang Songkhla,1
2023-08-24,Thailand,Phaya Thai,14
2023-08-24,Thailand,Khlong Toey,34
2023-08-24,Thailand,Hat Yai,2
2023-07-17,Thailand,Mueang Krabi,17
2023-03-12,Thailand,Bang Rak,22
2023-03-12,Thailand,Sattahip,1
2023-11-21,Thailand,Sathorn,2
2023-11-21,Thailand,Phaya Thai,3
2023-03-16,Thailand,Muang Chiang Mai,3
2023-03-16,Thailand,Tha Mai,1
2023-10-25,Thailand,Ko Samui,3
2023-10-25,Thailand,Pak Kret,1
2023-10-25,Thailand,Suan Luang,2
2023-09-20,Thailand,Sathorn,1
2023-09-20,Thailand,Din Dang,3
2023-09-20,Thailand,Pak Chong,4
2023-09-30,Thailand,Thai Muang,2
2023-10-11,Thailand,Pathum Wan,7
2023-02-09,Thailand,Phuket Island,53
2023-02-09,Thailand,Pak Chong,1
2023-08-27,Thailand,Dusit,2
2023-08-27,Thailand,Bang Rak,39
2023-07-06,Thailand,Huai Kwang,3
2023-08-13,Thailand,Wang Thonglang,2
2023-10-26,Thailand,Ko Phangan,4
2023-07-06,Thailand,Bang Plee,15
2023-07-06,Thailand,Muang Rayong,2
2023-07-06,Thailand,Wang Thonglang,1
2023-07-06,Thailand,Muang Chiang Rai,1
2023-07-06,Thailand,Muang Nonthaburi,4
2023-03-15,Thailand,Khlong San,14
2023-08-12,Thailand,Khlong Toey,30
2023-08-12,Thailand,Muang Chiang Mai,10
2023-08-12,Thailand,Pak Kret,1
2023-03-29,Thailand,Phimai,1
2023-03-29,Thailand,Muang Chiang Mai,4
2023-03-01,Thailand,Muang Chiang Rai,15
2023-02-08,Thailand,Muang Chiang Mai,3
2023-08-26,Thailand,Bang Plad,5
2023-08-26,Thailand,Bang Lamung,15
2023-04-21,Thailand,Bang Rak,23
2023-04-21,Thailand,Samphantawong,2
2023-04-21,Thailand,Pathum Wan,8
2023-07-19,Thailand,Bang Plad,7
2023-07-05,Thailand,Don Muang,3
2023-07-05,Thailand,Ratchathewi,175
2023-07-05,Thailand,Mueang Krabi,26
2023-03-14,Thailand,Phuket Island,32
2023-03-14,Thailand,Chatuchak,2
2023-04-05,Thailand,Ratchathewi,111
2023-04-05,Thailand,Bang Rak,35
2023-04-05,Thailand,Muang Rayong,1
2023-11-04,Thailand,Cha-Am,1
2023-09-02,Thailand,Phra Nakhon,11
2023-09-02,Thailand,Pathum Wan,24
2023-09-02,Thailand,Lat Phrao,4
2023-09-02,Thailand,Suan Luang,9
2023-11-19,Thailand,Ko Yao District,3
2023-11-19,Thailand,Lat Krabang,3
2023-11-19,Thailand,Muang Samut Prakan,2
2023-01-21,Thailand,Samphantawong,1
2023-11-19,Thailand,Muang Surat Thani,1
2023-04-19,Thailand,Muang Chon Buri,1
2023-04-19,Thailand,Hua Hin,19
2023-04-19,Thailand,Din Dang,3
2023-04-19,Thailand,Don Muang,2
2023-04-19,Thailand,Phra Khanong,24
2023-04-19,Thailand,Bang Lamung,29
2023-04-19,Thailand,Lat Krabang,2
2023-09-16,Thailand,Muang Chiang Mai,11
2023-08-09,Thailand,Chom Thong,3
2023-08-09,Thailand,Muang Chiang Mai,8
2023-05-26,Thailand,Hat Yai,6
2023-09-01,Thailand,Don Muang,3
2023-09-01,Thailand,Phuttha Mon Thon,1
2023-09-15,Thailand,Pattaya,131
2023-09-15,Thailand,Muang Samut Prakan,2
2023-09-15,Thailand,Bang Kapi,3
2023-04-18,Thailand,Ratchathewi,135
2023-11-16,Thailand,Bang Rak,36
2023-11-05,Thailand,Si Racha,1
2023-04-07,Thailand,Ratchathewi,95
2023-09-04,Thailand,Bang Plee,1
2023-11-03,Thailand,Ko Lanta,6
2023-11-03,Thailand,Muang Tak,1
2023-09-18,Thailand,Pak Kret,1
2023-01-23,Thailand,Sattahip,2
2023-01-23,Thailand,Khlong Toey,3
2023-11-17,Thailand,Ko Yao District,1
2023-11-17,Thailand,Muang Nonthaburi,2
2023-06-20,Thailand,Don Muang,2
2023-01-22,Thailand,Hua Hin,5
2023-01-22,Thailand,Mueang Krabi,3
2023-11-18,Thailand,Suan Luang,7
2023-11-18,Thailand,Khlong Toey,43
2023-11-18,Thailand,Khlong Luang,3
2023-11-18,Thailand,Muang Chiang Rai,1
2023-09-17,Thailand,Ratchathewi,166
2023-05-28,Thailand,Phaya Thai,1
2023-05-14,Thailand,Wattana,18
2023-09-19,Thailand,Thon Buri,1
2023-09-19,Thailand,Rat Burana,1
2023-05-27,Thailand,Samphantawong,3
2023-05-12,Thailand,Yannawa,1
2023-09-17,Thailand,Muang Surat Thani,3
2023-09-17,Thailand,Don Muang,1
2023-04-06,Thailand,Muang Khon Kaen,3
2023-10-07,Thailand,Lat Krabang,5
2023-04-29,Thailand,Pattaya,50
2023-03-08,Thailand,Suan Luang,1
2023-11-01,Thailand,Pattaya,147
2023-08-19,Thailand,Sathorn,1
2023-08-19,Thailand,Pak Kret,3
2023-09-26,Thailand,Muang Khon Kaen,4
2023-04-14,Thailand,Muang Satun,1
2023-08-05,Thailand,Lat Krabang,6
2023-09-11,Thailand,Bang Lamung,17
2023-05-20,Thailand,Prawet,1
2023-04-28,Thailand,Phra Nakhon,2
2023-11-15,Thailand,Dusit,4
2023-11-15,Thailand,Ko Lanta,2
2023-11-15,Thailand,Phaya Thai,14
2023-11-15,Thailand,Ratchathewi,242
2023-03-07,Thailand,Samphantawong,5
2023-03-07,Thailand,Muang Buri Ram,1
2023-03-07,Thailand,Yannawa,2
2023-08-04,Thailand,Ratchathewi,188
2023-08-04,Thailand,Muang Surat Thani,2
2023-08-04,Thailand,Muang Chiang Rai,1
2023-08-18,Thailand,Don Muang,2
2023-08-18,Thailand,Muang Satun,11
2023-08-18,Thailand,San Sai,1
2023-04-13,Thailand,Muang Rayong,1
2023-04-13,Thailand,Din Dang,3
2023-09-25,Thailand,Prawet,1
2023-09-25,Thailand,Bang Lamung,41
2023-09-25,Thailand,Khlong Toey,31
2023-06-30,Thailand,Bang Saphan,1
2023-10-09,Thailand,Bang Lamung,19
2023-09-14,Thailand,Bang Kapi,4
2023-09-28,Thailand,Ko Phangan,1
2023-11-13,Thailand,Mueang Krabi,30
2023-11-13,Thailand,Muang Khon Kaen,1
2023-08-07,Thailand,Ko Samui,1
2023-08-07,Thailand,Khan Na Yao,2
2023-04-17,Thailand,Chatuchak,2
2023-05-24,Thailand,Phra Khanong,5
2023-11-01,Thailand,Pak Chong,5
2023-05-23,Thailand,Phaya Thai,5
2023-05-23,Thailand,Bang Plad,1
2023-01-30,Thailand,Prawet,2
2023-01-30,Thailand,Lat Krabang,1
2023-01-30,Thailand,Sathorn,1
2023-04-03,Thailand,Phaya Thai,3
2023-04-01,Thailand,Ratchathewi,129
2023-02-22,Thailand,Ratchathewi,99
2023-02-22,Thailand,Lak Si,2
2023-02-22,Thailand,Thawi Wattana,1
2023-08-06,Thailand,Muang Nonthaburi,5
2023-05-06,Thailand,Pak Chong,2
2023-09-13,Thailand,Muang Nakhon Ratchasima,1
2023-09-13,Thailand,Bang Rak,31
2023-09-13,Thailand,Phra Khanong,10
2023-04-01,Thailand,Bang Bua Thong,1
2023-06-27,Thailand,Bang Plad,4
2023-06-27,Thailand,Khlong San,4
2023-06-27,Thailand,Khlong Luang,1
2023-06-26,Thailand,Phuket Island,29
2023-01-18,Thailand,Bang Plee,3
2023-02-21,Thailand,Pattaya,40
2023-02-21,Thailand,Bang Khun Thian,1
2023-06-01,Thailand,Pattaya,44
2023-02-10,Thailand,Pathum Wan,10
2023-02-10,Thailand,Hua Hin,7
2023-10-30,Thailand,Ko Lanta,6
2023-05-05,Thailand,Muang Khon Kaen,1
2023-01-14,Thailand,Pom Pram Sattru,1
2023-06-15,Thailand,Samphantawong,3
2023-06-26,Thailand,Muang Rayong,2
2023-06-23,Thailand,Chatuchak,3
2023-06-23,Thailand,Thon Buri,2
2023-06-28,Thailand,Muang Chiang Mai,3
2023-06-28,Thailand,Muang Satun,4
2023-06-28,Thailand,Khlong Toey,17
2023-05-02,Thailand,Hua Hin,9
2023-07-20,Thailand,Pattaya,108
2023-07-20,Thailand,K. Bang Sao Thon,2
2023-05-07,Thailand,Bang Plad,1
2023-05-07,Thailand,Muang Chiang Mai,3
2023-06-23,Thailand,Khlong Luang,4
2023-04-08,Thailand,Phuket Island,26
2023-04-08,Thailand,Hat Yai,5
2023-04-08,Thailand,Sawankhalok,3
2023-04-08,Thailand,Pak Kret,1
2023-11-09,Thailand,Chatuchak,11
2023-11-09,Thailand,Phaya Thai,9
2023-05-15,Thailand,Cha-Am,4
2023-05-15,Thailand,Phra Khanong,2
2023-01-25,Thailand,Muang Chiang Rai,2
2023-09-06,Thailand,Muang Chon Buri,1
2023-07-21,Thailand,Phra Nakhon,14
2023-07-21,Thailand,Muang Satun,7
2023-07-21,Thailand,K. Bang Sao Thon,1
2023-01-13,Thailand,Pak Kret,1
2023-05-18,Thailand,Wattana,23
2023-05-18,Thailand,Muang Kanchanaburi,1
2023-06-22,Thailand,K. Bang Sao Thon,1
2023-11-07,Thailand,Hat Yai,4
2023-11-07,Thailand,Muang Khon Kaen,1
2023-02-20,Thailand,Ratchathewi,82
2023-02-20,Thailand,Phra Khanong,7
2023-05-04,Thailand,Bang Lamung,2
2023-05-04,Thailand,Bang Plad,1
2023-06-21,Thailand,Bang Rak,30
2023-05-03,Thailand,Prawet,1
2023-06-10,Thailand,Wattana,29
2023-06-24,Thailand,Muang Nakhon Pathom,2
2023-01-27,Thailand,Bang Plee,1
2023-01-27,Thailand,Bang Bo,2
2023-06-10,Thailand,Mueang Krabi,17
2023-06-10,Thailand,Pak Kret,2
2023-06-10,Thailand,Mae Sot,1
2023-01-12,Thailand,Bang Khae,1
2023-01-12,Thailand,Bang Kapi,1
2023-01-12,Thailand,K. Bang Sao Thon,1
2023-01-26,Thailand,Lat Phrao,1
2023-01-26,Thailand,Hua Hin,8
2023-06-25,Thailand,Bang Rak,7
2023-07-31,Thailand,Cha-Am,8
2023-07-31,Thailand,Phaya Thai,2
2023-09-07,Thailand,Koh Si Chang,1
2023-05-03,Thailand,Mueang Krabi,12
2023-07-13,Australia,Gr. Dandenong Bal,1
2023-03-22,Australia,City - Remainder,4
2023-07-16,Australia,Melbourne,1
2023-07-11,Australia,Sydney,2
2023-03-04,Australia,Sydney,1
2023-08-29,Australia,Sydney,2
2023-04-24,Australia,Griffith,1
2023-08-28,Australia,Botany Bay,1
2023-10-15,Australia,Brisbane,1
2023-10-01,Australia,Perth,1
2023-04-26,Australia,Melbourne,4
2023-07-09,Australia,Perth,2
2023-08-11,Australia,Melbourne,3
2023-03-28,Australia,Stonnington - Malvern,1
2023-02-06,Australia,Hobart,1
2023-07-17,Australia,Sydney,2
2023-09-30,Australia,Gr. Dandenong - Dandenong,4
2023-07-05,Australia,Melbourne,1
2023-03-14,Australia,Hobart,1
2023-08-09,Australia,Sydney,2
2023-11-16,Australia,Gr. Dandenong Bal,1
2023-09-29,Australia,Perth,2
2023-09-04,Australia,Botany Bay,1
2023-09-19,Australia,Cairns  - City,1
2023-08-04,Australia,Sydney,2
2023-08-18,Australia,Brisbane,1
2023-09-25,Australia,Perth,2
2023-09-28,Australia,Sydney,1
2023-05-23,Australia,Perth,1
2023-04-03,Australia,Sydney,1
2023-09-27,Australia,Hobart,1
2023-02-22,Australia,Sydney,3
2023-06-01,Australia,Sydney,5
2023-04-08,Australia,Perth,1
2023-04-08,Australia,Port Macquarie-Hastings - Pt A,1
2023-09-09,Australia,Hume - Craigieburn,1
2023-09-07,Australia,Belconnen Town Centre,1
2023-02-16,Australia,Melbourne,1
2023-08-22,Australia,Griffith,1
2023-10-20,Australia,Sydney,1
2023-09-22,Australia,Melbourne,3
2023-10-29,Australia,Shoalhaven - Pt B,1
2023-10-25,Australia,Sydney,1
2023-10-25,Australia,Belconnen Town Centre,1
2023-03-15,Australia,Horsham - Central,1
2023-03-15,Australia,Perth,1
2023-08-12,Australia,Griffith,1
2023-04-22,Australia,Melbourne,2
2023-09-16,Australia,Monash - Waverley West,1
2023-01-23,Australia,Sydney,3
2023-04-13,Australia,Sydney,2
2023-09-25,Australia,Melbourne,2
2023-10-09,Australia,Brisbane,2
2023-04-16,Australia,South Perth,1
2023-09-27,Australia,Cairns  - City,2
2023-05-06,Australia,Winnellie,1
2023-10-30,Australia,Perth,1
2023-05-19,Australia,Whittlesea  - South-East,1
2023-05-18,Australia,Surfers Paradise,2
2023-02-28,Australia,Griffith,1
2023-06-18,Australia,Melbourne,3
2023-03-17,Australia,Griffith,2
2023-03-02,Australia,Sydney,6
2023-03-06,Australia,Ryde,1
2023-10-14,Australia,Melbourne,2
2023-10-14,Australia,Cairns  - City,1
2023-08-24,Australia,Bunbury,1
2023-03-12,Australia,Sydney,5
2023-09-30,Australia,Perth,3
2023-08-13,Australia,Griffith,1
2023-10-26,Australia,Perth,2
2023-07-05,Australia,Geelong,1
2023-11-02,Australia,Surfers Paradise,2
2023-09-04,Australia,Surfers Paradise,1
2023-01-23,Australia,Melbourne,1
2023-11-17,Australia,Melbourne,2
2023-06-20,Australia,Whittlesea  - South-East,2
2023-01-22,Australia,Perth,2
2023-04-15,Australia,Monash - Waverley West,1
2023-05-21,Australia,Botany Bay,1
2023-04-13,Australia,Perth,2
2023-11-13,Australia,Melbourne,1
2023-10-06,Australia,Cairns  - City,3
2023-10-06,Australia,Sydney,1
2023-04-17,Australia,Auburn,1
2023-05-24,Australia,Sydney,1
2023-04-16,Australia,Sydney,3
2023-04-03,Australia,Melbourne,1
2023-03-09,Australia,Albury,2
2023-06-27,Australia,Bega Valley,1
2023-01-14,Australia,Darebin - Preston,1
2023-02-20,Australia,Sydney,1
2023-01-27,Australia,Adelaide,1
2023-07-31,Australia,Perth,3
2023-05-03,Australia,Sydney,1
2023-08-20,Australia,Botany Bay,1
2023-10-24,Australia,Sydney,1
2023-03-22,Australia,Melbourne,1
2023-07-27,Australia,Sydney,1
2023-01-08,Australia,Darebin - Preston,1
2023-10-31,Australia,Perth,2
2023-07-11,Australia,Melbourne,4
2023-11-10,Australia,Hurstville,1
2023-08-28,Australia,Coffs Harbour - Pt A,1
2023-07-03,Australia,Newcastle - Inner City,1
2023-10-14,Australia,Gr. Dandenong Bal,1
2023-10-12,Australia,Cairns  - City,1
2023-07-19,Australia,Port Phillip - St Kilda,1
2023-11-16,Australia,Cairns  - City,1
2023-09-12,Australia,Perth,1
2023-09-25,Australia,Gr. Bendigo - Central,1
2023-08-07,Australia,Melbourne,2
2023-09-27,Australia,Port Phillip - St Kilda,1
2023-08-06,Australia,Sydney,4
2023-02-21,Australia,Melbourne,3
2023-09-09,Australia,Gladstone,1
2023-11-06,Australia,Sydney,1
2023-06-25,Australia,Sydney,4
2023-06-07,Australia,Melbourne,3
2023-10-24,Australia,Surfers Paradise,1
2023-02-01,Australia,Sydney,1
2023-10-10,Australia,Perth,1
2023-06-08,Australia,Sydney,6
2023-01-06,Australia,Melbourne,1
2023-06-18,Australia,Cairns  - City,1
2023-07-08,Australia,Brisbane,2
2023-03-17,Australia,Botany Bay,1
2023-07-07,Australia,Sydney,1
2023-03-05,Australia,Perth,3
2023-04-12,Australia,Melbourne,5
2023-10-27,Australia,Brisbane,1
2023-08-10,Australia,Melbourne,3
2023-10-11,Australia,Belconnen Town Centre,1
2023-04-22,Australia,Sydney,1
2023-02-08,Australia,Melbourne,2
2023-05-26,Australia,Brisbane,1
2023-06-20,Australia,Perth,1
2023-09-19,Australia,Sydney,1
2023-03-08,Australia,Melbourne,3
2023-08-19,Australia,Griffith,1
2023-08-18,Australia,Pinkenba-Eagle Farm,1
2023-10-09,Australia,Melbourne,2
2023-05-05,Australia,Sydney,2
2023-05-05,Australia,Winnellie,1
2023-01-14,Australia,Hume - Craigieburn,1
2023-09-09,Australia,Sydney,4
2023-01-16,Australia,Perth,2
2023-01-27,Australia,Sydney,2
2023-01-12,Australia,Melbourne,1
2023-07-15,Australia,Melbourne,2
2023-07-24,Australia,Perth,4
2023-07-23,Australia,Cairns  - City,2
2023-07-12,Australia,Melbourne,2
2023-08-29,Australia,City - Remainder,1
2023-08-28,Australia,Melbourne,3
2023-09-23,Australia,Melbourne,1
2023-04-20,Australia,Surfers Paradise,2
2023-07-18,Australia,Port Phillip - West,1
2023-09-30,Australia,Surfers Paradise,1
2023-09-15,Australia,Sydney,1
2023-04-07,Australia,Melbourne,3
2023-11-02,Australia,Sydney,3
2023-04-14,Australia,Sydney,5
2023-04-29,Australia,Pinkenba-Eagle Farm,1
2023-03-07,Australia,Perth,2
2023-06-30,Australia,Sydney,1
2023-06-27,Australia,Mandurah,2
2023-05-19,Australia,Perth,2
2023-03-31,Australia,Brisbane,1
2023-03-31,Australia,Sydney,3
2023-06-15,Australia,Perth,1
2023-03-30,Australia,Melbourne,3
2023-05-01,Australia,Melbourne,2
2023-01-13,Australia,Perth,1
2023-01-27,Australia,Perth,1
2023-09-07,Australia,Perth,1
2023-03-22,Australia,Sydney,2
2023-02-05,Australia,Busselton,1
2023-07-26,Australia,Sydney,1
2023-07-25,Australia,Cairns  - City,1
2023-08-31,Australia,Perth,1
2023-05-31,Australia,Sydney,4
2023-04-10,Australia,Brisbane,1
2023-11-10,Australia,Lane Cove,1
2023-08-28,Australia,Sydney,4
2023-03-06,Australia,Sydney,4
2023-08-17,Australia,Surfers Paradise,1
2023-08-17,Australia,Perth,2
2023-08-02,Australia,Melbourne,4
2023-09-23,Australia,Canada Bay - Concord,1
2023-07-09,Australia,Sydney,1
2023-08-25,Australia,Melbourne,1
2023-08-25,Australia,Main Beach-South Stradbroke,3
2023-08-13,Australia,Perth,3
2023-03-15,Australia,Randwick,1
2023-03-15,Australia,Moreland - North,1
2023-08-12,Australia,Sydney,7
2023-03-29,Australia,Randwick,2
2023-08-26,Australia,Melbourne,2
2023-10-12,Australia,Sydney,3
2023-09-19,Australia,Perth,1
2023-09-26,Australia,Newcastle - Inner City,1
2023-08-07,Australia,Gr. Dandenong Bal,1
2023-10-30,Australia,Surfers Paradise,1
2023-04-09,Australia,Griffith,1
2023-07-20,Australia,Melbourne,3
2023-05-07,Australia,Melbourne,1
2023-05-16,Australia,Perth,2
2023-01-28,Australia,Melbourne,1
2023-09-08,Australia,Gr. Dandenong Bal,1
2023-11-08,Australia,Botany Bay,1
2023-02-02,Australia,Hume - Craigieburn,1
2023-03-23,Australia,Sydney,2
2023-06-06,Australia,Perth,3
2023-10-10,Australia,Hume - Craigieburn,1
2023-07-02,Australia,Botany Bay,1
2023-07-29,Australia,Perth,3
2023-02-03,Australia,Melbourne,5
2023-06-02,Australia,Melbourne,2
2023-05-09,Australia,Perth,2
2023-03-21,Australia,Ballarat  - Central,1
2023-10-17,Australia,Melbourne,1
2023-04-27,Australia,Sydney,1
2023-04-12,Australia,Sydney,2
2023-08-16,Australia,Sydney,2
2023-08-24,Australia,Main Beach-South Stradbroke,2
2023-09-30,Australia,Sydney,1
2023-02-09,Australia,Sydney,2
2023-08-13,Australia,Adelaide,1
2023-04-21,Australia,Botany Bay,1
2023-05-26,Australia,Newcastle - Inner City,1
2023-09-01,Australia,Melbourne,1
2023-01-20,Australia,Perth,2
2023-11-16,Australia,Port Phillip - West,1
2023-05-28,Australia,Perth,1
2023-09-17,Australia,Marrickville,1
2023-11-01,Australia,Perth,1
2023-09-12,Australia,Surfers Paradise,2
2023-04-13,Australia,Melbourne,1
2023-09-25,Australia,Darebin - Preston,1
2023-06-13,Australia,Melbourne,2
2023-01-01,Australia,Sydney,1
2023-09-13,Australia,Cairns  - City,1
2023-03-31,Australia,Melbourne,1
2023-05-02,Australia,Pinkenba-Eagle Farm,1
2023-05-07,Australia,Tamworth Regional - Pt A,1
2023-01-25,Australia,Hervey Bay - Pt A,1
2023-06-21,Australia,Sydney,2
2023-05-17,Australia,Surfers Paradise,1
2023-07-14,Australia,Randwick,1
2023-04-30,Australia,Brisbane,2
2023-03-26,Australia,Surfers Paradise,1
2023-08-22,Australia,Brisbane,1
2023-02-12,Australia,Melbourne,2
2023-02-26,Australia,Perth,1
2023-08-30,Australia,Cairns  - City,2
2023-03-20,Australia,Griffith,1
2023-08-15,Australia,Mornington P'sula - South,1
2023-08-29,Australia,Perth,1
2023-10-19,Australia,Melbourne,2
2023-10-29,Australia,Perth,1
2023-08-03,Australia,Cairns  - City,1
2023-10-27,Australia,Perth,2
2023-03-27,Australia,Melbourne,5
2023-08-10,Australia,Pinkenba-Eagle Farm,1
2023-09-20,Australia,Cairns  - City,1
2023-07-19,Australia,Sydney,3
2023-07-19,Australia,Perth,1
2023-05-11,Australia,Melbourne,3
2023-04-04,Australia,Sydney,5
2023-09-18,Australia,Newcastle - Inner City,1
2023-06-20,Australia,Sydney,6
2023-03-08,Australia,Fremantle,1
2023-09-11,Australia,Sydney,6
2023-09-12,Australia,Brisbane,1
2023-04-17,Australia,Hobart,1
2023-05-23,Australia,Sydney,3
2023-08-06,Australia,Melbourne,2
2023-10-30,Australia,Melbourne,1
2023-11-09,Australia,Sydney,1
2023-09-05,Australia,Cairns  - City,1
2023-11-06,Australia,Newcastle - Inner City,1
2023-01-26,Australia,Botany Bay,1
2023-10-21,Australia,Perth,1
2023-07-23,Australia,Melbourne,1
2023-02-28,Australia,Perth,1
2023-10-17,Australia,Cairns  - City,2
2023-10-01,Australia,Sydney,1
2023-03-19,Australia,Melbourne,2
2023-11-21,Australia,Brisbane,1
2023-03-15,Australia,Sydney,4
2023-09-17,Australia,Sydney,2
2023-09-26,Australia,Sydney,1
2023-05-21,Australia,Sydney,1
2023-10-05,Australia,Adelaide,1
2023-06-13,Australia,Fairfield - East,1
2023-02-22,Australia,Melbourne,1
2023-05-22,Australia,Fairfield - East,1
2023-06-27,Australia,Cairns  - City,1
2023-05-05,Australia,Surfers Paradise,1
2023-08-21,Australia,Sydney,1
2023-06-07,Australia,Perth,3
2023-02-02,Australia,Perth,1
2023-08-20,Australia,Maroondah - Ringwood,1
2023-07-24,Australia,Cairns  - City,2
2023-07-24,Australia,Yarralumla,1
2023-02-26,Australia,Sydney,1
2023-07-26,Australia,Melbourne,1
2023-03-21,Australia,Melbourne,1
2023-10-15,Australia,Melbourne,3
2023-03-05,Australia,Sydney,4
2023-03-05,Australia,City - Inner,1
2023-04-11,Australia,Botany Bay,1
2023-02-07,Australia,Sydney,2
2023-08-25,Australia,Gr. Dandenong Bal,1
2023-10-14,Australia,Brisbane,2
2023-11-21,Australia,Hume - Craigieburn,1
2023-10-25,Australia,Perth,2
2023-08-12,Australia,Perth,1
2023-05-11,Australia,Sydney,6
2023-11-16,Australia,Brisbane,1
2023-04-07,Australia,Surfers Paradise,1
2023-04-29,Australia,Sydney,2
2023-09-26,Australia,Monash - Waverley West,1
2023-04-14,Australia,Griffith,1
2023-06-26,Australia,Sydney,2
2023-10-30,Australia,Botany Bay,1
2023-07-14,Australia,Melbourne,2
2023-06-06,Australia,Melbourne,5
2023-06-09,Australia,Perth,2
2023-08-30,Australia,Sydney,1
2023-06-02,Australia,Sydney,3
2023-10-31,Australia,Adelaide,1
2023-07-11,Australia,Whitehorse - Box Hill,1
2023-09-22,Australia,Sydney,3
2023-03-18,Australia,Sydney,3
2023-04-10,Australia,Port Macquarie-Hastings - Pt A,1
2023-09-23,Australia,Perth,2
2023-08-10,Australia,Hume - Craigieburn,1
2023-08-10,Australia,Stonnington - Malvern,1
2023-11-21,Australia,Port Phillip - St Kilda,1
2023-09-20,Australia,Melbourne,1
2023-03-01,Australia,Perth,1
2023-10-26,Australia,Hume - Craigieburn,2
2023-07-06,Australia,Sydney,1
2023-03-29,Australia,Perth,1
2023-08-26,Australia,Cairns  - City,1
2023-10-12,Australia,Perth,1
2023-01-20,Australia,Hume - Craigieburn,1
2023-04-18,Australia,Hume - Broadmeadows,1
2023-09-17,Australia,Perth,3
2023-05-14,Australia,Sydney,1
2023-08-05,Australia,Melbourne,2
2023-04-28,Australia,Hobart,1
2023-08-18,Australia,Melbourne,6
2023-11-13,Australia,Brisbane,1
2023-06-13,Australia,Baulkham Hills - Central,2
2023-06-14,Australia,Melbourne,3
2023-06-28,Australia,Sydney,3
2023-07-20,Australia,Hervey Bay - Pt A,1
2023-01-26,Australia,Melbourne,1
2023-11-08,Australia,Brisbane,1
2023-04-30,Australia,Coolangatta,1
2023-10-10,Australia,Devonport,1
2023-03-10,Australia,Port Phillip - West,1
2023-07-24,Australia,Hobsons Bay - Williamstown,1
2023-02-14,Australia,Sydney,6
2023-02-14,Australia,Melbourne,4
2023-07-10,Australia,Hurstville,1
2023-08-15,Australia,Griffith,1
2023-10-04,Australia,Melbourne,2
2023-03-02,Australia,Brisbane,1
2023-10-29,Australia,Melbourne,2
2023-03-06,Australia,Perth,2
2023-09-24,Australia,Melbourne,2
2023-10-16,Australia,Belconnen Town Centre,3
2023-07-09,Australia,Brisbane,2
2023-03-27,Australia,Brisbane,2
2023-08-24,Australia,Melbourne,1
2023-09-16,Australia,Adelaide,2
2023-05-11,Australia,Emerald,1
2023-05-13,Australia,Sydney,1
2023-10-06,Australia,Darebin - Preston,1
2023-04-17,Australia,Griffith,1
2023-01-18,Australia,Melbourne,1
2023-06-15,Australia,Pinkenba-Eagle Farm,1
2023-06-22,Australia,Barton,1
2023-06-24,Australia,Griffith,1
2023-07-15,Australia,Botany Bay,1
2023-03-10,Australia,Bass Coast  Bal,4
2023-02-03,Australia,Perth,1
2023-07-23,Australia,Fremantle,1
2023-06-18,Australia,Sydney,1
2023-08-14,Australia,Sydney,1
2023-08-11,Australia,Perth,2
2023-04-20,Australia,Botany Bay,1
2023-07-18,Australia,Perth,1
2023-03-27,Australia,Hume - Craigieburn,1
2023-04-19,Australia,Griffith,1
2023-04-04,Australia,Surfers Paradise,1
2023-04-18,Australia,Blue Mountains,1
2023-08-08,Australia,Cairns  - City,1
2023-11-17,Australia,Sydney,3
2023-06-11,Australia,Surfers Paradise,1
2023-05-15,Australia,Melbourne,2
2023-05-16,Australia,Melbourne,1
2023-05-16,Australia,Ainslie,1
2023-07-21,Australia,The Gardens,1
2023-09-05,Australia,Griffith,1
2023-01-26,Australia,Adelaide,1
2023-08-21,Australia,Perth,2
2023-02-02,Australia,Sydney,4
2023-03-23,Australia,Melbourne,2
2023-07-13,Australia,Melbourne,2
2023-07-27,Australia,Brisbane,1
2023-10-10,Australia,Sydney,3
2023-08-22,Australia,Perth,1
2023-08-22,Australia,Cairns  - City,2
2023-02-26,Australia,Hobart,1
2023-07-11,Australia,Perth,2
2023-07-10,Australia,Cairns  - City,1
2023-03-03,Australia,Sydney,3
2023-09-24,Australia,Marrickville,1
2023-08-16,Australia,Griffith,1
2023-11-20,Australia,Perth,4
2023-03-16,Australia,Launceston - Pt B,1
2023-09-04,Australia,Colac-Otway - South,1
2023-09-26,Australia,Perth,5
2023-04-28,Australia,Sydney,5
2023-11-13,Australia,Adelaide,1
2023-04-17,Australia,Perth,1
2023-09-27,Australia,Sydney,4
2023-09-27,Australia,Botany Bay,5
2023-05-06,Australia,Brisbane,5
2023-09-13,Australia,Sydney,2
2023-04-01,Australia,Adelaide,1
2023-06-01,Australia,Coffs Harbour - Pt A,1
2023-06-15,Australia,Sydney,3
2023-04-09,Australia,Melbourne,5
2023-05-15,Australia,Brisbane,2
2023-05-16,Australia,Marrickville,2
2023-09-05,Australia,Perth,2
2023-06-22,Australia,Maroondah - Croydon,1
2023-02-20,Australia,Griffith,1
2023-06-25,Australia,Belconnen Town Centre,1
2023-07-30,Australia,Sydney,1
2023-05-03,Australia,Perth,3
2023-10-23,Australia,Sydney,2
2023-07-27,Australia,Cairns  - City,1
2023-03-11,Australia,Perth,1
2023-10-21,Australia,Melbourne,1
2023-06-08,Australia,Brisbane,1
2023-02-27,Australia,Sydney,2
2023-07-24,Australia,Sydney,3
2023-06-16,Australia,Melbourne,2
2023-10-31,Australia,Melbourne,2
2023-10-03,Australia,Perth,1
2023-03-18,Australia,Rockdale,1
2023-04-24,Australia,Launceston - Pt B,1
2023-04-23,Australia,Melbourne,1
2023-03-06,Australia,Mount Buller Alpine Resort,1
2023-10-02,Australia,Sydney,2
2023-04-11,Australia,Belconnen Town Centre,1
2023-09-20,Australia,Sydney,2
2023-08-13,Australia,Swan,2
2023-05-28,Australia,Melbourne,3
2023-09-04,Australia,Perth,2
2023-06-20,Australia,Cairns  - City,1
2023-10-07,Australia,Gr. Dandenong Bal,1
2023-08-06,Australia,Perth,1
2023-09-09,Australia,Brisbane,2
2023-09-06,Australia,Griffith,1
2023-05-01,Australia,Perth,1
2023-11-06,Australia,Surfers Paradise,1
2023-01-27,Australia,Moreland - Coburg,2
2023-08-21,Australia,Griffith,2
2023-02-02,Australia,Melbourne,2
2023-02-05,Australia,Moreland - Coburg,1
2023-07-02,Australia,City - Remainder,1
2023-03-25,Australia,Sydney,2
2023-06-03,Australia,Melbourne,2
2023-03-20,Australia,Perth,1
2023-08-01,Australia,Hurstville,1
2023-07-08,Australia,Melbourne,2
2023-08-14,Australia,Melbourne,3
2023-04-23,Australia,Narrabundah,1
2023-03-19,Australia,Sydney,4
2023-08-16,Australia,Melbourne,2
2023-08-02,Australia,Brisbane,1
2023-04-11,Australia,Mansfield,1
2023-02-07,Australia,City - Inner,1
2023-07-17,Australia,Perth,4
2023-03-15,Australia,Broadbeach-Mermaid Beach,1
2023-07-19,Australia,Hervey Bay - Pt A,1
2023-08-08,Australia,Griffith,1
2023-09-04,Australia,Albany,1
2023-10-08,Australia,Sydney,2
2023-01-31,Australia,Sydney,3
2023-09-11,Australia,Griffith,1
2023-03-08,Australia,City - Remainder,1
2023-08-04,Australia,Botany Bay,1
2023-09-14,Australia,Cairns  - City,3
2023-05-24,Australia,Melbourne,2
2023-09-13,Australia,Perth,1
2023-02-10,Australia,Sydney,1
2023-07-22,Australia,Cairns  - City,3
2023-05-02,Australia,Perth,1
2023-01-03,Australia,Melbourne,1
2023-07-28,Australia,Cairns  - City,1
2023-01-09,Australia,Melbourne,1
2023-07-27,Australia,Perth,4
2023-06-16,Australia,Sydney,1
2023-03-04,Australia,Melbourne,2
2023-03-04,Australia,Maribyrnong,1
2023-07-07,Australia,Carrara-Merrimac,1
2023-11-11,Australia,Sydney,2
2023-08-17,Australia,Cairns  - City,2
2023-04-20,Australia,Melbourne,4
2023-03-28,Australia,Tamworth Regional - Pt A,1
2023-10-25,Australia,Waverley,1
2023-10-25,Australia,Botany Bay,1
2023-10-25,Australia,Melbourne,2
2023-03-29,Australia,Melbourne,1
2023-03-01,Australia,Melbourne,3
2023-10-12,Australia,Brisbane,2
2023-09-16,Australia,Rockdale,1
2023-05-26,Australia,Sydney,2
2023-09-29,Australia,Sydney,2
2023-11-14,Australia,Melbourne,2
2023-04-15,Australia,Melbourne,2
2023-04-28,Australia,Auburn,1
2023-03-08,Australia,Cairns  - City,1
2023-08-07,Australia,Port Phillip - St Kilda,1
2023-10-06,Australia,Victoria Park,1
2023-01-30,Australia,Sydney,2
2023-06-13,Australia,Adelaide,1
2023-11-12,Australia,Perth,2
2023-04-02,Australia,Surfers Paradise,1
2023-07-22,Australia,Perth,2
2023-02-21,Australia,Griffith,1
2023-04-08,Australia,Sydney,7
2023-11-09,Australia,Stonnington - Prahran,1
2023-05-16,Australia,Sydney,2
2023-01-28,Australia,Sydney,2
2023-09-08,Australia,Melbourne,6
2023-06-24,Australia,Cairns  - City,2
2023-06-25,Australia,Perth,3
2023-09-07,Australia,Griffith,1
2023-02-17,Australia,Sydney,2
2023-07-14,Australia,Monash - South-West,1
2023-08-20,Australia,Melbourne,1
2023-10-10,Australia,Melbourne,4
2023-06-18,Australia,Perth,2
2023-10-04,Australia,Sydney,4
2023-03-02,Australia,Hervey Bay - Pt A,1
2023-08-17,Australia,Melbourne,1
2023-10-16,Australia,Marrickville,1
2023-07-09,Australia,Melbourne,1
2023-03-13,Australia,Melbourne,3
2023-11-21,Australia,Sydney,1
2023-03-16,Australia,Sydney,2
2023-10-25,Australia,Gr. Dandenong - Dandenong,1
2023-04-05,Australia,Melbourne,3
2023-08-09,Australia,Melbourne,1
2023-09-15,Australia,Botany Bay,1
2023-09-04,Australia,Melbourne,1
2023-04-06,Australia,Melbourne,4
2023-10-07,Australia,Sydney,1
2023-05-20,Australia,Perth,1
2023-09-28,Australia,Perth,5
2023-04-01,Australia,Griffith,1
2023-06-27,Australia,Melbourne,1
2023-06-28,Australia,Cairns  - City,1
2023-03-30,Australia,Sydney,5
2023-01-03,Australia,Perth,1
2023-01-24,Australia,Melbourne,1
2023-05-15,Australia,Perth,1
2023-02-16,Australia,Sydney,1
2023-07-27,Australia,Griffith,1
2023-07-02,Australia,Port Phillip - St Kilda,1
2023-03-11,Australia,Hervey Bay - Pt A,1
2023-03-25,Australia,City - Inner,1
2023-06-17,Australia,Perth,2
2023-06-02,Australia,Gr. Dandenong - Dandenong,1
2023-02-11,Australia,Marrickville,1
2023-07-12,Australia,Hobart,1
2023-09-22,Australia,Perth,2
2023-10-03,Australia,Melbourne,2
2023-04-23,Australia,Surfers Paradise,4
2023-10-15,Australia,Cairns  - City,4
2023-10-11,Australia,Melbourne,4
2023-08-27,Australia,Hume - Craigieburn,1
2023-08-26,Australia,Sydney,3
2023-11-04,Australia,Perth,1
2023-09-02,Australia,Cairns  - City,2
2023-04-18,Australia,Sydney,10
2023-05-10,Australia,Melbourne,3
2023-08-08,Australia,Sydney,7
2023-08-19,Australia,Melbourne,1
2023-11-13,Australia,Sydney,5
2023-09-14,Australia,Perth,4
2023-05-23,Australia,Marrickville,1
2023-03-09,Australia,Surfers Paradise,2
2023-01-29,Australia,Sydney,3
2023-06-15,Australia,Whittlesea  - South-East,1
2023-04-09,Australia,Perth,2
2023-05-07,Australia,Bilinga-Tugun,1
2023-05-01,Australia,Sydney,1
2023-11-06,Australia,Brisbane,2
2023-07-31,Australia,Melbourne,2
2023-07-28,Australia,Port Phillip - St Kilda,1
2023-02-01,Australia,Melbourne,1
2023-02-15,Australia,Melbourne,3
2023-07-02,Australia,Cairns  - City,1
2023-03-10,Australia,Brisbane,1
2023-03-24,Australia,Brisbane,1
2023-02-27,Australia,Melbourne,2
2023-06-17,Australia,Sydney,1
2023-10-17,Australia,Botany Bay,1
2023-03-18,Australia,Melbourne,3
2023-08-29,Australia,Monash - South-West,1
2023-08-03,Australia,Melbourne,3
2023-08-03,Australia,Surfers Paradise,1
2023-11-22,Australia,Perth,1
2023-02-06,Australia,Botany Bay,1
2023-10-26,Australia,Willoughby,1
2023-03-14,Australia,Sydney,1
2023-04-19,Australia,Melbourne,2
2023-09-16,Australia,Sydney,1
2023-05-12,Australia,Sydney,1
2023-08-19,Australia,Port Phillip - West,1
2023-08-05,Australia,Perth,1
2023-09-26,Australia,Cairns  - City,1
2023-04-03,Australia,Botany Bay,1
2023-10-05,Australia,Perth,2
2023-10-05,Australia,Botany Bay,1
2023-03-09,Australia,Sydney,1
2023-02-21,Australia,Brisbane,1
2023-07-20,Australia,Sydney,4
2023-03-30,Australia,Fairfield - East,1
2023-01-11,Australia,Darebin - Preston,1
2023-01-13,Australia,Brisbane,1
2023-06-22,Australia,Sydney,2
2023-11-08,Australia,Melbourne,2
2023-01-04,Australia,Sydney,1
2023-02-13,Australia,Melbourne,3
2023-07-07,Australia,Melbourne,1
2023-10-15,Australia,Horsham - Central,1
2023-09-23,Australia,Sydney,1
2023-04-11,Australia,Melbourne,4
2023-02-06,Australia,Melbourne,1
2023-03-01,Australia,Sydney,12
2023-03-15,Australia,Cairns  - City,1
2023-08-08,Australia,Melbourne,2
2023-08-18,Australia,Perth,2
2023-04-17,Australia,Newcastle - Inner City,3
2023-04-03,Australia,Griffith,1
2023-04-01,Australia,Melbourne,3
2023-04-01,Australia,Brisbane,1
2023-04-02,Australia,Melbourne,3
2023-02-21,Australia,Strathfield,1
2023-06-23,Australia,Perth,2
2023-06-23,Australia,Sydney,2
2023-01-10,Australia,Melbourne,1
2023-09-06,Australia,Sydney,13
2023-06-24,Australia,Coolangatta,1
2023-01-12,Australia,Sydney,1
2023-05-03,Australia,Forrest,1
2023-07-27,Australia,Casey - Hallam,2
2023-02-12,Australia,Sydney,2
2023-02-26,Australia,City - Remainder,6
2023-06-05,Australia,Melbourne,1
2023-10-17,Australia,Sydney,2
2023-04-10,Australia,Melbourne,5
2023-09-10,Australia,Brisbane,1
2023-09-10,Australia,Cairns  - City,2
2023-10-16,Australia,Cairns  - City,2
2023-04-11,Australia,Marrickville,2
2023-03-28,Australia,Port Phillip - West,1
2023-10-28,Australia,Melbourne,2
2023-07-03,Australia,Perth,1
2023-03-12,Australia,Melbourne,2
2023-09-30,Australia,Bayswater,1
2023-04-21,Australia,Sydney,1
2023-11-16,Australia,Perth,1
2023-05-10,Australia,Surfers Paradise,2
2023-05-27,Australia,Melbourne,1
2023-09-03,Australia,Bankstown - North-East,2
2023-08-19,Australia,Sydney,2
2023-08-04,Australia,Perth,2
2023-08-18,Australia,Sydney,1
2023-08-07,Australia,Botany Bay,1
2023-09-13,Australia,Surfers Paradise,2
2023-05-08,Australia,Perth,1
2023-06-26,Australia,Melbourne,2
2023-02-23,Australia,Sydney,1
2023-06-22,Australia,Broadbeach-Mermaid Beach,1
2023-02-16,Australia,Blue Mountains,1
2023-08-23,Australia,Sydney,1
2023-07-16,Australia,Cairns  - City,2
2023-02-04,Australia,Adelaide,1
2023-06-09,Australia,Ballarat  - South,1
2023-08-01,Australia,Sydney,1
2023-03-02,Australia,Melbourne,1
2023-03-06,Australia,Melbourne,1
2023-10-16,Australia,Melbourne,1
2023-03-05,Australia,Melbourne,3
2023-10-13,Australia,Sydney,4
2023-07-04,Australia,Perth,1
2023-03-28,Australia,Brisbane,1
2023-07-03,Australia,Melbourne,1
2023-10-14,Australia,Sydney,2
2023-08-13,Australia,Cairns  - City,1
2023-04-22,Australia,Lake Macquarie - East,1
2023-07-19,Australia,Robertson,1
2023-09-16,Australia,Brisbane,1
2023-09-01,Australia,Wollongong - Inner,1
2023-11-03,Australia,Colac-Otway - South,3
2023-10-07,Australia,Melbourne,3
2023-03-08,Australia,Bega Valley,2
2023-09-28,Australia,Adelaide,1
2023-04-02,Australia,Sydney,1
2023-06-11,Australia,Sydney,1
2023-07-22,Australia,Port Phillip - St Kilda,1
2023-05-19,Australia,Parramatta  - Inner,1
2023-06-12,Australia,Fremantle,1
2023-04-09,Australia,Sydney,2
2023-02-23,Australia,Botany Bay,2
2023-09-09,Australia,City - Inner,1
2023-09-06,Australia,Cairns  - City,1
2023-05-04,Australia,Sydney,3
2023-07-02,Australia,Brisbane,1
2023-03-26,Australia,Melbourne,2
2023-08-15,Australia,Sydney,2
2023-10-01,Australia,Melbourne,1
2023-07-03,Australia,Sydney,3
2023-09-30,Australia,Cairns  - City,1
2023-10-26,Australia,Brisbane,1
2023-11-03,Australia,Sydney,3
2023-06-20,Australia,Griffith,1
2023-11-01,Australia,Sydney,4
2023-09-11,Australia,Perth,1
2023-10-09,Australia,Cairns  - City,3
2023-04-17,Australia,Surfers Paradise,1
2023-04-16,Australia,Braddon,1
2023-05-05,Australia,Melbourne,1
2023-06-12,Australia,Melbourne,1
2023-03-30,Australia,Marrickville,1
2023-04-08,Australia,Melbourne,2
2023-05-18,Australia,Sydney,1
2023-05-03,Australia,City - Remainder,1
2023-11-08,Australia,Perth,1
2023-02-02,Australia,Brisbane,1
2023-07-13,Australia,Perth,2
2023-03-22,Australia,Monash - South-West,1
2023-07-02,Australia,Melbourne,2
2023-02-04,Australia,Perth,2
2023-10-22,Australia,Perth,2
2023-07-29,Australia,Sydney,5
2023-05-31,Australia,Melbourne,3
2023-04-23,Australia,Sydney,5
2023-10-29,Australia,Belconnen Town Centre,1
2023-08-02,Australia,Griffith,1
2023-07-09,Australia,Botany Bay,1
2023-07-04,Australia,Marrickville,1
2023-03-15,Australia,Hervey Bay - Pt A,1
2023-08-26,Australia,Brisbane,1
2023-11-05,Australia,Hume - Broadmeadows,1
2023-06-20,Australia,Barton,1
2023-03-08,Australia,Perth,1
2023-05-21,Australia,Melbourne,1
2023-08-04,Australia,Randwick,1
2023-09-14,Australia,Surfers Paradise,1
2023-05-24,Australia,Perth,1
2023-04-16,Australia,Melbourne,1
2023-04-03,Australia,Gr. Dandenong Bal,1
2023-05-06,Australia,Melbourne,4
2023-05-22,Australia,Cessnock,1
2023-01-02,Australia,Perth,1
2023-05-07,Australia,Sydney,4
2023-02-23,Australia,Braddon,1
2023-01-13,Australia,Botany Bay,2
2023-05-17,Australia,Perth,4
2023-07-30,Australia,Port Phillip - St Kilda,1
2023-01-26,Australia,Sydney,2
2023-07-28,Australia,Adelaide,1
2023-02-01,Australia,Surfers Paradise,1
2023-03-25,Australia,Hervey Bay - Pt A,1
2023-06-03,Australia,Sydney,2
2023-02-25,Australia,Brisbane,1
2023-02-25,Australia,Melbourne,1
2023-06-18,Australia,Gr. Dandenong - Dandenong,1
2023-04-24,Australia,Melbourne,5
2023-09-10,Australia,Blue Mountains,1
2023-11-11,Australia,Casey - Hallam,1
2023-04-27,Australia,Cairns  - City,1
2023-08-03,Australia,Perth,1
2023-08-25,Australia,Hume - Craigieburn,1
2023-07-18,Australia,Melbourne,1
2023-03-13,Australia,Sydney,4
2023-10-14,Australia,Adelaide,1
2023-07-17,Australia,Cairns  - City,1
2023-02-09,Australia,Randwick,1
2023-08-26,Australia,Botany Bay,1
2023-03-14,Australia,Melbourne,2
2023-11-02,Australia,Perth,1
2023-01-23,Australia,Perth,1
2023-11-17,Australia,Perth,2
2023-08-19,Australia,Cairns  - City,3
2023-05-24,Australia,Pinkenba-Eagle Farm,1
2023-09-27,Australia,Perth,2
2023-08-06,Australia,Fremantle,1
2023-05-19,Australia,Sydney,2
2023-01-14,Australia,Surfers Paradise,1
2023-06-15,Australia,Brisbane,2
2023-09-09,Australia,Cairns  - City,4
2023-06-22,Australia,Perth,2
2023-11-07,Australia,Sydney,6
2023-09-08,Australia,Cairns  - City,4
2023-03-25,Australia,Melbourne,1
2023-10-22,Australia,Melbourne,1
2023-03-10,Australia,Sydney,9
2023-02-03,Australia,Sydney,1
2023-01-06,Australia,Sydney,2
2023-07-23,Australia,Sydney,1
2023-06-19,Australia,Melbourne,3
2023-06-19,Australia,Perth,1
2023-02-28,Australia,Melbourne,2
2023-05-30,Australia,Sydney,1
2023-10-19,Australia,Sydney,3
2023-04-23,Australia,Perth,1
2023-07-09,Australia,Hervey Bay - Pt A,1
2023-08-25,Australia,Griffith,1
2023-07-18,Australia,Sydney,1
2023-10-28,Australia,Sydney,2
2023-09-20,Australia,Blue Mountains,1
2023-03-15,Australia,Melbourne,3
2023-07-19,Australia,Cairns  - City,1
2023-04-05,Australia,Sydney,7
2023-08-09,Australia,Botany Bay,1
2023-05-11,Australia,Perth,1
2023-11-03,Australia,Perth,3
2023-01-22,Australia,Melbourne,1
2023-09-11,Australia,City,1
2023-08-07,Australia,Sydney,3
2023-08-07,Australia,Cairns  - City,2
2023-04-16,Australia,Surfers Paradise,3
2023-01-28,Australia,Perth,1
2023-06-10,Australia,Melbourne,1
2023-07-31,Australia,Sydney,2
2023-09-07,Australia,Melbourne,2
2023-05-03,Australia,Melbourne,1
2023-07-29,Australia,Melbourne,2
2023-08-15,Australia,Melbourne,1
2023-10-19,Australia,Botany Bay,2
2023-10-29,Australia,Sydney,2
2023-10-01,Australia,Hume - Craigieburn,1
2023-10-27,Australia,Sydney,1
2023-08-11,Australia,Sydney,5
2023-11-20,Australia,Melbourne,1
2023-04-05,Australia,Perth,2
2023-04-19,Australia,Bilinga-Tugun,1
2023-09-18,Australia,Melbourne,1
2023-11-18,Australia,Perth,1
2023-05-27,Australia,Hobart,1
2023-08-05,Australia,Surfers Paradise,1
2023-04-29,Australia,Perth,1
2023-05-20,Australia,Fairfield - East,1
2023-03-08,Australia,City - Inner,1
2023-11-15,Australia,Perth,2
2023-09-27,Australia,Carrara-Merrimac,1
2023-08-06,Australia,Cairns  - City,3
2023-01-14,Australia,Sydney,2
2023-07-20,Australia,Perth,1
2023-09-06,Australia,Melbourne,1
2023-01-11,Australia,Melbourne,1
2023-05-03,Australia,Botany Bay,1
2023-06-24,Australia,Sydney,2
2023-02-15,Australia,Brisbane,1
2023-07-02,Australia,Sydney,1
2023-07-16,Australia,Griffith,1
2023-08-30,Australia,Perth,2
2023-02-25,Australia,Sydney,3
2023-07-25,Australia,Perth,1
2023-08-01,Australia,Surfers Paradise,1
2023-09-21,Australia,Perth,1
2023-09-10,Australia,Sydney,1
2023-08-03,Australia,Sydney,1
2023-03-28,Australia,Sydney,1
2023-08-24,Australia,Griffith,1
2023-03-29,Australia,Tamworth Regional - Pt A,2
2023-08-09,Australia,Brisbane,1
2023-09-29,Australia,Cairns  - City,1
2023-09-18,Australia,Perth,2
2023-05-28,Australia,Stirling,1
2023-05-14,Australia,Melbourne,1
2023-09-19,Australia,Melbourne,1
2023-05-23,Australia,Melbourne,2
2023-08-06,Australia,Griffith,1
2023-11-09,Australia,Perth,5
2023-01-24,Australia,Fairfield - East,1
2023-09-06,Australia,Perth,4
2023-07-30,Australia,Melbourne,1
2023-07-14,Australia,Palerang - Pt A,1
2023-07-01,Australia,Sydney,3
2023-07-15,Australia,Sydney,1
2023-07-15,Australia,Cairns  - City,2
2023-03-24,Australia,Perth,1
2023-08-30,Australia,Dandaragan,1
2023-05-09,Australia,Sydney,4
2023-10-20,Australia,Melbourne,1
2023-06-19,Australia,Fairfield - East,2
2023-07-25,Australia,Sydney,1
2023-08-01,Australia,Perth,1
2023-05-31,Australia,Perth,2
2023-07-07,Australia,Surfers Paradise,1
2023-10-19,Australia,Brisbane,1
2023-11-11,Australia,Brisbane,1
2023-04-27,Australia,Geelong,1
2023-03-05,Australia,Griffith,1
2023-08-13,Australia,Sydney,4
2023-08-12,Australia,Melbourne,2
2023-04-22,Australia,Rockdale,1
2023-07-05,Australia,Pinkenba-Eagle Farm,1
2023-03-14,Australia,Botany Bay,1
2023-09-16,Australia,Belmont,1
2023-08-09,Australia,Griffith,1
2023-09-01,Australia,Griffith,1
2023-09-15,Australia,Perth,1
2023-04-07,Australia,Griffith,1
2023-09-03,Australia,Sydney,1
2023-04-28,Australia,Canning,1
2023-04-28,Australia,Melbourne,2
2023-08-07,Australia,Perth,3
2023-06-11,Australia,Melbourne,2
2023-05-19,Australia,Melbourne,1
2023-06-12,Australia,Port Phillip - West,1
2023-07-20,Australia,Cairns  - City,1
2023-05-17,Australia,Melbourne,4
2023-07-30,Australia,Perth,3
2023-07-13,Australia,Sydney,2
2023-07-16,Australia,Sydney,1
2023-02-18,Australia,Sydney,3
2023-01-19,Australia,Adelaide,1
2023-08-01,Australia,Melbourne,2
2023-08-29,Australia,Cairns  - City,1
2023-03-17,Australia,Port Phillip - St Kilda,1
2023-04-23,Australia,Botany Bay,1
2023-04-27,Australia,Melbourne,1
2023-08-17,Australia,Sydney,3
2023-09-24,Australia,Sydney,6
2023-03-05,Australia,Ryde,1
2023-10-13,Australia,Perth,1
2023-08-24,Australia,Sydney,1
2023-03-16,Australia,Melbourne,4
2023-03-29,Australia,Sydney,3
2023-08-26,Australia,Perth,1
2023-03-14,Australia,Adelaide,1
2023-04-05,Australia,Brisbane,2
2023-11-19,Australia,Perth,3
2023-11-16,Australia,Melbourne,1
2023-04-14,Australia,Perth,1
2023-09-11,Australia,Belmont,1
2023-11-15,Australia,Melbourne,4
2023-11-13,Australia,Mildura - Pt A,1
2023-10-06,Australia,Melbourne,2
2023-05-06,Australia,Sydney,4
2023-09-13,Australia,Melbourne,1
2023-10-30,Australia,Sydney,2
2023-03-31,Australia,Rockdale,1
2023-06-12,Australia,Perth,1
2023-05-07,Australia,Fairfield - East,1
2023-03-30,Australia,Adelaide,1
2023-01-03,Australia,Sydney,1
2023-06-10,Australia,Sydney,4
2023-06-24,Australia,Melbourne,1
2023-05-17,Australia,Bankstown - North-East,1
2023-09-08,Australia,Perth,2
2023-08-21,Australia,Melbourne,5
2023-08-23,Australia,Mornington P'sula - South,1
2023-03-25,Australia,Blue Mountains,1
2023-02-26,Australia,Griffith,1
2023-07-23,Australia,Perth,1
2023-08-31,Australia,Sydney,2
2023-04-25,Australia,Cairns  - City,1
2023-10-03,Australia,Sydney,2
2023-03-03,Australia,Melbourne,4
2023-10-16,Australia,Brisbane,1
2023-08-02,Australia,Perth,8
2023-09-23,Australia,Belmont,1
2023-07-04,Australia,Sydney,2
2023-09-20,Australia,Perth,2
2023-05-26,Australia,Melbourne,2
2023-04-04,Australia,Melbourne,3
2023-11-05,Australia,Melbourne,2
2023-11-17,Australia,West Torrens - West,1
2023-09-03,Australia,Perth,1
2023-03-09,Australia,Melbourne,4
2023-06-01,Australia,Melbourne,1
2023-06-11,Australia,Fairfield - East,1
2023-05-17,Australia,Spring Hill,1
2023-07-14,Australia,Sydney,3
2023-06-06,Australia,Sydney,2
2023-08-23,Australia,Cairns  - City,3
2023-03-11,Australia,Melbourne,2
2023-02-04,Australia,Botany Bay,1
2023-06-09,Australia,Randwick,1
2023-03-10,Australia,Melbourne,7
2023-06-19,Australia,Cairns  - City,4
2023-06-04,Australia,Sydney,6
2023-03-20,Australia,Sydney,1
2023-07-10,Australia,Monash - Waverley West,1
2023-08-28,Australia,Brisbane,1
2023-11-22,Australia,Boroondara  - Hawthorn,1
2023-10-16,Australia,Sydney,1
2023-08-02,Australia,Coolangatta,1
2023-10-27,Australia,Port Phillip - St Kilda,1
2023-07-04,Australia,Mornington P'sula - South,1
2023-09-16,Australia,Melbourne,2
2023-05-25,Australia,Melbourne,2
2023-05-10,Australia,Sydney,4
2023-05-12,Australia,Rockdale,1
2023-04-29,Australia,Griffith,1
2023-09-12,Australia,Sydney,4
2023-03-07,Australia,Sydney,3
2023-09-14,Australia,Surf Coast - East,1
2023-03-09,Australia,Perth,1
2023-03-09,Australia,Wagga Wagga - Pt A,1
2023-01-15,Australia,Sydney,2
2023-05-16,Australia,Surfers Paradise,1
2023-05-29,Australia,Surfers Paradise,1
2023-07-21,Australia,Melbourne,2
2023-11-06,Australia,Melbourne,1
2023-09-08,Australia,Sydney,2
2023-07-30,Australia,Cairns  - City,1
2023-10-23,Australia,Belconnen Town Centre,1
2023-02-02,Australia,Adelaide,1
2023-02-01,Australia,Perth,3
2023-08-23,Australia,Rockdale,1
2023-02-19,Australia,Sydney,1
2023-10-21,Australia,Rockdale,1
2023-03-10,Australia,Randwick,1
2023-04-10,Australia,Sydney,3
2023-10-16,Australia,Botany Bay,1
2023-08-02,Australia,Sydney,1
2023-09-23,Australia,Cairns  - City,2
2023-03-28,Australia,Perth,3
2023-10-14,Australia,Perth,1
2023-09-30,Australia,Norw. P'ham St Ptrs  - West,1
2023-04-21,Australia,Melbourne,2
2023-01-21,Australia,Perth,1
2023-04-19,Australia,Hume - Broadmeadows,1
2023-03-14,Australia,Blue Mountains,1
2023-03-08,Australia,Sydney,3
2023-08-19,Australia,Gr. Dandenong - Dandenong,1
2023-10-08,Australia,Melbourne,4
2023-05-20,Australia,Melbourne,1
2023-08-18,Australia,Manly,1
2023-04-03,Australia,Brisbane,1
2023-09-09,Australia,Melbourne,5
2023-01-10,Australia,Adelaide,1
2023-05-15,Australia,Sydney,2
2023-05-03,Australia,Tamworth Regional - Pt A,1
2023-03-26,Australia,Ryde,2
2023-02-19,Australia,Moonee Valley - West,1
2023-02-19,Australia,Melbourne,1
2023-08-22,Australia,Melbourne,1
2023-07-10,Australia,Sydney,1
2023-08-31,Australia,Cairns  - City,1
2023-04-25,Australia,Melbourne,3
2023-09-22,Australia,Surfers Paradise,1
2023-08-15,Australia,Cairns  - City,1
2023-03-03,Australia,Perth,1
2023-07-08,Australia,Sydney,1
2023-04-24,Australia,Sydney,2
2023-05-30,Australia,Melbourne,1
2023-08-14,Australia,Perth,3
2023-02-08,Australia,Sydney,1
2023-07-05,Australia,Sydney,4
2023-09-01,Australia,Sydney,1
2023-11-02,Australia,Melbourne,2
2023-11-18,Australia,Sydney,3
2023-05-28,Australia,Surfers Paradise,1
2023-11-01,Australia,Melbourne,5
2023-04-13,Australia,Port Phillip - West,1
2023-09-27,Australia,Melbourne,2
2023-06-01,Australia,Bass Coast  - Phillip Is.,1
2023-05-08,Australia,Melbourne,2
2023-05-07,Australia,Perth,1
2023-01-24,Australia,Sydney,1
2023-01-16,Australia,Melbourne,1
2023-05-04,Australia,Melbourne,2
2023-11-06,Australia,Cairns  - City,1
2023-06-24,Australia,Perth,1
2023-05-17,Australia,Sydney,1
2023-02-17,Australia,Melbourne,2
2023-04-30,Australia,Fairfield - East,1
2023-06-07,Australia,Sydney,6
2023-08-23,Australia,Griffith,1
2023-08-22,Australia,Sydney,2
2023-06-05,Australia,Sydney,1
2023-08-31,Australia,Gr. Dandenong Bal,1
2023-04-24,Australia,Brisbane,1
2023-10-16,Australia,Unley - East,1
2023-08-16,Australia,Cairns  - City,2
2023-10-13,Australia,Botany Bay,1
2023-08-10,Australia,Perth,1
2023-07-17,Australia,Melbourne,1
2023-03-01,Australia,Surfers Paradise,1
2023-07-05,Australia,Hervey Bay - Pt A,1
2023-09-02,Australia,Bankstown - North-East,1
2023-04-19,Australia,Sydney,2
2023-04-18,Australia,Melbourne,11
2023-09-29,Australia,Melbourne,1
2023-09-26,Australia,Melbourne,3
2023-09-28,Australia,Cairns  - City,3
2023-04-17,Australia,Melbourne,7
2023-11-01,Australia,Hobart,1
2023-05-22,Australia,Perth,1
2023-02-22,Australia,Barton,1
2023-02-21,Australia,Gr. Dandenong Bal,1
2023-06-26,Australia,Surfers Paradise,1
2023-02-24,Australia,Sydney,2
2023-07-28,Australia,Perth,2
2023-06-06,Australia,Stirling,1
2023-02-15,Australia,Surfers Paradise,1
2023-07-16,Australia,Hurstville,1
2023-10-21,Australia,Hume - Craigieburn,1
2023-07-12,Australia,Brisbane,1
2023-10-31,Australia,Sydney,6
2023-04-25,Australia,Sydney,3
2023-03-17,Australia,Melbourne,1
2023-10-16,Australia,Hume - Broadmeadows,1
2023-07-04,Australia,Melbourne,2
2023-11-20,Australia,Sydney,1
2023-03-27,Australia,Sydney,3
2023-02-06,Australia,Sydney,3
2023-07-03,Australia,Cairns  - City,1
2023-10-28,Australia,Surfers Paradise,1
2023-10-14,Australia,Belconnen Town Centre,1
2023-07-17,Australia,Marrickville,1
2023-10-26,Australia,Melbourne,2
2023-09-15,Australia,Melbourne,1
2023-08-07,Australia,Fremantle,1
2023-03-09,Australia,E. Gippsland - Bairnsdale,2
2023-01-01,Australia,Melbourne,1
2023-06-26,Australia,Eurobodalla,1
2023-06-29,Australia,Perth,1
2023-05-08,Australia,Sydney,1
2023-06-14,Australia,Sydney,3
2023-03-30,Australia,Casey - Hallam,1
2023-01-12,Australia,Perth,1
2023-07-14,Australia,Cairns  - City,2
2023-08-20,Australia,Sydney,1
2023-08-23,Australia,Monash - Waverley West,1
2023-07-16,Australia,Perth,1
2023-02-18,Australia,Melbourne,2
2023-01-08,Australia,Melbourne,1
2023-03-21,Australia,Sydney,1
2023-08-15,Australia,Perth,1
2023-08-29,Australia,Adelaide,1
2023-11-10,Australia,Melbourne,4
2023-11-10,Australia,Ainslie,1
2023-10-01,Australia,Marrickville,1
2023-03-05,Australia,Mornington P'sula - South,1
2023-08-24,Australia,Cairns  - City,2
2023-11-21,Australia,Perth,1
2023-10-11,Australia,Cairns  - City,2
2023-10-26,Australia,Sydney,2
2023-10-26,Australia,Belconnen Town Centre,1
2023-09-02,Australia,Hurstville,1
2023-05-26,Australia,Perth,1
2023-09-26,Australia,Darebin - Preston,1
2023-04-29,Australia,Launceston - Pt B,1
2023-09-12,Australia,Melbourne,2
2023-11-15,Australia,Cairns  - City,1
2023-05-24,Australia,Marrickville,1
2023-02-21,Australia,Port Phillip - West,1
2023-06-15,Australia,Melbourne,3
2023-01-10,Australia,Perth,1
2023-05-29,Australia,Melbourne,1
2023-01-13,Australia,Sydney,1
2023-01-28,Australia,Botany Bay,1
2023-02-20,Australia,Brisbane,1
2023-06-21,Australia,Blue Mountains,1
2023-04-30,Australia,Sydney,2
2023-02-02,Australia,Gr. Dandenong Bal,1
2023-10-24,Australia,Perth,1
2023-02-05,Australia,Melbourne,1
2023-07-16,Australia,Brisbane,1
2023-02-26,Australia,Botany Bay,1
2023-06-19,Australia,Sydney,3
2023-07-11,Australia,Brisbane,2
2023-07-25,Australia,Newcastle - Throsby,1
2023-04-10,Australia,Port Phillip - St Kilda,1
2023-05-30,Australia,Kentish,1
2023-04-27,Australia,Mandurah,1
2023-10-01,Australia,Botany Bay,1
2023-04-11,Australia,Pinkenba-Eagle Farm,1
2023-10-13,Australia,Melbourne,5
2023-11-19,Australia,Melbourne,1
2023-05-28,Australia,City,1
2023-01-31,Australia,Perth,1
2023-03-07,Australia,Rockdale,1
2023-10-09,Australia,Sydney,5
2023-11-13,Australia,Ryde,1
2023-10-05,Australia,Melbourne,1
2023-05-08,Australia,Yarralumla,1
2023-06-22,Australia,Melbourne,1
2023-02-20,Australia,Melbourne,1
2023-09-07,Australia,Marion - Central,1
2023-09-07,Australia,Parramatta  - Inner,1
2023-02-15,Australia,Sydney,3
2023-07-01,Australia,Perth,1
2023-07-24,Australia,Melbourne,1
2023-07-24,Australia,Hurstville,1
2023-08-30,Australia,Melbourne,2
2023-02-11,Australia,Melbourne,2
2023-07-25,Australia,Melbourne,1
2023-02-13,Australia,Sydney,1
2023-04-26,Australia,Perth,2
2023-04-11,Australia,Sydney,3
2023-08-10,Australia,Sydney,5
2023-09-20,Australia,Belmont,2
2023-09-30,Australia,Hobart,1
2023-08-27,Australia,Melbourne,2
2023-04-05,Australia,Surfers Paradise,1
2023-11-04,Australia,Melbourne,2
2023-09-02,Australia,Melbourne,2
2023-05-25,Australia,Sydney,3
2023-04-07,Australia,Sydney,5
2023-11-03,Australia,Melbourne,3
2023-04-29,Australia,Melbourne,6
2023-08-05,Australia,Sydney,1
2023-09-11,Australia,Cairns  - City,1
2023-08-18,Australia,Auburn,1
2023-11-12,Australia,Melbourne,2
2023-05-22,Australia,Melbourne,2
2023-01-18,Australia,Sydney,10
2023-06-01,Australia,Blacktown - South-East,1
2023-07-22,Australia,Botany Bay,1
2023-05-19,Australia,Winnellie,1
2023-01-17,Australia,Botany Bay,2
2023-07-20,Australia,Griffith,2
2023-05-29,Australia,Sydney,3
2023-01-25,Australia,Hume - Craigieburn,1
2023-06-10,Australia,Perth,1
2023-07-31,Australia,Cairns  - City,1
2023-02-17,Australia,Perth,3
2023-08-20,Australia,Griffith,1
2023-08-20,Australia,Cairns  - City,4
2023-03-22,Australia,Perth,1
2023-06-08,Australia,Perth,2
2023-02-14,Australia,Randwick,1
2023-09-10,Australia,Rockdale,1
2023-11-11,Australia,Melbourne,1
2023-10-27,Australia,Botany Bay,1
2023-07-04,Australia,Brisbane,1
2023-04-20,Australia,Sydney,7
2023-10-11,Australia,Sydney,3
2023-08-27,Australia,Marrickville,1
2023-04-19,Australia,Hume - Craigieburn,1
2023-04-29,Australia,Banana,1
2023-08-04,Australia,Hervey Bay - Pt A,1
2023-08-04,Australia,Melbourne,1
2023-04-17,Australia,Sydney,12
2023-04-16,Australia,Hobart,2
2023-06-13,Australia,Perth,2
2023-06-14,Australia,Perth,1
2023-05-07,Australia,Rockdale,1
2023-05-15,Australia,Ainslie,1
2023-09-09,Australia,Griffith,1
2023-01-25,Australia,Melbourne,2
2023-05-18,Australia,Botany Bay,1
2023-07-14,Hong Kong,New Territories,8
2023-01-09,Hong Kong,Kowloon,2
2023-02-03,Hong Kong,New Territories,2
2023-02-27,Hong Kong,Hong Kong Island,2
2023-06-16,Hong Kong,Hong Kong Island,5
2023-02-25,Hong Kong,Hong Kong Island,1
2023-08-31,Hong Kong,Hong Kong Island,14
2023-10-03,Hong Kong,Hong Kong Island,6
2023-07-08,Hong Kong,Hong Kong Island,2
2023-07-07,Hong Kong,Kowloon,6
2023-08-28,Hong Kong,New Territories,2
2023-04-23,Hong Kong,Kowloon,8
2023-10-01,Hong Kong,Hong Kong Island,3
2023-04-11,Hong Kong,New Territories,2
2023-04-11,Hong Kong,Hong Kong Island,4
2023-08-11,Hong Kong,New Territories,58
2023-07-03,Hong Kong,New Territories,2
2023-07-06,Hong Kong,Hong Kong Island,4
2023-07-19,Hong Kong,Kowloon,13
2023-11-02,Hong Kong,Hong Kong Island,10
2023-05-28,Hong Kong,New Territories,3
2023-04-14,Hong Kong,Kowloon,11
2023-04-28,Hong Kong,Hong Kong Island,3
2023-08-04,Hong Kong,Hong Kong Island,8
2023-10-06,Hong Kong,New Territories,7
2023-06-13,Hong Kong,Kowloon,1
2023-05-06,Hong Kong,New Territories,3
2023-02-23,Hong Kong,New Territories,2
2023-01-24,Hong Kong,Hong Kong Island,1
2023-07-31,Hong Kong,Kowloon,5
2023-02-02,Hong Kong,New Territories,1
2023-07-24,Hong Kong,New Territories,2
2023-01-04,Hong Kong,Kowloon,1
2023-09-22,Hong Kong,Kowloon,10
2023-11-10,Hong Kong,New Territories,8
2023-10-25,Hong Kong,New Territories,6
2023-02-09,Hong Kong,Kowloon,3
2023-08-26,Hong Kong,Hong Kong Island,13
2023-10-12,Hong Kong,New Territories,12
2023-08-09,Hong Kong,Hong Kong Island,11
2023-05-11,Hong Kong,New Territories,5
2023-05-28,Hong Kong,Kowloon,6
2023-09-18,Hong Kong,Hong Kong Island,7
2023-01-23,Hong Kong,Kowloon,1
2023-11-14,Hong Kong,Kowloon,4
2023-11-01,Hong Kong,New Territories,12
2023-05-20,Hong Kong,Hong Kong Island,6
2023-09-12,Hong Kong,Kowloon,8
2023-09-27,Hong Kong,New Territories,14
2023-03-09,Hong Kong,Kowloon,7
2023-09-13,Hong Kong,Hong Kong Island,2
2023-03-30,Hong Kong,Kowloon,12
2023-07-13,Hong Kong,Kowloon,17
2023-02-01,Hong Kong,Hong Kong Island,3
2023-02-12,Hong Kong,Hong Kong Island,1
2023-06-16,Hong Kong,New Territories,2
2023-06-19,Hong Kong,Hong Kong Island,2
2023-02-14,Hong Kong,Kowloon,9
2023-07-11,Hong Kong,Hong Kong Island,3
2023-05-31,Hong Kong,Hong Kong Island,3
2023-07-07,Hong Kong,New Territories,1
2023-09-10,Hong Kong,Hong Kong Island,8
2023-09-24,Hong Kong,Hong Kong Island,7
2023-10-02,Hong Kong,New Territories,3
2023-10-13,Hong Kong,New Territories,4
2023-10-26,Hong Kong,Kowloon,20
2023-06-29,Hong Kong,New Territories,1
2023-07-20,Hong Kong,Kowloon,5
2023-09-06,Hong Kong,Kowloon,6
2023-09-06,Hong Kong,New Territories,6
2023-05-18,Hong Kong,Hong Kong Island,7
2023-06-24,Hong Kong,Kowloon,7
2023-09-08,Hong Kong,Hong Kong Island,2
2023-02-16,Hong Kong,Hong Kong Island,2
2023-10-10,Hong Kong,Kowloon,19
2023-08-22,Hong Kong,New Territories,6
2023-07-15,Hong Kong,Kowloon,14
2023-03-24,Hong Kong,Hong Kong Island,4
2023-02-11,Hong Kong,Kowloon,3
2023-03-20,Hong Kong,Kowloon,4
2023-09-21,Hong Kong,Hong Kong Island,2
2023-10-18,Hong Kong,Kowloon,11
2023-03-02,Hong Kong,Hong Kong Island,5
2023-07-18,Hong Kong,Hong Kong Island,8
2023-11-21,Hong Kong,Kowloon,9
2023-10-11,Hong Kong,New Territories,10
2023-08-13,Hong Kong,New Territories,3
2023-11-04,Hong Kong,Kowloon,14
2023-05-11,Hong Kong,Hong Kong Island,7
2023-06-11,Hong Kong,Kowloon,10
2023-05-08,Hong Kong,Kowloon,9
2023-07-20,Hong Kong,Hong Kong Island,4
2023-01-03,Hong Kong,Hong Kong Island,2
2023-04-08,Hong Kong,New Territories,1
2023-05-15,Hong Kong,Kowloon,5
2023-05-16,Hong Kong,Kowloon,9
2023-01-25,Hong Kong,Hong Kong Island,1
2023-05-17,Hong Kong,Kowloon,12
2023-07-14,Hong Kong,Kowloon,18
2023-03-11,Hong Kong,Kowloon,3
2023-07-01,Hong Kong,Kowloon,8
2023-08-30,Hong Kong,Kowloon,3
2023-01-08,Hong Kong,Kowloon,1
2023-02-28,Hong Kong,Kowloon,2
2023-08-27,Hong Kong,Hong Kong Island,4
2023-05-25,Hong Kong,Kowloon,12
2023-11-05,Hong Kong,Kowloon,11
2023-09-04,Hong Kong,Kowloon,6
2023-08-19,Hong Kong,Hong Kong Island,7
2023-03-07,Hong Kong,New Territories,4
2023-01-14,Hong Kong,Hong Kong Island,3
2023-02-02,Hong Kong,Kowloon,2
2023-01-04,Hong Kong,Hong Kong Island,2
2023-05-31,Hong Kong,Kowloon,17
2023-09-24,Hong Kong,New Territories,3
2023-10-16,Hong Kong,Hong Kong Island,7
2023-04-21,Hong Kong,New Territories,3
2023-09-03,Hong Kong,Hong Kong Island,2
2023-04-17,Hong Kong,New Territories,2
2023-01-30,Hong Kong,Kowloon,2
2023-09-27,Hong Kong,Kowloon,6
2023-11-12,Hong Kong,Kowloon,11
2023-05-05,Hong Kong,Kowloon,9
2023-03-23,Hong Kong,New Territories,1
2023-02-18,Hong Kong,Hong Kong Island,4
2023-08-30,Hong Kong,New Territories,4
2023-06-05,Hong Kong,Hong Kong Island,5
2023-09-22,Hong Kong,New Territories,10
2023-11-10,Hong Kong,Hong Kong Island,4
2023-10-15,Hong Kong,Hong Kong Island,7
2023-07-03,Hong Kong,Hong Kong Island,4
2023-10-28,Hong Kong,Hong Kong Island,7
2023-07-06,Hong Kong,New Territories,2
2023-01-21,Hong Kong,Kowloon,3
2023-11-02,Hong Kong,Kowloon,19
2023-09-18,Hong Kong,Kowloon,5
2023-11-17,Hong Kong,Kowloon,8
2023-09-03,Hong Kong,New Territories,5
2023-11-14,Hong Kong,New Territories,10
2023-01-30,Hong Kong,New Territories,3
2023-09-13,Hong Kong,Kowloon,9
2023-10-30,Hong Kong,New Territories,5
2023-01-14,Hong Kong,Kowloon,1
2023-06-26,Hong Kong,Hong Kong Island,8
2023-09-09,Hong Kong,Hong Kong Island,8
2023-09-07,Hong Kong,New Territories,14
2023-08-20,Hong Kong,Kowloon,5
2023-05-09,Hong Kong,Hong Kong Island,3
2023-06-04,Hong Kong,Hong Kong Island,6
2023-05-31,Hong Kong,New Territories,1
2023-03-17,Hong Kong,Kowloon,9
2023-10-18,Hong Kong,Hong Kong Island,7
2023-10-29,Hong Kong,Kowloon,10
2023-07-09,Hong Kong,Kowloon,8
2023-04-20,Hong Kong,Hong Kong Island,1
2023-11-20,Hong Kong,Hong Kong Island,8
2023-08-24,Hong Kong,Kowloon,7
2023-08-13,Hong Kong,Kowloon,2
2023-11-04,Hong Kong,New Territories,5
2023-11-03,Hong Kong,Hong Kong Island,19
2023-05-28,Hong Kong,Hong Kong Island,6
2023-05-13,Hong Kong,Hong Kong Island,1
2023-05-14,Hong Kong,Kowloon,2
2023-09-26,Hong Kong,Kowloon,8
2023-05-20,Hong Kong,New Territories,2
2023-03-07,Hong Kong,Hong Kong Island,2
2023-08-18,Hong Kong,New Territories,6
2023-10-30,Hong Kong,Hong Kong Island,10
2023-07-22,Hong Kong,Hong Kong Island,2
2023-05-02,Hong Kong,Kowloon,8
2023-11-09,Hong Kong,New Territories,6
2023-02-24,Hong Kong,Kowloon,12
2023-02-24,Hong Kong,New Territories,3
2023-06-25,Hong Kong,Kowloon,2
2023-09-07,Hong Kong,Kowloon,8
2023-10-24,Hong Kong,Kowloon,13
2023-07-02,Hong Kong,Hong Kong Island,7
2023-10-22,Hong Kong,Hong Kong Island,4
2023-01-19,Hong Kong,Hong Kong Island,1
2023-08-03,Hong Kong,Hong Kong Island,12
2023-03-05,Hong Kong,Hong Kong Island,6
2023-04-21,Hong Kong,Hong Kong Island,4
2023-09-02,Hong Kong,New Territories,4
2023-04-04,Hong Kong,Kowloon,12
2023-08-08,Hong Kong,Kowloon,4
2023-11-17,Hong Kong,New Territories,18
2023-03-08,Hong Kong,Hong Kong Island,4
2023-08-19,Hong Kong,Kowloon,6
2023-04-29,Hong Kong,Kowloon,4
2023-05-23,Hong Kong,New Territories,7
2023-06-13,Hong Kong,New Territories,2
2023-01-02,Hong Kong,Kowloon,4
2023-06-15,Hong Kong,Hong Kong Island,5
2023-06-23,Hong Kong,Hong Kong Island,4
2023-06-21,Hong Kong,Kowloon,5
2023-09-07,Hong Kong,Hong Kong Island,10
2023-07-02,Hong Kong,New Territories,4
2023-02-04,Hong Kong,Kowloon,4
2023-06-02,Hong Kong,Kowloon,4
2023-03-18,Hong Kong,Kowloon,1
2023-07-08,Hong Kong,New Territories,2
2023-09-23,Hong Kong,Hong Kong Island,1
2023-10-13,Hong Kong,Kowloon,11
2023-08-25,Hong Kong,New Territories,6
2023-10-28,Hong Kong,Kowloon,10
2023-03-29,Hong Kong,Kowloon,10
2023-03-01,Hong Kong,Hong Kong Island,5
2023-02-08,Hong Kong,Kowloon,5
2023-04-19,Hong Kong,New Territories,10
2023-09-15,Hong Kong,Hong Kong Island,8
2023-05-13,Hong Kong,New Territories,4
2023-10-08,Hong Kong,Hong Kong Island,4
2023-04-14,Hong Kong,Hong Kong Island,3
2023-11-15,Hong Kong,New Territories,11
2023-09-14,Hong Kong,New Territories,3
2023-11-13,Hong Kong,New Territories,9
2023-06-30,Hong Kong,Kowloon,6
2023-11-12,Hong Kong,Hong Kong Island,6
2023-05-05,Hong Kong,New Territories,1
2023-03-31,Hong Kong,New Territories,2
2023-01-10,Hong Kong,Hong Kong Island,2
2023-06-22,Hong Kong,Kowloon,12
2023-10-22,Hong Kong,Kowloon,16
2023-06-08,Hong Kong,New Territories,3
2023-07-23,Hong Kong,Kowloon,7
2023-02-11,Hong Kong,Hong Kong Island,2
2023-10-20,Hong Kong,New Territories,6
2023-04-24,Hong Kong,Hong Kong Island,9
2023-08-17,Hong Kong,Kowloon,9
2023-08-02,Hong Kong,Hong Kong Island,11
2023-10-27,Hong Kong,Kowloon,20
2023-03-28,Hong Kong,New Territories,3
2023-08-10,Hong Kong,New Territories,54
2023-03-16,Hong Kong,New Territories,2
2023-09-30,Hong Kong,Hong Kong Island,5
2023-08-13,Hong Kong,Hong Kong Island,14
2023-04-05,Hong Kong,New Territories,6
2023-10-08,Hong Kong,New Territories,10
2023-08-05,Hong Kong,New Territories,47
2023-08-18,Hong Kong,Hong Kong Island,16
2023-03-09,Hong Kong,New Territories,6
2023-01-18,Hong Kong,New Territories,1
2023-02-21,Hong Kong,New Territories,2
2023-01-15,Hong Kong,Hong Kong Island,1
2023-06-15,Hong Kong,Kowloon,6
2023-06-22,Hong Kong,Hong Kong Island,3
2023-06-25,Hong Kong,New Territories,2
2023-10-21,Hong Kong,Hong Kong Island,4
2023-03-25,Hong Kong,New Territories,5
2023-07-29,Hong Kong,Kowloon,7
2023-07-29,Hong Kong,New Territories,1
2023-10-31,Hong Kong,New Territories,16
2023-08-31,Hong Kong,Kowloon,4
2023-03-03,Hong Kong,Kowloon,6
2023-03-03,Hong Kong,New Territories,4
2023-10-04,Hong Kong,Hong Kong Island,6
2023-03-13,Hong Kong,Kowloon,1
2023-07-06,Hong Kong,Kowloon,7
2023-03-15,Hong Kong,Hong Kong Island,3
2023-11-14,Hong Kong,Hong Kong Island,2
2023-09-28,Hong Kong,Hong Kong Island,14
2023-10-05,Hong Kong,Kowloon,13
2023-09-13,Hong Kong,New Territories,7
2023-01-18,Hong Kong,Hong Kong Island,1
2023-06-28,Hong Kong,Kowloon,10
2023-09-05,Hong Kong,New Territories,4
2023-09-06,Hong Kong,Hong Kong Island,2
2023-01-28,Hong Kong,Kowloon,2
2023-09-08,Hong Kong,Kowloon,11
2023-08-21,Hong Kong,New Territories,2
2023-10-23,Hong Kong,Hong Kong Island,5
2023-06-07,Hong Kong,Hong Kong Island,4
2023-08-23,Hong Kong,Hong Kong Island,13
2023-02-04,Hong Kong,Hong Kong Island,5
2023-02-27,Hong Kong,New Territories,2
2023-07-26,Hong Kong,Kowloon,4
2023-04-10,Hong Kong,Hong Kong Island,7
2023-10-04,Hong Kong,Kowloon,13
2023-03-02,Hong Kong,Kowloon,2
2023-04-27,Hong Kong,Hong Kong Island,3
2023-04-26,Hong Kong,Hong Kong Island,5
2023-08-24,Hong Kong,Hong Kong Island,9
2023-03-01,Hong Kong,New Territories,7
2023-07-05,Hong Kong,Hong Kong Island,6
2023-09-01,Hong Kong,Hong Kong Island,4
2023-09-29,Hong Kong,Hong Kong Island,8
2023-05-13,Hong Kong,Kowloon,6
2023-10-05,Hong Kong,New Territories,8
2023-05-19,Hong Kong,Hong Kong Island,4
2023-09-09,Hong Kong,New Territories,6
2023-05-18,Hong Kong,Kowloon,3
2023-01-27,Hong Kong,Hong Kong Island,2
2023-10-23,Hong Kong,Kowloon,10
2023-07-15,Hong Kong,New Territories,6
2023-01-05,Hong Kong,Kowloon,1
2023-10-03,Hong Kong,New Territories,12
2023-08-14,Hong Kong,Hong Kong Island,15
2023-03-06,Hong Kong,Hong Kong Island,6
2023-03-16,Hong Kong,Kowloon,4
2023-08-26,Hong Kong,New Territories,7
2023-07-19,Hong Kong,Hong Kong Island,11
2023-08-09,Hong Kong,Kowloon,8
2023-09-01,Hong Kong,Kowloon,14
2023-05-10,Hong Kong,Kowloon,7
2023-11-15,Hong Kong,Kowloon,7
2023-04-13,Hong Kong,New Territories,1
2023-11-13,Hong Kong,Hong Kong Island,9
2023-05-22,Hong Kong,Kowloon,11
2023-04-02,Hong Kong,Hong Kong Island,2
2023-06-01,Hong Kong,Kowloon,6
2023-05-07,Hong Kong,Hong Kong Island,5
2023-11-07,Hong Kong,Hong Kong Island,4
2023-02-20,Hong Kong,Hong Kong Island,3
2023-06-21,Hong Kong,Hong Kong Island,3
2023-07-14,Hong Kong,Hong Kong Island,5
2023-07-15,Hong Kong,Hong Kong Island,6
2023-07-23,Hong Kong,Hong Kong Island,7
2023-08-29,Hong Kong,Hong Kong Island,6
2023-11-11,Hong Kong,New Territories,11
2023-03-06,Hong Kong,Kowloon,8
2023-08-17,Hong Kong,New Territories,5
2023-09-24,Hong Kong,Kowloon,12
2023-02-07,Hong Kong,Kowloon,4
2023-04-20,Hong Kong,Kowloon,5
2023-11-21,Hong Kong,New Territories,13
2023-05-21,Hong Kong,Kowloon,6
2023-11-01,Hong Kong,Kowloon,20
2023-09-11,Hong Kong,Kowloon,5
2023-04-29,Hong Kong,New Territories,1
2023-04-01,Hong Kong,New Territories,1
2023-05-01,Hong Kong,Kowloon,9
2023-04-30,Hong Kong,Kowloon,8
2023-07-28,Hong Kong,Hong Kong Island,9
2023-07-16,Hong Kong,Kowloon,5
2023-08-28,Hong Kong,Hong Kong Island,5
2023-04-27,Hong Kong,Kowloon,11
2023-11-22,Hong Kong,New Territories,1
2023-07-17,Hong Kong,New Territories,4
2023-03-01,Hong Kong,Kowloon,10
2023-03-15,Hong Kong,New Territories,3
2023-11-04,Hong Kong,Hong Kong Island,9
2023-09-16,Hong Kong,Kowloon,8
2023-09-16,Hong Kong,Hong Kong Island,4
2023-09-15,Hong Kong,New Territories,2
2023-11-16,Hong Kong,Kowloon,1
2023-09-19,Hong Kong,Kowloon,5
2023-09-17,Hong Kong,Hong Kong Island,2
2023-04-15,Hong Kong,Kowloon,12
2023-10-09,Hong Kong,Hong Kong Island,5
2023-04-17,Hong Kong,Kowloon,10
2023-09-14,Hong Kong,Kowloon,9
2023-02-10,Hong Kong,Kowloon,5
2023-01-02,Hong Kong,New Territories,1
2023-06-14,Hong Kong,Kowloon,6
2023-01-24,Hong Kong,New Territories,1
2023-05-03,Hong Kong,New Territories,3
2023-02-17,Hong Kong,Kowloon,2
2023-10-10,Hong Kong,Hong Kong Island,17
2023-08-23,Hong Kong,New Territories,2
2023-02-19,Hong Kong,Kowloon,2
2023-03-25,Hong Kong,Kowloon,5
2023-03-10,Hong Kong,Kowloon,14
2023-02-12,Hong Kong,New Territories,2
2023-07-23,Hong Kong,New Territories,1
2023-03-20,Hong Kong,New Territories,1
2023-05-30,Hong Kong,New Territories,2
2023-10-19,Hong Kong,Kowloon,12
2023-10-29,Hong Kong,New Territories,6
2023-10-01,Hong Kong,Kowloon,7
2023-09-23,Hong Kong,New Territories,6
2023-08-16,Hong Kong,Kowloon,5
2023-10-11,Hong Kong,Kowloon,16
2023-03-29,Hong Kong,New Territories,5
2023-10-12,Hong Kong,Kowloon,15
2023-03-08,Hong Kong,Kowloon,8
2023-08-18,Hong Kong,Kowloon,6
2023-04-01,Hong Kong,Hong Kong Island,4
2023-04-02,Hong Kong,Kowloon,5
2023-04-09,Hong Kong,Kowloon,10
2023-02-23,Hong Kong,Hong Kong Island,1
2023-05-01,Hong Kong,New Territories,1
2023-11-08,Hong Kong,Kowloon,10
2023-07-28,Hong Kong,New Territories,2
2023-03-23,Hong Kong,Kowloon,4
2023-06-06,Hong Kong,Kowloon,5
2023-07-16,Hong Kong,New Territories,4
2023-02-18,Hong Kong,Kowloon,3
2023-07-12,Hong Kong,Hong Kong Island,6
2023-06-18,Hong Kong,Kowloon,4
2023-07-10,Hong Kong,Kowloon,7
2023-07-25,Hong Kong,Hong Kong Island,14
2023-10-15,Hong Kong,New Territories,3
2023-10-01,Hong Kong,New Territories,4
2023-03-05,Hong Kong,Kowloon,5
2023-04-12,Hong Kong,New Territories,3
2023-07-18,Hong Kong,New Territories,7
2023-09-02,Hong Kong,Hong Kong Island,7
2023-11-19,Hong Kong,Kowloon,12
2023-06-20,Hong Kong,Hong Kong Island,4
2023-03-08,Hong Kong,New Territories,2
2023-10-08,Hong Kong,Kowloon,17
2023-09-11,Hong Kong,Hong Kong Island,3
2023-09-28,Hong Kong,New Territories,12
2023-11-13,Hong Kong,Kowloon,8
2023-01-11,Hong Kong,Hong Kong Island,3
2023-07-21,Hong Kong,Hong Kong Island,6
2023-03-11,Hong Kong,New Territories,2
2023-08-22,Hong Kong,Hong Kong Island,12
2023-10-31,Hong Kong,Hong Kong Island,8
2023-03-21,Hong Kong,Hong Kong Island,1
2023-04-25,Hong Kong,Hong Kong Island,2
2023-10-17,Hong Kong,Hong Kong Island,5
2023-03-04,Hong Kong,Kowloon,14
2023-10-16,Hong Kong,Kowloon,9
2023-07-09,Hong Kong,Hong Kong Island,1
2023-11-20,Hong Kong,Kowloon,8
2023-08-10,Hong Kong,Hong Kong Island,12
2023-03-13,Hong Kong,New Territories,3
2023-01-22,Hong Kong,Hong Kong Island,1
2023-03-09,Hong Kong,Hong Kong Island,5
2023-05-06,Hong Kong,Kowloon,9
2023-04-02,Hong Kong,New Territories,4
2023-02-23,Hong Kong,Kowloon,2
2023-06-23,Hong Kong,New Territories,4
2023-11-06,Hong Kong,Kowloon,12
2023-01-12,Hong Kong,Hong Kong Island,2
2023-07-30,Hong Kong,New Territories,3
2023-03-26,Hong Kong,New Territories,2
2023-03-10,Hong Kong,Hong Kong Island,9
2023-06-18,Hong Kong,Hong Kong Island,6
2023-03-04,Hong Kong,New Territories,1
2023-08-14,Hong Kong,Kowloon,10
2023-10-28,Hong Kong,New Territories,10
2023-10-14,Hong Kong,New Territories,2
2023-07-17,Hong Kong,Hong Kong Island,8
2023-09-20,Hong Kong,Kowloon,9
2023-08-27,Hong Kong,New Territories,10
2023-09-17,Hong Kong,New Territories,3
2023-05-27,Hong Kong,Kowloon,13
2023-01-31,Hong Kong,Kowloon,2
2023-09-11,Hong Kong,New Territories,3
2023-10-06,Hong Kong,Hong Kong Island,6
2023-05-23,Hong Kong,Kowloon,16
2023-02-21,Hong Kong,Hong Kong Island,2
2023-06-11,Hong Kong,Hong Kong Island,4
2023-02-10,Hong Kong,Hong Kong Island,2
2023-05-18,Hong Kong,New Territories,4
2023-02-20,Hong Kong,Kowloon,4
2023-11-06,Hong Kong,New Territories,5
2023-07-31,Hong Kong,New Territories,5
2023-07-30,Hong Kong,Kowloon,6
2023-10-10,Hong Kong,New Territories,16
2023-03-24,Hong Kong,Kowloon,4
2023-07-24,Hong Kong,Kowloon,4
2023-01-08,Hong Kong,New Territories,1
2023-03-18,Hong Kong,New Territories,2
2023-10-19,Hong Kong,Hong Kong Island,4
2023-04-26,Hong Kong,New Territories,3
2023-10-27,Hong Kong,New Territories,6
2023-07-04,Hong Kong,Hong Kong Island,6
2023-08-25,Hong Kong,Hong Kong Island,5
2023-02-06,Hong Kong,Hong Kong Island,3
2023-03-12,Hong Kong,Kowloon,4
2023-09-20,Hong Kong,Hong Kong Island,2
2023-09-30,Hong Kong,Kowloon,8
2023-04-05,Hong Kong,Hong Kong Island,3
2023-04-18,Hong Kong,New Territories,1
2023-01-23,Hong Kong,Hong Kong Island,1
2023-10-07,Hong Kong,Hong Kong Island,4
2023-09-25,Hong Kong,New Territories,5
2023-08-06,Hong Kong,New Territories,47
2023-04-09,Hong Kong,Hong Kong Island,6
2023-04-09,Hong Kong,New Territories,3
2023-05-29,Hong Kong,Hong Kong Island,4
2023-11-06,Hong Kong,Hong Kong Island,8
2023-02-17,Hong Kong,New Territories,1
2023-07-16,Hong Kong,Hong Kong Island,8
2023-02-03,Hong Kong,Kowloon,3
2023-02-27,Hong Kong,Kowloon,3
2023-10-20,Hong Kong,Hong Kong Island,4
2023-04-10,Hong Kong,New Territories,3
2023-08-25,Hong Kong,Kowloon,4
2023-09-04,Hong Kong,New Territories,4
2023-09-17,Hong Kong,Kowloon,7
2023-09-19,Hong Kong,Hong Kong Island,4
2023-06-26,Hong Kong,Kowloon,5
2023-06-29,Hong Kong,Hong Kong Island,3
2023-01-03,Hong Kong,Kowloon,3
2023-01-02,Hong Kong,Hong Kong Island,1
2023-05-29,Hong Kong,Kowloon,6
2023-01-25,Hong Kong,Kowloon,2
2023-05-01,Hong Kong,Hong Kong Island,6
2023-01-13,Hong Kong,Hong Kong Island,1
2023-01-26,Hong Kong,Kowloon,1
2023-10-22,Hong Kong,New Territories,5
2023-01-06,Hong Kong,Hong Kong Island,1
2023-01-19,Hong Kong,Kowloon,2
2023-06-16,Hong Kong,Kowloon,11
2023-11-11,Hong Kong,Kowloon,8
2023-03-12,Hong Kong,Hong Kong Island,1
2023-10-25,Hong Kong,Hong Kong Island,9
2023-07-19,Hong Kong,New Territories,4
2023-03-14,Hong Kong,Kowloon,1
2023-04-13,Hong Kong,Hong Kong Island,5
2023-01-01,Hong Kong,Hong Kong Island,2
2023-08-06,Hong Kong,Hong Kong Island,11
2023-06-27,Hong Kong,New Territories,2
2023-02-21,Hong Kong,Kowloon,1
2023-04-08,Hong Kong,Kowloon,12
2023-01-11,Hong Kong,New Territories,1
2023-06-03,Hong Kong,New Territories,1
2023-10-04,Hong Kong,New Territories,10
2023-10-15,Hong Kong,Kowloon,9
2023-10-02,Hong Kong,Kowloon,10
2023-09-23,Hong Kong,Kowloon,9
2023-11-21,Hong Kong,Hong Kong Island,2
2023-10-25,Hong Kong,Kowloon,18
2023-02-09,Hong Kong,New Territories,1
2023-02-09,Hong Kong,Hong Kong Island,1
2023-09-18,Hong Kong,New Territories,2
2023-11-18,Hong Kong,Hong Kong Island,5
2023-09-19,Hong Kong,New Territories,5
2023-09-14,Hong Kong,Hong Kong Island,5
2023-08-06,Hong Kong,Kowloon,14
2023-01-29,Hong Kong,Kowloon,2
2023-05-08,Hong Kong,Hong Kong Island,4
2023-01-17,Hong Kong,New Territories,2
2023-06-14,Hong Kong,Hong Kong Island,2
2023-01-10,Hong Kong,Kowloon,1
2023-06-24,Hong Kong,Hong Kong Island,6
2023-06-24,Hong Kong,New Territories,1
2023-06-03,Hong Kong,Hong Kong Island,6
2023-02-26,Hong Kong,Hong Kong Island,3
2023-07-26,Hong Kong,Hong Kong Island,15
2023-10-31,Hong Kong,Kowloon,20
2023-09-21,Hong Kong,Kowloon,11
2023-08-28,Hong Kong,Kowloon,12
2023-09-10,Hong Kong,Kowloon,6
2023-04-27,Hong Kong,New Territories,2
2023-03-27,Hong Kong,Hong Kong Island,1
2023-04-22,Hong Kong,Hong Kong Island,6
2023-04-06,Hong Kong,Kowloon,10
2023-08-05,Hong Kong,Hong Kong Island,4
2023-07-22,Hong Kong,Kowloon,4
2023-11-09,Hong Kong,Hong Kong Island,1
2023-07-30,Hong Kong,Hong Kong Island,7
2023-03-22,Hong Kong,Hong Kong Island,2
2023-07-27,Hong Kong,New Territories,2
2023-03-26,Hong Kong,Hong Kong Island,4
2023-10-21,Hong Kong,Kowloon,11
2023-07-12,Hong Kong,Kowloon,9
2023-07-26,Hong Kong,New Territories,4
2023-06-19,Hong Kong,Kowloon,11
2023-06-19,Hong Kong,New Territories,4
2023-04-25,Hong Kong,New Territories,1
2023-10-17,Hong Kong,Kowloon,12
2023-10-13,Hong Kong,Hong Kong Island,5
2023-03-27,Hong Kong,New Territories,1
2023-10-12,Hong Kong,Hong Kong Island,6
2023-07-05,Hong Kong,Kowloon,10
2023-05-26,Hong Kong,Kowloon,10
2023-04-04,Hong Kong,New Territories,6
2023-09-29,Hong Kong,New Territories,7
2023-11-05,Hong Kong,Hong Kong Island,3
2023-04-07,Hong Kong,Hong Kong Island,5
2023-11-18,Hong Kong,New Territories,12
2023-05-12,Hong Kong,Hong Kong Island,4
2023-04-28,Hong Kong,Kowloon,3
2023-06-27,Hong Kong,Hong Kong Island,6
2023-10-30,Hong Kong,Kowloon,18
2023-06-23,Hong Kong,Kowloon,5
2023-10-24,Hong Kong,Hong Kong Island,3
2023-07-27,Hong Kong,Hong Kong Island,13
2023-03-25,Hong Kong,Hong Kong Island,4
2023-02-18,Hong Kong,New Territories,1
2023-06-03,Hong Kong,Kowloon,6
2023-06-05,Hong Kong,Kowloon,8
2023-07-11,Hong Kong,Kowloon,12
2023-10-02,Hong Kong,Hong Kong Island,9
2023-04-05,Hong Kong,Kowloon,10
2023-11-19,Hong Kong,New Territories,24
2023-05-10,Hong Kong,New Territories,7
2023-09-04,Hong Kong,Hong Kong Island,6
2023-05-12,Hong Kong,New Territories,1
2023-04-06,Hong Kong,Hong Kong Island,7
2023-04-03,Hong Kong,Hong Kong Island,9
2023-06-30,Hong Kong,New Territories,2
2023-05-05,Hong Kong,Hong Kong Island,5
2023-03-31,Hong Kong,Kowloon,1
2023-05-08,Hong Kong,New Territories,3
2023-06-15,Hong Kong,New Territories,2
2023-05-07,Hong Kong,Kowloon,11
2023-03-24,Hong Kong,New Territories,3
2023-06-17,Hong Kong,New Territories,2
2023-10-20,Hong Kong,Kowloon,13
2023-06-05,Hong Kong,New Territories,1
2023-01-08,Hong Kong,Hong Kong Island,1
2023-08-29,Hong Kong,New Territories,11
2023-07-08,Hong Kong,Kowloon,8
2023-08-02,Hong Kong,Kowloon,7
2023-03-28,Hong Kong,Hong Kong Island,2
2023-04-22,Hong Kong,New Territories,3
2023-04-19,Hong Kong,Kowloon,8
2023-09-16,Hong Kong,New Territories,4
2023-04-04,Hong Kong,Hong Kong Island,7
2023-11-03,Hong Kong,Kowloon,40
2023-09-03,Hong Kong,Kowloon,8
2023-04-15,Hong Kong,Hong Kong Island,1
2023-08-04,Hong Kong,Kowloon,4
2023-05-24,Hong Kong,New Territories,6
2023-06-13,Hong Kong,Hong Kong Island,2
2023-06-01,Hong Kong,Hong Kong Island,4
2023-03-31,Hong Kong,Hong Kong Island,3
2023-01-28,Hong Kong,Hong Kong Island,2
2023-06-10,Hong Kong,Kowloon,11
2023-07-13,Hong Kong,New Territories,4
2023-02-15,Hong Kong,Hong Kong Island,6
2023-07-01,Hong Kong,New Territories,1
2023-05-09,Hong Kong,Kowloon,6
2023-02-25,Hong Kong,Kowloon,1
2023-07-07,Hong Kong,Hong Kong Island,4
2023-04-12,Hong Kong,Hong Kong Island,8
2023-08-16,Hong Kong,Hong Kong Island,7
2023-07-17,Hong Kong,Kowloon,11
2023-11-16,Hong Kong,New Territories,14
2023-08-08,Hong Kong,New Territories,71
2023-05-21,Hong Kong,New Territories,4
2023-04-28,Hong Kong,New Territories,3
2023-08-04,Hong Kong,New Territories,45
2023-06-29,Hong Kong,Kowloon,4
2023-05-07,Hong Kong,New Territories,3
2023-05-03,Hong Kong,Kowloon,9
2023-01-09,Hong Kong,Hong Kong Island,2
2023-02-19,Hong Kong,New Territories,1
2023-06-09,Hong Kong,Kowloon,7
2023-03-21,Hong Kong,New Territories,1
2023-07-25,Hong Kong,New Territories,3
2023-10-03,Hong Kong,Kowloon,8
2023-04-24,Hong Kong,New Territories,4
2023-04-24,Hong Kong,Kowloon,16
2023-08-16,Hong Kong,New Territories,2
2023-03-28,Hong Kong,Kowloon,3
2023-08-24,Hong Kong,New Territories,6
2023-11-16,Hong Kong,Hong Kong Island,9
2023-04-07,Hong Kong,New Territories,5
2023-08-07,Hong Kong,Hong Kong Island,7
2023-04-17,Hong Kong,Hong Kong Island,6
2023-04-16,Hong Kong,Hong Kong Island,4
2023-10-05,Hong Kong,Hong Kong Island,9
2023-05-19,Hong Kong,New Territories,1
2023-10-23,Hong Kong,New Territories,3
2023-02-16,Hong Kong,Kowloon,1
2023-10-24,Hong Kong,New Territories,1
2023-07-01,Hong Kong,Hong Kong Island,3
2023-06-17,Hong Kong,Kowloon,18
2023-02-14,Hong Kong,Hong Kong Island,1
2023-02-14,Hong Kong,New Territories,1
2023-02-13,Hong Kong,Kowloon,10
2023-08-15,Hong Kong,Hong Kong Island,7
2023-08-15,Hong Kong,New Territories,6
2023-05-30,Hong Kong,Hong Kong Island,6
2023-03-06,Hong Kong,New Territories,1
2023-03-19,Hong Kong,New Territories,2
2023-02-06,Hong Kong,Kowloon,1
2023-04-19,Hong Kong,Hong Kong Island,3
2023-09-01,Hong Kong,New Territories,4
2023-01-20,Hong Kong,Kowloon,1
2023-11-15,Hong Kong,Hong Kong Island,10
2023-07-21,Hong Kong,New Territories,9
2023-07-31,Hong Kong,Hong Kong Island,12
2023-02-05,Hong Kong,New Territories,1
2023-08-23,Hong Kong,Kowloon,5
2023-02-26,Hong Kong,Kowloon,4
2023-05-09,Hong Kong,New Territories,2
2023-06-18,Hong Kong,New Territories,1
2023-08-31,Hong Kong,New Territories,5
2023-05-30,Hong Kong,Kowloon,8
2023-08-11,Hong Kong,Kowloon,7
2023-10-26,Hong Kong,New Territories,12
2023-08-12,Hong Kong,Kowloon,4
2023-05-11,Hong Kong,Kowloon,6
2023-04-18,Hong Kong,Kowloon,6
2023-08-08,Hong Kong,Hong Kong Island,9
2023-11-02,Hong Kong,New Territories,14
2023-11-17,Hong Kong,Hong Kong Island,9
2023-08-19,Hong Kong,New Territories,1
2023-09-25,Hong Kong,Kowloon,6
2023-05-23,Hong Kong,Hong Kong Island,5
2023-04-01,Hong Kong,Kowloon,9
2023-09-08,Hong Kong,New Territories,6
2023-11-07,Hong Kong,New Territories,7
2023-06-25,Hong Kong,Hong Kong Island,3
2023-05-17,Hong Kong,Hong Kong Island,2
2023-08-21,Hong Kong,Hong Kong Island,12
2023-02-15,Hong Kong,Kowloon,3
2023-03-11,Hong Kong,Hong Kong Island,4
2023-06-02,Hong Kong,Hong Kong Island,5
2023-06-02,Hong Kong,New Territories,1
2023-07-11,Hong Kong,New Territories,1
2023-07-25,Hong Kong,Kowloon,4
2023-10-19,Hong Kong,New Territories,2
2023-03-05,Hong Kong,New Territories,1
2023-07-09,Hong Kong,New Territories,5
2023-07-04,Hong Kong,Kowloon,6
2023-02-06,Hong Kong,New Territories,4
2023-10-26,Hong Kong,Hong Kong Island,8
2023-08-12,Hong Kong,Hong Kong Island,11
2023-05-12,Hong Kong,Kowloon,10
2023-10-06,Hong Kong,Kowloon,6
2023-05-19,Hong Kong,Kowloon,5
2023-06-12,Hong Kong,Kowloon,2
2023-06-28,Hong Kong,New Territories,1
2023-05-04,Hong Kong,Kowloon,7
2023-08-20,Hong Kong,New Territories,4
2023-07-27,Hong Kong,Kowloon,3
2023-07-02,Hong Kong,Kowloon,15
2023-03-26,Hong Kong,Kowloon,4
2023-01-05,Hong Kong,Hong Kong Island,2
2023-03-21,Hong Kong,Kowloon,1
2023-07-10,Hong Kong,New Territories,2
2023-02-13,Hong Kong,Hong Kong Island,1
2023-11-11,Hong Kong,Hong Kong Island,7
2023-10-29,Hong Kong,Hong Kong Island,11
2023-10-16,Hong Kong,New Territories,8
2023-10-27,Hong Kong,Hong Kong Island,16
2023-08-10,Hong Kong,Kowloon,7
2023-03-13,Hong Kong,Hong Kong Island,4
2023-09-20,Hong Kong,New Territories,14
2023-04-03,Hong Kong,Kowloon,21
2023-11-12,Hong Kong,New Territories,7
2023-06-12,Hong Kong,Hong Kong Island,1
2023-05-02,Hong Kong,New Territories,3
2023-01-16,Hong Kong,Kowloon,1
2023-09-05,Hong Kong,Kowloon,7
2023-06-09,Hong Kong,New Territories,1
2023-08-15,Hong Kong,Kowloon,13
2023-03-17,Hong Kong,Hong Kong Island,5
2023-09-10,Hong Kong,New Territories,10
2023-02-07,Hong Kong,New Territories,3
2023-08-11,Hong Kong,Hong Kong Island,8
2023-10-11,Hong Kong,Hong Kong Island,7
2023-11-03,Hong Kong,New Territories,15
2023-05-14,Hong Kong,Hong Kong Island,3
2023-04-06,Hong Kong,New Territories,3
2023-08-05,Hong Kong,Kowloon,6
2023-09-12,Hong Kong,New Territories,7
2023-09-12,Hong Kong,Hong Kong Island,6
2023-09-25,Hong Kong,Hong Kong Island,9
2023-04-03,Hong Kong,New Territories,3
2023-06-30,Hong Kong,Hong Kong Island,5
2023-05-15,Hong Kong,Hong Kong Island,6
2023-01-13,Hong Kong,New Territories,1
2023-11-07,Hong Kong,Kowloon,6
2023-04-30,Hong Kong,Hong Kong Island,2
2023-10-21,Hong Kong,New Territories,5
2023-07-12,Hong Kong,New Territories,5
2023-09-22,Hong Kong,Hong Kong Island,3
2023-04-10,Hong Kong,Kowloon,12
2023-04-23,Hong Kong,New Territories,3
2023-04-12,Hong Kong,Kowloon,8
2023-11-20,Hong Kong,New Territories,28
2023-09-30,Hong Kong,New Territories,3
2023-04-22,Hong Kong,Kowloon,8
2023-02-08,Hong Kong,New Territories,1
2023-04-21,Hong Kong,Kowloon,12
2023-11-19,Hong Kong,Hong Kong Island,1
2023-04-18,Hong Kong,Hong Kong Island,7
2023-05-27,Hong Kong,New Territories,3
2023-05-21,Hong Kong,Hong Kong Island,7
2023-04-14,Hong Kong,New Territories,6
2023-03-07,Hong Kong,Kowloon,7
2023-08-07,Hong Kong,Kowloon,14
2023-01-15,Hong Kong,Kowloon,3
2023-05-16,Hong Kong,New Territories,4
2023-02-24,Hong Kong,Hong Kong Island,2
2023-01-13,Hong Kong,Kowloon,1
2023-06-07,Hong Kong,Kowloon,5
2023-08-20,Hong Kong,Hong Kong Island,6
2023-02-03,Hong Kong,Hong Kong Island,1
2023-02-25,Hong Kong,New Territories,1
2023-10-17,Hong Kong,New Territories,3
2023-08-29,Hong Kong,Kowloon,4
2023-04-23,Hong Kong,Hong Kong Island,4
2023-07-03,Hong Kong,Kowloon,13
2023-03-15,Hong Kong,Kowloon,1
2023-06-20,Hong Kong,Kowloon,8
2023-10-07,Hong Kong,Kowloon,18
2023-09-26,Hong Kong,Hong Kong Island,3
2023-09-27,Hong Kong,Hong Kong Island,7
2023-01-01,Hong Kong,New Territories,1
2023-06-27,Hong Kong,Kowloon,2
2023-01-18,Hong Kong,Kowloon,1
2023-02-10,Hong Kong,New Territories,1
2023-06-12,Hong Kong,New Territories,1
2023-09-09,Hong Kong,Kowloon,8
2023-05-16,Hong Kong,Hong Kong Island,5
2023-05-17,Hong Kong,New Territories,1
2023-11-08,Hong Kong,Hong Kong Island,10
2023-07-29,Hong Kong,Hong Kong Island,7
2023-08-30,Hong Kong,Hong Kong Island,10
2023-03-20,Hong Kong,Hong Kong Island,4
2023-02-13,Hong Kong,New Territories,1
2023-03-03,Hong Kong,Hong Kong Island,6
2023-08-14,Hong Kong,New Territories,4
2023-03-02,Hong Kong,New Territories,5
2023-08-17,Hong Kong,Hong Kong Island,8
2023-03-19,Hong Kong,Kowloon,2
2023-04-11,Hong Kong,Kowloon,13
2023-10-14,Hong Kong,Hong Kong Island,4
2023-08-12,Hong Kong,New Territories,47
2023-04-07,Hong Kong,Kowloon,14
2023-05-14,Hong Kong,New Territories,2
2023-04-29,Hong Kong,Hong Kong Island,4
2023-06-26,Hong Kong,New Territories,1
2023-05-04,Hong Kong,Hong Kong Island,3
2023-07-28,Hong Kong,Kowloon,7
2023-06-08,Hong Kong,Hong Kong Island,3
2023-07-10,Hong Kong,Hong Kong Island,5
2023-08-01,Hong Kong,New Territories,6
2023-03-17,Hong Kong,New Territories,3
2023-10-18,Hong Kong,New Territories,2
2023-08-03,Hong Kong,New Territories,51
2023-09-02,Hong Kong,Kowloon,10
2023-01-20,Hong Kong,New Territories,3
2023-09-29,Hong Kong,Kowloon,4
2023-09-26,Hong Kong,New Territories,12
2023-01-31,Hong Kong,Hong Kong Island,1
2023-05-20,Hong Kong,Kowloon,4
2023-10-09,Hong Kong,Kowloon,11
2023-04-16,Hong Kong,New Territories,1
2023-05-22,Hong Kong,Hong Kong Island,10
2023-06-11,Hong Kong,New Territories,4
2023-01-17,Hong Kong,Kowloon,1
2023-03-30,Hong Kong,New Territories,3
2023-01-24,Hong Kong,Kowloon,3
2023-05-29,Hong Kong,New Territories,2
2023-11-08,Hong Kong,New Territories,3
2023-08-21,Hong Kong,Kowloon,14
2023-07-24,Hong Kong,Hong Kong Island,10
2023-02-12,Hong Kong,Kowloon,1
2023-02-11,Hong Kong,New Territories,2
2023-06-04,Hong Kong,Kowloon,6
2023-08-01,Hong Kong,Kowloon,8
2023-10-14,Hong Kong,Kowloon,10
2023-08-26,Hong Kong,Kowloon,8
2023-03-14,Hong Kong,New Territories,2
2023-05-26,Hong Kong,Hong Kong Island,6
2023-05-26,Hong Kong,New Territories,3
2023-05-25,Hong Kong,New Territories,5
2023-05-25,Hong Kong,Hong Kong Island,3
2023-09-15,Hong Kong,Kowloon,14
2023-01-22,Hong Kong,New Territories,1
2023-11-18,Hong Kong,Kowloon,8
2023-04-15,Hong Kong,New Territories,3
2023-08-07,Hong Kong,New Territories,55
2023-05-24,Hong Kong,Hong Kong Island,8
2023-01-17,Hong Kong,Hong Kong Island,1
2023-07-21,Hong Kong,Kowloon,5
2023-09-05,Hong Kong,Hong Kong Island,4
2023-06-21,Hong Kong,New Territories,1
2023-06-10,Hong Kong,Hong Kong Island,3
2023-05-03,Hong Kong,Hong Kong Island,3
2023-07-13,Hong Kong,Hong Kong Island,5
2023-03-22,Hong Kong,Kowloon,4
2023-03-10,Hong Kong,New Territories,9
2023-06-08,Hong Kong,Kowloon,9
2023-06-17,Hong Kong,Hong Kong Island,2
2023-08-01,Hong Kong,Hong Kong Island,19
2023-09-21,Hong Kong,New Territories,4
2023-08-03,Hong Kong,Kowloon,14
2023-07-04,Hong Kong,New Territories,3
2023-04-20,Hong Kong,New Territories,6
2023-07-18,Hong Kong,Kowloon,14
2023-03-12,Hong Kong,New Territories,2
2023-03-16,Hong Kong,Hong Kong Island,4
2023-01-20,Hong Kong,Hong Kong Island,3
2023-10-07,Hong Kong,New Territories,8
2023-11-01,Hong Kong,Hong Kong Island,12
2023-10-09,Hong Kong,New Territories,6
2023-05-24,Hong Kong,Kowloon,9
2023-04-16,Hong Kong,Kowloon,6
2023-04-08,Hong Kong,Hong Kong Island,5
2023-05-15,Hong Kong,New Territories,3
2023-04-30,Hong Kong,New Territories,3
2023-08-22,Hong Kong,Kowloon,12
2023-01-04,Hong Kong,New Territories,1
2023-01-07,Hong Kong,Kowloon,3
2023-04-25,Hong Kong,Kowloon,10
2023-11-10,Hong Kong,Kowloon,7
2023-08-02,Hong Kong,New Territories,8
2023-04-26,Hong Kong,Kowloon,4
2023-08-27,Hong Kong,Kowloon,5
2023-03-14,Hong Kong,Hong Kong Island,7
2023-08-09,Hong Kong,New Territories,56
2023-01-31,Hong Kong,New Territories,2
2023-04-13,Hong Kong,Kowloon,6
2023-09-28,Hong Kong,Kowloon,10
2023-05-06,Hong Kong,Hong Kong Island,8
2023-06-28,Hong Kong,Hong Kong Island,4
2023-05-02,Hong Kong,Hong Kong Island,10
2023-11-09,Hong Kong,Kowloon,13
2023-01-10,Hong Kong,New Territories,1
2023-07-14,Netherlands,Ouder-Amstel,1
2023-07-29,Netherlands,Amsterdam,1
2023-10-31,Netherlands,Haarlemmermeer,1
2023-03-17,Netherlands,Haarlemmermeer,1
2023-09-15,Netherlands,Amsterdam,9
2023-11-02,Netherlands,Haarlemmermeer,4
2023-09-17,Netherlands,Haarlemmermeer,1
2023-09-19,Netherlands,Amsterdam,7
2023-08-04,Netherlands,Amsterdam,1
2023-10-09,Netherlands,Amsterdam,3
2023-07-20,Netherlands,Haarlemmermeer,3
2023-10-23,Netherlands,Amsterdam,7
2023-10-22,Netherlands,Rotterdam,1
2023-06-04,Netherlands,Haarlemmermeer,1
2023-09-22,Netherlands,Zaanstad,1
2023-11-10,Netherlands,Rotterdam,2
2023-09-10,Netherlands,Amsterdam,8
2023-04-27,Netherlands,Amsterdam,1
2023-03-06,Netherlands,Haarlemmermeer,1
2023-11-04,Netherlands,Zaanstad,1
2023-11-02,Netherlands,Amsterdam,8
2023-09-04,Netherlands,Breda,1
2023-10-08,Netherlands,Amsterdam,2
2023-03-07,Netherlands,Amsterdam,2
2023-08-18,Netherlands,Utrecht,1
2023-05-24,Netherlands,Haarlemmermeer,1
2023-05-16,Netherlands,Amsterdam,2
2023-05-29,Netherlands,Haarlemmermeer,1
2023-01-25,Netherlands,Amsterdam,2
2023-05-01,Netherlands,Amsterdam,2
2023-06-10,Netherlands,Haarlemmermeer,1
2023-11-08,Netherlands,Rotterdam,1
2023-02-17,Netherlands,Haarlemmermeer,1
2023-03-22,Netherlands,Rotterdam,1
2023-08-23,Netherlands,Haarlemmermeer,2
2023-08-30,Netherlands,Leiden,1
2023-03-20,Netherlands,Amsterdam,1
2023-03-17,Netherlands,Amsterdam,1
2023-03-17,Netherlands,The Hague,1
2023-10-02,Netherlands,Zaanstad,1
2023-10-13,Netherlands,Valkenburg aan de Geul,1
2023-02-07,Netherlands,Amsterdam,2
2023-08-09,Netherlands,Rotterdam,1
2023-04-07,Netherlands,Haarlemmermeer,4
2023-11-14,Netherlands,Haarlemmermeer,1
2023-08-18,Netherlands,Rotterdam,1
2023-08-07,Netherlands,Rotterdam,4
2023-04-17,Netherlands,Amsterdam,2
2023-01-01,Netherlands,Waddinxveen,1
2023-02-27,Netherlands,Amsterdam,3
2023-08-30,Netherlands,Utrecht,1
2023-07-23,Netherlands,Amsterdam,1
2023-01-19,Netherlands,Rotterdam,1
2023-02-25,Netherlands,Haarlemmermeer,1
2023-11-10,Netherlands,Amsterdam,3
2023-09-10,Netherlands,Rotterdam,1
2023-10-19,Netherlands,Amsterdam,2
2023-04-12,Netherlands,Amsterdam,2
2023-08-10,Netherlands,The Hague,1
2023-10-25,Netherlands,Rotterdam,2
2023-10-26,Netherlands,Amsterdam,8
2023-10-26,Netherlands,Rotterdam,2
2023-11-19,Netherlands,Hengelo,1
2023-09-16,Netherlands,The Hague,1
2023-08-08,Netherlands,Eindhoven,1
2023-09-03,Netherlands,Rotterdam,2
2023-11-14,Netherlands,Amsterdam,10
2023-11-13,Netherlands,Amsterdam,5
2023-09-14,Netherlands,Amsterdam,3
2023-05-06,Netherlands,Amsterdam,2
2023-01-07,Netherlands,Amsterdam,1
2023-11-11,Netherlands,Leiden,1
2023-03-19,Netherlands,Rotterdam,1
2023-09-20,Netherlands,Zaanstad,1
2023-10-12,Netherlands,The Hague,1
2023-11-05,Netherlands,Rotterdam,1
2023-11-17,Netherlands,The Hague,1
2023-09-19,Netherlands,Haarlemmermeer,1
2023-10-07,Netherlands,The Hague,1
2023-07-21,Netherlands,Zaanstad,1
2023-05-04,Netherlands,Haarlemmermeer,1
2023-01-26,Netherlands,Haarlemmermeer,3
2023-08-20,Netherlands,Haarlemmermeer,2
2023-06-02,Netherlands,Amsterdam,1
2023-08-16,Netherlands,Amsterdam,5
2023-07-17,Netherlands,Haarlemmermeer,1
2023-04-13,Netherlands,Eindhoven,1
2023-06-13,Netherlands,The Hague,2
2023-01-02,Netherlands,Zaanstad,1
2023-06-14,Netherlands,Amsterdam,1
2023-03-30,Netherlands,Haarlemmermeer,2
2023-03-26,Netherlands,Haarlemmermeer,1
2023-03-24,Netherlands,Haarlemmermeer,1
2023-10-31,Netherlands,Amsterdam,6
2023-03-04,Netherlands,Haarlemmermeer,2
2023-08-25,Netherlands,Amsterdam,2
2023-08-10,Netherlands,Amsterdam,2
2023-03-13,Netherlands,Amsterdam,4
2023-10-28,Netherlands,Amsterdam,7
2023-11-21,Netherlands,Amsterdam,7
2023-05-26,Netherlands,Amsterdam,4
2023-04-13,Netherlands,Amsterdam,1
2023-04-03,Netherlands,Arnhem,1
2023-09-27,Netherlands,Amsterdam,7
2023-01-29,Netherlands,Amsterdam,1
2023-07-22,Netherlands,Leeuwarden,1
2023-07-20,Netherlands,Rotterdam,1
2023-07-15,Netherlands,Haarlemmermeer,1
2023-07-24,Netherlands,Haarlemmermeer,1
2023-10-17,Netherlands,Amsterdam,5
2023-04-23,Netherlands,Haarlemmermeer,1
2023-11-11,Netherlands,Venlo,1
2023-10-11,Netherlands,The Hague,1
2023-09-26,Netherlands,Amsterdam,7
2023-10-08,Netherlands,The Hague,1
2023-04-14,Netherlands,Haarlemmermeer,2
2023-01-01,Netherlands,Amsterdam,2
2023-02-22,Netherlands,The Hague,2
2023-05-18,Netherlands,Amsterdam,1
2023-06-24,Netherlands,Wageningen,1
2023-01-12,Netherlands,Amsterdam,2
2023-10-23,Netherlands,The Hague,2
2023-06-17,Netherlands,Haarlemmermeer,1
2023-08-30,Netherlands,Amsterdam,2
2023-08-01,Netherlands,Haarlemmermeer,1
2023-09-24,Netherlands,Amsterdam,2
2023-04-11,Netherlands,The Hague,1
2023-11-20,Netherlands,Haarlemmermeer,1
2023-08-10,Netherlands,Leiden,1
2023-07-03,Netherlands,Haarlemmermeer,1
2023-11-21,Netherlands,Zaanstad,5
2023-09-20,Netherlands,Rotterdam,1
2023-02-09,Netherlands,Haarlemmermeer,2
2023-10-26,Netherlands,Utrecht,1
2023-08-26,Netherlands,Amsterdam,2
2023-11-04,Netherlands,Amsterdam,3
2023-08-08,Netherlands,Amsterdam,1
2023-05-12,Netherlands,Amsterdam,1
2023-04-29,Netherlands,Haarlemmermeer,1
2023-04-03,Netherlands,Leiden,4
2023-05-07,Netherlands,Haarlemmermeer,1
2023-01-28,Netherlands,Amsterdam,1
2023-03-23,Netherlands,Amsterdam,3
2023-10-24,Netherlands,Haarlemmermeer,4
2023-08-30,Netherlands,Zoetermeer,1
2023-01-19,Netherlands,Maastricht,1
2023-07-26,Netherlands,Amsterdam,1
2023-02-13,Netherlands,Amsterdam,3
2023-10-17,Netherlands,Haarlemmermeer,1
2023-10-29,Netherlands,Amsterdam,9
2023-03-06,Netherlands,Amsterdam,4
2023-10-01,Netherlands,Haarlemmermeer,2
2023-10-16,Netherlands,Haarlemmermeer,1
2023-07-09,Netherlands,Amsterdam,2
2023-02-09,Netherlands,Amsterdam,1
2023-04-15,Netherlands,Haarlemmermeer,1
2023-03-08,Netherlands,Amsterdam,2
2023-07-22,Netherlands,Roermond,1
2023-06-14,Netherlands,The Hague,1
2023-01-10,Netherlands,Amsterdam,1
2023-11-07,Netherlands,Haarlem,1
2023-07-30,Netherlands,Enschede,1
2023-11-08,Netherlands,Zwolle,1
2023-06-19,Netherlands,Leiden,1
2023-10-04,Netherlands,Groningen,1
2023-09-20,Netherlands,Amsterdam,8
2023-09-02,Netherlands,Breda,1
2023-01-22,Netherlands,Amsterdam,2
2023-04-02,Netherlands,Oegstgeest,1
2023-06-26,Netherlands,Amsterdam,1
2023-03-30,Netherlands,Amsterdam,3
2023-06-23,Netherlands,Utrecht,6
2023-04-08,Netherlands,Graft-De Rijp,1
2023-09-07,Netherlands,Amsterdam,2
2023-06-06,Netherlands,The Hague,1
2023-08-23,Netherlands,Amsterdam,2
2023-08-30,Netherlands,Rotterdam,2
2023-08-30,Netherlands,Haarlemmermeer,2
2023-07-26,Netherlands,The Hague,1
2023-09-22,Netherlands,Amsterdam,6
2023-08-28,Netherlands,Amsterdam,4
2023-10-29,Netherlands,Haarlemmermeer,3
2023-07-17,Netherlands,Utrecht,1
2023-11-05,Netherlands,Haarlemmermeer,2
2023-05-10,Netherlands,Haarlemmermeer,1
2023-10-09,Netherlands,Rotterdam,1
2023-09-28,Netherlands,Haarlemmermeer,1
2023-05-23,Netherlands,Delft,1
2023-02-23,Netherlands,Amsterdam,2
2023-09-06,Netherlands,Utrecht,1
2023-09-06,Netherlands,Nijmegen,1
2023-08-21,Netherlands,Ouder-Amstel,1
2023-02-19,Netherlands,Haarlemmermeer,1
2023-10-31,Netherlands,The Hague,1
2023-06-04,Netherlands,Amsterdam,1
2023-08-24,Netherlands,Amsterdam,1
2023-03-14,Netherlands,Amsterdam,2
2023-05-27,Netherlands,Haarlemmermeer,1
2023-09-25,Netherlands,Haarlemmermeer,1
2023-09-27,Netherlands,Rijswijk,1
2023-07-22,Netherlands,Haarlemmermeer,1
2023-05-02,Netherlands,Haarlemmermeer,1
2023-07-20,Netherlands,The Hague,1
2023-05-29,Netherlands,Amsterdam,2
2023-09-08,Netherlands,Amsterdam,2
2023-06-03,Netherlands,Haarlemmermeer,1
2023-06-16,Netherlands,The Hague,1
2023-03-17,Netherlands,Rotterdam,2
2023-08-14,Netherlands,Groningen,1
2023-03-19,Netherlands,Haarlemmermeer,1
2023-10-02,Netherlands,Amsterdam,1
2023-10-27,Netherlands,The Hague,1
2023-07-06,Netherlands,Haarlemmermeer,1
2023-08-09,Netherlands,Amsterdam,5
2023-08-09,Netherlands,The Hague,2
2023-09-01,Netherlands,Amsterdam,4
2023-11-02,Netherlands,The Hague,2
2023-05-14,Netherlands,Amsterdam,2
2023-09-03,Netherlands,Amsterdam,1
2023-09-11,Netherlands,Haarlemmermeer,1
2023-09-13,Netherlands,Amsterdam,6
2023-09-06,Netherlands,Amsterdam,4
2023-03-22,Netherlands,Amsterdam,1
2023-07-16,Netherlands,Amsterdam,1
2023-09-23,Netherlands,Amsterdam,5
2023-10-11,Netherlands,Rotterdam,1
2023-09-29,Netherlands,Amsterdam,3
2023-11-18,Netherlands,Zaanstad,1
2023-11-14,Netherlands,Ouder-Amstel,1
2023-09-11,Netherlands,Amsterdam,1
2023-04-28,Netherlands,The Hague,1
2023-11-01,Netherlands,Arnhem,1
2023-09-09,Netherlands,Haarlemmermeer,2
2023-01-25,Netherlands,Haarlemmermeer,1
2023-11-06,Netherlands,Amsterdam,5
2023-06-24,Netherlands,Haarlemmermeer,2
2023-10-04,Netherlands,Haarlemmermeer,1
2023-10-29,Netherlands,Eindhoven,1
2023-03-19,Netherlands,Amsterdam,2
2023-08-16,Netherlands,Leiden,1
2023-10-14,Netherlands,Amsterdam,4
2023-11-18,Netherlands,Haarlemmermeer,2
2023-09-17,Netherlands,The Hague,1
2023-05-21,Netherlands,Maastricht,1
2023-09-12,Netherlands,Amsterdam,2
2023-04-16,Netherlands,Amsterdam,2
2023-06-30,Netherlands,The Hague,1
2023-09-13,Netherlands,Leiden,1
2023-04-02,Netherlands,Amsterdam,2
2023-06-01,Netherlands,Haarlemmermeer,1
2023-09-07,Netherlands,Rotterdam,2
2023-11-08,Netherlands,Utrecht,1
2023-06-04,Netherlands,Groningen,1
2023-07-07,Netherlands,Amsterdam,5
2023-10-02,Netherlands,Haarlemmermeer,1
2023-04-20,Netherlands,Amsterdam,2
2023-10-28,Netherlands,Rotterdam,1
2023-10-25,Netherlands,Haarlemmermeer,1
2023-09-16,Netherlands,Amsterdam,4
2023-01-23,Netherlands,The Hague,1
2023-08-19,Netherlands,Amsterdam,2
2023-01-31,Netherlands,Amsterdam,1
2023-05-19,Netherlands,Amsterdam,1
2023-01-03,Netherlands,Haarlemmermeer,1
2023-03-24,Netherlands,Utrecht,2
2023-10-20,Netherlands,Amsterdam,3
2023-07-12,Netherlands,Rotterdam,1
2023-07-25,Netherlands,The Hague,1
2023-08-29,Netherlands,Haarlemmermeer,1
2023-08-16,Netherlands,Utrecht,1
2023-08-25,Netherlands,Haarlemmermeer,1
2023-03-27,Netherlands,Amsterdam,1
2023-10-28,Netherlands,Haarlemmermeer,6
2023-03-15,Netherlands,Haarlemmermeer,2
2023-04-21,Netherlands,Amsterdam,6
2023-11-14,Netherlands,The Hague,4
2023-09-11,Netherlands,Rotterdam,1
2023-06-30,Netherlands,Amsterdam,1
2023-05-05,Netherlands,Eindhoven,1
2023-06-12,Netherlands,Haarlemmermeer,1
2023-05-04,Netherlands,Rotterdam,1
2023-10-10,Netherlands,The Hague,1
2023-11-11,Netherlands,Amsterdam,6
2023-10-16,Netherlands,Amsterdam,6
2023-07-18,Netherlands,Rotterdam,1
2023-02-06,Netherlands,Utrecht,2
2023-03-16,Netherlands,Amsterdam,1
2023-08-26,Netherlands,Rotterdam,1
2023-11-03,Netherlands,Amsterdam,3
2023-09-17,Netherlands,Amsterdam,1
2023-01-31,Netherlands,Rotterdam,1
2023-09-11,Netherlands,Eindhoven,1
2023-05-24,Netherlands,Amsterdam,1
2023-09-27,Netherlands,Haarlemmermeer,2
2023-08-06,Netherlands,Amsterdam,1
2023-06-01,Netherlands,The Hague,1
2023-01-11,Netherlands,Amsterdam,3
2023-03-23,Netherlands,Utrecht,1
2023-10-21,Netherlands,Amsterdam,8
2023-10-22,Netherlands,Eindhoven,1
2023-08-31,Netherlands,Haarlemmermeer,1
2023-08-29,Netherlands,The Hague,1
2023-10-18,Netherlands,Amsterdam,6
2023-08-28,Netherlands,Maastricht,1
2023-09-30,Netherlands,Rotterdam,1
2023-04-29,Netherlands,Rotterdam,4
2023-01-14,Netherlands,Amsterdam,2
2023-02-20,Netherlands,Amsterdam,2
2023-06-07,Netherlands,Amsterdam,1
2023-02-15,Netherlands,Haarlemmermeer,1
2023-02-14,Netherlands,Haarlemmermeer,1
2023-04-05,Netherlands,Amsterdam,1
2023-01-20,Netherlands,Amsterdam,4
2023-09-04,Netherlands,Haarlemmermeer,1
2023-04-15,Netherlands,Amsterdam,1
2023-11-15,Netherlands,Valkenburg aan de Geul,1
2023-05-23,Netherlands,Leiden,1
2023-10-05,Netherlands,Amsterdam,4
2023-05-22,Netherlands,Amsterdam,3
2023-03-31,Netherlands,Amsterdam,1
2023-01-02,Netherlands,Haarlemmermeer,1
2023-02-21,Netherlands,Haarlemmermeer,1
2023-09-06,Netherlands,Haarlemmermeer,2
2023-02-20,Netherlands,Zeist,1
2023-06-25,Netherlands,Amsterdam,1
2023-11-08,Netherlands,Zaanstad,1
2023-10-24,Netherlands,Amsterdam,2
2023-02-27,Netherlands,Haarlemmermeer,1
2023-10-15,Netherlands,Amsterdam,5
2023-04-22,Netherlands,Roermond,1
2023-11-03,Netherlands,Zaanstad,1
2023-09-18,Netherlands,Haarlemmermeer,1
2023-09-03,Netherlands,Haarlemmermeer,1
2023-09-28,Netherlands,Haarlem,1
2023-05-06,Netherlands,Haarlemmermeer,1
2023-09-09,Netherlands,Amsterdam,10
2023-06-22,Netherlands,Amsterdam,4
2023-11-08,Netherlands,Amsterdam,1
2023-03-11,Netherlands,Amstelveen,1
2023-03-25,Netherlands,Haarlemmermeer,1
2023-07-29,Netherlands,Rotterdam,1
2023-07-12,Netherlands,Amsterdam,1
2023-08-15,Netherlands,Zaanstad,2
2023-08-15,Netherlands,Amsterdam,1
2023-05-30,Netherlands,Amsterdam,2
2023-10-27,Netherlands,Amsterdam,15
2023-10-13,Netherlands,Haarlemmermeer,4
2023-03-12,Netherlands,Haarlemmermeer,1
2023-11-03,Netherlands,Haarlemmermeer,3
2023-10-07,Netherlands,Amsterdam,5
2023-08-07,Netherlands,Amsterdam,2
2023-11-12,Netherlands,Utrecht,1
2023-03-30,Netherlands,The Hague,1
2023-02-24,Netherlands,Amsterdam,2
2023-04-30,Netherlands,Amsterdam,2
2023-08-20,Netherlands,Amsterdam,2
2023-03-21,Netherlands,Amsterdam,1
2023-07-25,Netherlands,Amsterdam,2
2023-10-29,Netherlands,Zaanstad,1
2023-11-19,Netherlands,Zaanstad,1
2023-11-16,Netherlands,Amsterdam,4
2023-11-17,Netherlands,Haarlemmermeer,1
2023-06-20,Netherlands,Amsterdam,2
2023-08-19,Netherlands,Haarlemmermeer,1
2023-11-12,Netherlands,Haarlemmermeer,2
2023-07-28,Netherlands,Haarlemmermeer,1
2023-07-24,Netherlands,Groningen,1
2023-01-04,Netherlands,Amsterdam,1
2023-10-04,Netherlands,Amsterdam,2
2023-03-02,Netherlands,Leiden,2
2023-09-24,Netherlands,Haarlemmermeer,3
2023-08-11,Netherlands,Rotterdam,1
2023-08-10,Netherlands,Haarlemmermeer,2
2023-08-27,Netherlands,Haarlemmermeer,1
2023-03-29,Netherlands,Amsterdam,2
2023-09-01,Netherlands,Haarlemmermeer,1
2023-09-01,Netherlands,The Hague,3
2023-09-04,Netherlands,Amsterdam,2
2023-05-21,Netherlands,Amsterdam,2
2023-05-20,Netherlands,Amsterdam,2
2023-10-09,Netherlands,Haarlemmermeer,1
2023-10-06,Netherlands,Amsterdam,3
2023-10-30,Netherlands,Amsterdam,8
2023-11-09,Netherlands,Amsterdam,4
2023-11-07,Netherlands,Zaanstad,1
2023-08-21,Netherlands,The Hague,1
2023-02-16,Netherlands,Haarlemmermeer,1
2023-10-24,Netherlands,Eindhoven,1
2023-03-22,Netherlands,Zaanstad,3
2023-07-12,Netherlands,Eindhoven,2
2023-11-10,Netherlands,Zaanstad,4
2023-03-02,Netherlands,Amsterdam,2
2023-10-15,Netherlands,Zaanstad,1
2023-10-26,Netherlands,Zaanstad,1
2023-10-26,Netherlands,The Hague,1
2023-11-16,Netherlands,The Hague,1
2023-11-12,Netherlands,Amsterdam,3
2023-09-13,Netherlands,Zaanstad,1
2023-01-24,Netherlands,Amsterdam,2
2023-07-31,Netherlands,Rotterdam,1
2023-08-20,Netherlands,Hengelo,1
2023-02-18,Netherlands,Amsterdam,2
2023-02-18,Netherlands,Haarlemmermeer,1
2023-03-10,Netherlands,Amsterdam,2
2023-08-01,Netherlands,Amsterdam,2
2023-08-15,Netherlands,Utrecht,2
2023-11-20,Netherlands,Amsterdam,2
2023-11-16,Netherlands,Zaanstad,1
2023-09-29,Netherlands,The Hague,1
2023-11-17,Netherlands,Amsterdam,6
2023-05-13,Netherlands,Amsterdam,1
2023-11-01,Netherlands,Nieuwegein,1
2023-11-15,Netherlands,Rotterdam,2
2023-10-06,Netherlands,Haarlemmermeer,1
2023-05-19,Netherlands,Rotterdam,1
2023-08-21,Netherlands,Arnhem,1
2023-02-16,Netherlands,Deurne,1
2023-03-10,Netherlands,Haarlemmermeer,2
2023-03-03,Netherlands,The Hague,1
2023-10-16,Netherlands,Eindhoven,1
2023-03-28,Netherlands,Amsterdam,7
2023-10-26,Netherlands,Haarlemmermeer,1
2023-04-21,Netherlands,Haarlemmermeer,1
2023-09-04,Netherlands,Zaanstad,1
2023-01-31,Netherlands,The Hague,1
2023-06-01,Netherlands,Amsterdam,2
2023-09-09,Netherlands,Rotterdam,2
2023-09-05,Netherlands,Rotterdam,1
2023-01-27,Netherlands,Haarlemmermeer,2
2023-06-25,Netherlands,Haarlemmermeer,1
2023-02-05,Netherlands,Amsterdam,2
2023-05-09,Netherlands,Haarlemmermeer,1
2023-02-14,Netherlands,Amsterdam,2
2023-08-31,Netherlands,Amsterdam,7
2023-08-31,Netherlands,Groningen,1
2023-11-21,Netherlands,The Hague,1
2023-09-30,Netherlands,Haarlemmermeer,1
2023-01-21,Netherlands,Haarlemmermeer,2
2023-04-19,Netherlands,Amsterdam,1
2023-05-12,Netherlands,Zeist,1
2023-05-07,Netherlands,Amsterdam,1
2023-09-05,Netherlands,Amsterdam,4
2023-01-27,Netherlands,Amsterdam,2
2023-10-23,Netherlands,Haarlemmermeer,1
2023-07-27,Netherlands,Amsterdam,2
2023-10-22,Netherlands,Amsterdam,9
2023-07-24,Netherlands,Amsterdam,2
2023-01-05,Netherlands,Zaanstad,1
2023-02-25,Netherlands,Amsterdam,1
2023-04-25,Netherlands,Amsterdam,1
2023-08-03,Netherlands,Amsterdam,2
2023-10-14,Netherlands,Zaanstad,1
2023-10-25,Netherlands,Amsterdam,4
2023-03-15,Netherlands,The Hague,1
2023-05-26,Netherlands,Loon op Zand,1
2023-09-18,Netherlands,The Hague,1
2023-05-13,Netherlands,Haarlemmermeer,1
2023-11-01,Netherlands,Zaanstad,3
2023-04-01,Netherlands,The Hague,1
2023-05-05,Netherlands,Rotterdam,1
2023-01-02,Netherlands,Amsterdam,2
2023-01-27,Netherlands,Rotterdam,1
2023-03-10,Netherlands,The Hague,1
2023-08-15,Netherlands,Rotterdam,1
2023-03-03,Netherlands,Groningen,1
2023-09-10,Netherlands,Maastricht,1
2023-10-19,Netherlands,The Hague,1
2023-04-22,Netherlands,Amsterdam,3
2023-03-01,Netherlands,Amsterdam,2
2023-07-05,Netherlands,Haarlemmermeer,2
2023-04-18,Netherlands,Haarlemmermeer,2
2023-04-18,Netherlands,Amsterdam,1
2023-03-08,Netherlands,Amstelveen,1
2023-06-27,Netherlands,Velsen,1
2023-01-29,Netherlands,Haarlemmermeer,1
2023-05-05,Netherlands,Haarlemmermeer,1
2023-01-17,Netherlands,Zaanstad,5
2023-05-15,Netherlands,Amsterdam,1
2023-01-28,Netherlands,Haarlemmermeer,1
2023-11-07,Netherlands,Haarlemmermeer,2
2023-10-21,Netherlands,Rotterdam,1
2023-09-22,Netherlands,Haarlemmermeer,2
2023-11-22,Netherlands,Amsterdam,2
2023-04-20,Netherlands,Sittard-Geleen,2
2023-10-25,Netherlands,Zaanstad,1
2023-03-15,Netherlands,Amsterdam,1
2023-02-08,Netherlands,Amsterdam,2
2023-11-02,Netherlands,Zaanstad,2
2023-11-14,Netherlands,Valkenburg aan de Geul,1
2023-04-14,Netherlands,Utrecht,1
2023-11-12,Netherlands,Zaanstad,2
2023-02-22,Netherlands,Amsterdam,2
2023-02-22,Netherlands,Haarlemmermeer,1
2023-06-27,Netherlands,Amsterdam,1
2023-07-27,Netherlands,Zeist,1
2023-03-24,Netherlands,The Hague,1
2023-02-14,Netherlands,Arnhem,1
2023-07-08,Netherlands,Groningen,1
2023-10-29,Netherlands,Utrecht,2
2023-07-17,Netherlands,Amsterdam,1
2023-01-23,Netherlands,Amsterdam,2
2023-11-01,Netherlands,Amsterdam,4
2023-09-28,Netherlands,Amsterdam,5
2023-06-26,Netherlands,Rotterdam,1
2023-06-10,Netherlands,Amsterdam,1
2023-11-08,Netherlands,Haarlemmermeer,2
2023-08-21,Netherlands,Haarlemmermeer,1
2023-07-13,Netherlands,Amsterdam,1
2023-01-04,Netherlands,Rotterdam,1
2023-10-03,Netherlands,Haarlemmermeer,1
2023-03-04,Netherlands,Groningen,1
2023-08-14,Netherlands,Amsterdam,2
2023-03-27,Netherlands,Haarlemmermeer,1
2023-05-25,Netherlands,Amsterdam,1
2023-04-04,Netherlands,Haarlemmermeer,1
2023-03-08,Netherlands,Haarlemmermeer,3
2023-01-31,Netherlands,Haarlemmermeer,3
2023-01-30,Netherlands,Amsterdam,1
2023-04-02,Netherlands,Haarlemmermeer,1
2023-05-08,Netherlands,Zaanstad,1
2023-01-16,Netherlands,Haarlemmermeer,1
2023-01-13,Netherlands,Amsterdam,1
2023-11-07,Netherlands,Amsterdam,3
2023-02-12,Netherlands,Tilburg,1
2023-01-19,Netherlands,Amsterdam,6
2023-04-10,Netherlands,Amsterdam,1
2023-11-11,Netherlands,Eindhoven,1
2023-03-06,Netherlands,The Hague,1
2023-09-24,Netherlands,Zaanstad,1
2023-10-11,Netherlands,Amsterdam,2
2023-10-12,Netherlands,Amsterdam,4
2023-11-19,Netherlands,Amsterdam,4
2023-09-18,Netherlands,Rotterdam,1
2023-11-18,Netherlands,Amsterdam,4
2023-04-28,Netherlands,Amsterdam,2
2023-03-09,Netherlands,Amsterdam,3
2023-03-31,Netherlands,Haarlemmermeer,2
2023-06-23,Netherlands,The Hague,1
2023-06-16,Netherlands,Amsterdam,2
2023-10-20,Netherlands,Haarlemmermeer,1
2023-10-03,Netherlands,Amsterdam,4
2023-08-11,Netherlands,Utrecht,1
2023-09-30,Netherlands,Amsterdam,1
2023-11-19,Netherlands,Eindhoven,1
2023-11-14,Netherlands,Zaanstad,3
2023-11-15,Netherlands,Haarlemmermeer,1
2023-11-01,Netherlands,Breda,1
2023-01-14,Netherlands,Haarlemmermeer,1
2023-06-15,Netherlands,Amsterdam,1
2023-08-21,Netherlands,Amsterdam,5
2023-01-05,Netherlands,Haarlemmermeer,1
2023-03-18,Netherlands,Amsterdam,1
2023-08-14,Netherlands,Ouder-Amstel,1
2023-08-02,Netherlands,Amsterdam,1
2023-10-13,Netherlands,Amsterdam,2
2023-08-11,Netherlands,Amsterdam,3
2023-10-11,Netherlands,Haarlemmermeer,1
2023-04-19,Netherlands,Haarlemmermeer,1
2023-09-18,Netherlands,Amsterdam,3
2023-11-15,Netherlands,Amsterdam,6
2023-09-13,Netherlands,Rotterdam,1
2023-06-12,Netherlands,Amsterdam,4
2023-06-14,Netherlands,Eindhoven,1
2023-06-15,Netherlands,The Hague,1
2023-06-23,Netherlands,Amsterdam,1
2023-07-28,Netherlands,Amsterdam,1
2023-02-16,Netherlands,Amsterdam,2
2023-03-21,Netherlands,Oegstgeest,1
2023-03-02,Netherlands,Haarlemmermeer,1
2023-10-13,Netherlands,The Hague,1
2023-07-06,Netherlands,The Hague,1
2023-11-05,Netherlands,Amsterdam,2
2023-10-08,Netherlands,Haarlemmermeer,1
2023-01-30,Netherlands,Haarlemmermeer,1
2023-08-06,Netherlands,Utrecht,1
2023-06-26,Netherlands,Brummen,1
2023-03-24,Netherlands,Rotterdam,2
2023-02-11,Netherlands,Amsterdam,3
2023-07-04,Netherlands,Amsterdam,1
2023-02-06,Netherlands,Amsterdam,3
2023-04-22,Netherlands,Amersfoort,1
2023-04-19,Netherlands,Groningen,1
2023-05-26,Netherlands,Rotterdam,1
2023-11-13,Netherlands,Zaanstad,2
2023-03-09,Netherlands,Haarlemmermeer,1
2023-11-09,Netherlands,Zaanstad,3
2023-02-02,Netherlands,Edam-Volendam,1
2023-03-11,Netherlands,Haarlemmermeer,2
2023-06-09,Netherlands,Amsterdam,3
2023-06-08,Netherlands,Amsterdam,5
2023-05-21,Netherlands,Zwolle,1
2023-09-11,Netherlands,Zaanstad,2
2023-05-20,Netherlands,Alkmaar,1
2023-08-18,Netherlands,Amsterdam,2
2023-01-18,Netherlands,Amsterdam,1
2023-05-05,Netherlands,Utrecht,1
2023-02-15,Netherlands,Amsterdam,2
2023-03-24,Netherlands,Amsterdam,1
2023-02-27,Netherlands,The Hague,1
2023-09-21,Netherlands,Amsterdam,2
2023-11-11,Netherlands,Haarlemmermeer,1
2023-08-11,Netherlands,Alkmaar,1
2023-03-13,Netherlands,Haarlemmermeer,2
2023-09-20,Netherlands,The Hague,1
2023-03-15,Netherlands,Leiden,2
2023-08-12,Netherlands,Amsterdam,1
2023-08-08,Netherlands,Haarlemmermeer,1
2023-11-18,Netherlands,Eindhoven,1
2023-05-14,Netherlands,Rotterdam,1
2023-05-14,Netherlands,Leiden,1
2023-01-22,Netherlands,The Hague,1
2023-08-18,Netherlands,The Hague,1
2023-09-28,Netherlands,Zaanstad,1
2023-09-13,Netherlands,The Hague,1
2023-09-13,Netherlands,Haarlemmermeer,1
2023-01-18,Netherlands,Rotterdam,1
2023-06-11,Netherlands,Amsterdam,1
2023-05-02,Netherlands,Amsterdam,4
2023-01-24,Netherlands,Haarlemmermeer,1
2023-05-03,Netherlands,Amsterdam,1
2023-01-08,Netherlands,Amsterdam,1
2023-07-10,Netherlands,Rotterdam,1
2023-08-29,Netherlands,Amsterdam,4
2023-08-29,Netherlands,Rotterdam,1
2023-03-03,Netherlands,Amsterdam,2
2023-10-27,Netherlands,Haarlemmermeer,1
2023-09-26,Netherlands,Haarlemmermeer,1
2023-11-15,Netherlands,Brielle,1
2023-08-07,Netherlands,Groningen,3
2023-04-16,Netherlands,The Hague,1
2023-01-14,Netherlands,Utrecht,1
2023-04-08,Netherlands,Amsterdam,1
2023-10-23,New Zealand,Waitakere,1
2023-07-02,New Zealand,Queenstown-Lakes,2
2023-02-03,New Zealand,Stratford,1
2023-02-06,New Zealand,Hamilton,1
2023-03-14,New Zealand,Stratford,4
2023-04-05,New Zealand,Queenstown-Lakes,1
2023-04-28,New Zealand,Hamilton,1
2023-04-02,New Zealand,Hamilton,2
2023-04-09,New Zealand,Manukau,1
2023-09-07,New Zealand,Queenstown-Lakes,1
2023-03-22,New Zealand,Wellington,2
2023-06-09,New Zealand,Waitakere,1
2023-07-10,New Zealand,Stratford,3
2023-04-23,New Zealand,Waitakere,1
2023-08-03,New Zealand,Stratford,1
2023-10-28,New Zealand,Wellington,2
2023-08-24,New Zealand,Stratford,1
2023-01-31,New Zealand,Stratford,1
2023-03-07,New Zealand,Queenstown-Lakes,1
2023-02-22,New Zealand,Queenstown-Lakes,2
2023-06-27,New Zealand,Stratford,11
2023-01-17,New Zealand,Stratford,5
2023-01-11,New Zealand,Queenstown-Lakes,1
2023-09-05,New Zealand,Stratford,1
2023-07-13,New Zealand,Stratford,6
2023-09-19,New Zealand,Queenstown-Lakes,1
2023-11-01,New Zealand,Stratford,2
2023-11-15,New Zealand,Queenstown-Lakes,1
2023-04-01,New Zealand,Hamilton,1
2023-02-10,New Zealand,Christchurch,2
2023-01-24,New Zealand,Queenstown-Lakes,1
2023-02-24,New Zealand,Queenstown-Lakes,1
2023-08-23,New Zealand,Stratford,1
2023-02-26,New Zealand,Queenstown-Lakes,1
2023-07-23,New Zealand,Waitakere,1
2023-03-21,New Zealand,Christchurch,1
2023-10-29,New Zealand,Westland,1
2023-11-19,New Zealand,Queenstown-Lakes,1
2023-04-16,New Zealand,Taupo,1
2023-11-12,New Zealand,Christchurch,1
2023-06-14,New Zealand,Stratford,10
2023-05-15,New Zealand,Stratford,5
2023-05-18,New Zealand,Queenstown-Lakes,1
2023-02-02,New Zealand,Stratford,1
2023-03-23,New Zealand,Waitakere,2
2023-07-27,New Zealand,Queenstown-Lakes,1
2023-07-15,New Zealand,Queenstown-Lakes,1
2023-10-03,New Zealand,Stratford,1
2023-07-03,New Zealand,South Taranaki,2
2023-10-14,New Zealand,Waitakere,1
2023-08-12,New Zealand,Rotorua,1
2023-08-26,New Zealand,Christchurch,1
2023-01-30,New Zealand,Stratford,10
2023-06-11,New Zealand,Queenstown-Lakes,2
2023-02-23,New Zealand,Hamilton,1
2023-02-23,New Zealand,Franklin,1
2023-11-09,New Zealand,Manukau,1
2023-05-03,New Zealand,Queenstown-Lakes,2
2023-03-10,New Zealand,Manukau,1
2023-03-24,New Zealand,Wellington,2
2023-08-28,New Zealand,Stratford,2
2023-04-11,New Zealand,Hamilton,1
2023-10-14,New Zealand,Wellington,1
2023-08-12,New Zealand,Waitakere,1
2023-01-20,New Zealand,Queenstown-Lakes,1
2023-09-29,New Zealand,Manukau,1
2023-04-13,New Zealand,South Taranaki,3
2023-06-29,New Zealand,Waitakere,1
2023-01-27,New Zealand,Hamilton,1
2023-01-12,New Zealand,Stratford,6
2023-08-20,New Zealand,Christchurch,3
2023-03-26,New Zealand,Hamilton,1
2023-03-10,New Zealand,Queenstown-Lakes,5
2023-02-25,New Zealand,Franklin,1
2023-07-26,New Zealand,Queenstown-Lakes,1
2023-11-10,New Zealand,Waitakere,1
2023-08-10,New Zealand,Stratford,1
2023-03-16,New Zealand,Queenstown-Lakes,3
2023-09-20,New Zealand,Christchurch,1
2023-10-09,New Zealand,Stratford,1
2023-05-23,New Zealand,Queenstown-Lakes,1
2023-09-06,New Zealand,Christchurch,1
2023-11-07,New Zealand,Rotorua,1
2023-06-16,New Zealand,Waitakere,1
2023-05-30,New Zealand,Christchurch,1
2023-11-02,New Zealand,Wellington,1
2023-07-22,New Zealand,Christchurch,1
2023-01-17,New Zealand,Queenstown-Lakes,1
2023-01-10,New Zealand,Stratford,5
2023-05-29,New Zealand,Christchurch,1
2023-02-12,New Zealand,Waitakere,1
2023-01-07,New Zealand,Queenstown-Lakes,2
2023-02-13,New Zealand,Stratford,9
2023-09-24,New Zealand,Mackenzie,1
2023-07-03,New Zealand,Queenstown-Lakes,1
2023-04-05,New Zealand,Dunedin,1
2023-05-11,New Zealand,Waitakere,1
2023-04-07,New Zealand,South Taranaki,1
2023-11-13,New Zealand,Kaikoura,1
2023-02-02,New Zealand,Queenstown-Lakes,1
2023-08-23,New Zealand,Christchurch,1
2023-02-25,New Zealand,Waitakere,1
2023-02-14,New Zealand,Franklin,3
2023-03-20,New Zealand,Westland,1
2023-07-10,New Zealand,Queenstown-Lakes,2
2023-04-25,New Zealand,Hamilton,1
2023-03-04,New Zealand,Hamilton,1
2023-08-14,New Zealand,Mackenzie,2
2023-07-09,New Zealand,Wellington,1
2023-10-14,New Zealand,Queenstown-Lakes,1
2023-08-27,New Zealand,Queenstown-Lakes,1
2023-09-04,New Zealand,Queenstown-Lakes,1
2023-01-23,New Zealand,Stratford,2
2023-04-14,New Zealand,Queenstown-Lakes,2
2023-11-15,New Zealand,Wellington,1
2023-04-13,New Zealand,Waitakere,3
2023-01-13,New Zealand,Stratford,11
2023-05-03,New Zealand,Stratford,4
2023-03-25,New Zealand,Franklin,1
2023-02-18,New Zealand,Christchurch,1
2023-02-25,New Zealand,Hamilton,1
2023-02-13,New Zealand,Waitakere,1
2023-10-03,New Zealand,Waitaki,1
2023-08-29,New Zealand,Christchurch,1
2023-04-24,New Zealand,Waitakere,2
2023-07-07,New Zealand,Queenstown-Lakes,1
2023-08-17,New Zealand,Christchurch,1
2023-04-12,New Zealand,Hamilton,1
2023-08-08,New Zealand,Christchurch,1
2023-08-04,New Zealand,Christchurch,1
2023-09-13,New Zealand,Stratford,1
2023-04-09,New Zealand,Rotorua,1
2023-03-25,New Zealand,Marlborough,2
2023-02-27,New Zealand,Hamilton,1
2023-08-30,New Zealand,Stratford,12
2023-06-04,New Zealand,Dunedin,1
2023-03-20,New Zealand,Invercargill,1
2023-02-13,New Zealand,Queenstown-Lakes,1
2023-08-16,New Zealand,Christchurch,1
2023-10-14,New Zealand,Taupo,1
2023-08-13,New Zealand,Queenstown-Lakes,1
2023-04-05,New Zealand,Stratford,1
2023-04-04,New Zealand,Stratford,7
2023-11-14,New Zealand,Waitakere,1
2023-08-19,New Zealand,Queenstown-Lakes,1
2023-10-08,New Zealand,Kaikoura,1
2023-04-28,New Zealand,Stratford,2
2023-10-05,New Zealand,Napier,1
2023-06-28,New Zealand,Stratford,6
2023-05-29,New Zealand,Manukau,1
2023-01-25,New Zealand,Hamilton,1
2023-08-21,New Zealand,Stratford,1
2023-02-01,New Zealand,Stratford,8
2023-01-08,New Zealand,Christchurch,1
2023-03-04,New Zealand,Queenstown-Lakes,2
2023-07-04,New Zealand,Stratford,2
2023-10-25,New Zealand,Waitakere,1
2023-09-15,New Zealand,Stratford,4
2023-08-08,New Zealand,Waitakere,2
2023-11-16,New Zealand,Dunedin,1
2023-10-07,New Zealand,Dunedin,1
2023-06-24,New Zealand,Christchurch,2
2023-09-08,New Zealand,Stratford,2
2023-02-03,New Zealand,Queenstown-Lakes,1
2023-02-27,New Zealand,Franklin,1
2023-03-17,New Zealand,Wellington,1
2023-05-30,New Zealand,Dunedin,1
2023-10-15,New Zealand,Queenstown-Lakes,1
2023-04-12,New Zealand,Stratford,13
2023-07-09,New Zealand,Queenstown-Lakes,1
2023-10-13,New Zealand,Queenstown-Lakes,1
2023-07-18,New Zealand,Stratford,1
2023-04-19,New Zealand,Franklin,2
2023-04-07,New Zealand,Hamilton,1
2023-05-13,New Zealand,Queenstown-Lakes,1
2023-04-15,New Zealand,Waitakere,1
2023-05-12,New Zealand,Manukau,1
2023-04-03,New Zealand,Hamilton,1
2023-10-05,New Zealand,Stratford,2
2023-06-13,New Zealand,Waitakere,1
2023-08-06,New Zealand,Queenstown-Lakes,2
2023-02-21,New Zealand,Queenstown-Lakes,1
2023-05-29,New Zealand,Stratford,11
2023-02-01,New Zealand,Franklin,1
2023-08-23,New Zealand,Waitakere,1
2023-03-10,New Zealand,Hamilton,2
2023-09-10,New Zealand,Waitakere,1
2023-09-24,New Zealand,Westland,2
2023-03-05,New Zealand,Queenstown-Lakes,2
2023-04-20,New Zealand,Franklin,1
2023-03-12,New Zealand,Westland,1
2023-11-21,New Zealand,Stratford,6
2023-01-21,New Zealand,Hamilton,1
2023-09-27,New Zealand,Queenstown-Lakes,3
2023-06-12,New Zealand,Christchurch,2
2023-10-24,New Zealand,Whangarei,1
2023-01-09,New Zealand,Queenstown-Lakes,1
2023-03-10,New Zealand,Southland,1
2023-03-24,New Zealand,Stratford,1
2023-01-06,New Zealand,Queenstown-Lakes,1
2023-08-02,New Zealand,Queenstown-Lakes,1
2023-02-06,New Zealand,Stratford,6
2023-10-26,New Zealand,Queenstown-Lakes,1
2023-05-25,New Zealand,Stratford,2
2023-04-18,New Zealand,Waitakere,1
2023-01-22,New Zealand,Franklin,1
2023-05-12,New Zealand,Queenstown-Lakes,1
2023-04-06,New Zealand,Stratford,7
2023-08-05,New Zealand,Christchurch,1
2023-09-12,New Zealand,Queenstown-Lakes,1
2023-05-06,New Zealand,Queenstown-Lakes,1
2023-06-12,New Zealand,Stratford,3
2023-06-06,New Zealand,Stratford,1
2023-02-14,New Zealand,Stratford,14
2023-08-31,New Zealand,Stratford,1
2023-03-02,New Zealand,Christchurch,4
2023-05-25,New Zealand,South Taranaki,1
2023-09-26,New Zealand,Stratford,3
2023-09-11,New Zealand,Stratford,1
2023-05-24,New Zealand,Stratford,1
2023-03-09,New Zealand,Hamilton,1
2023-01-18,New Zealand,Stratford,2
2023-06-01,New Zealand,Queenstown-Lakes,1
2023-10-30,New Zealand,Queenstown-Lakes,1
2023-05-02,New Zealand,Stratford,2
2023-05-16,New Zealand,South Taranaki,4
2023-05-29,New Zealand,Westland,1
2023-09-05,New Zealand,Queenstown-Lakes,1
2023-11-07,New Zealand,Christchurch,1
2023-01-26,New Zealand,Stratford,2
2023-02-19,New Zealand,Waitakere,1
2023-06-18,New Zealand,Queenstown-Lakes,1
2023-03-03,New Zealand,Queenstown-Lakes,1
2023-03-16,New Zealand,Mackenzie,1
2023-07-19,New Zealand,Waitakere,3
2023-01-21,New Zealand,Queenstown-Lakes,2
2023-11-13,New Zealand,Christchurch,1
2023-03-31,New Zealand,Waitakere,1
2023-06-15,New Zealand,Waitakere,1
2023-05-02,New Zealand,Franklin,1
2023-03-30,New Zealand,Westland,1
2023-09-21,New Zealand,Waitakere,1
2023-04-27,New Zealand,Christchurch,1
2023-09-23,New Zealand,Christchurch,1
2023-05-15,New Zealand,Hamilton,1
2023-05-04,New Zealand,Stratford,5
2023-03-23,New Zealand,Christchurch,3
2023-06-08,New Zealand,Wellington,2
2023-03-06,New Zealand,Stratford,1
2023-08-16,New Zealand,Stratford,5
2023-02-06,New Zealand,Queenstown-Lakes,2
2023-03-12,New Zealand,Franklin,1
2023-11-21,New Zealand,Waitakere,1
2023-02-09,New Zealand,Stratford,5
2023-09-29,New Zealand,Stratford,9
2023-11-16,New Zealand,Stratford,1
2023-10-07,New Zealand,Queenstown-Lakes,1
2023-11-01,New Zealand,Wellington,2
2023-02-24,New Zealand,Franklin,2
2023-06-10,New Zealand,Waitakere,1
2023-02-03,New Zealand,Hamilton,1
2023-02-14,New Zealand,Queenstown-Lakes,1
2023-04-20,New Zealand,Queenstown-Lakes,2
2023-03-15,New Zealand,Mackenzie,1
2023-08-12,New Zealand,Manukau,1
2023-05-11,New Zealand,Christchurch,1
2023-09-15,New Zealand,Christchurch,1
2023-05-13,New Zealand,Waitakere,2
2023-09-03,New Zealand,Waitakere,1
2023-03-08,New Zealand,Queenstown-Lakes,2
2023-05-12,New Zealand,Christchurch,1
2023-04-13,New Zealand,Franklin,1
2023-09-13,New Zealand,Queenstown-Lakes,1
2023-02-23,New Zealand,Christchurch,1
2023-01-25,New Zealand,Stratford,3
2023-02-17,New Zealand,Queenstown-Lakes,1
2023-03-23,New Zealand,Stratford,1
2023-07-13,New Zealand,South Taranaki,3
2023-03-11,New Zealand,Queenstown-Lakes,1
2023-07-01,New Zealand,Waitakere,1
2023-06-18,New Zealand,Waitakere,1
2023-07-08,New Zealand,Rotorua,1
2023-09-20,New Zealand,Waitakere,1
2023-10-26,New Zealand,Christchurch,1
2023-11-04,New Zealand,Queenstown-Lakes,1
2023-10-08,New Zealand,Wellington,1
2023-04-03,New Zealand,Westland,1
2023-05-22,New Zealand,Stratford,3
2023-05-29,New Zealand,Queenstown-Lakes,1
2023-05-04,New Zealand,Christchurch,1
2023-11-06,New Zealand,Wellington,1
2023-02-17,New Zealand,Stratford,2
2023-04-30,New Zealand,Christchurch,1
2023-06-07,New Zealand,Queenstown-Lakes,2
2023-09-22,New Zealand,Napier,1
2023-08-02,New Zealand,Christchurch,1
2023-10-14,New Zealand,Christchurch,2
2023-11-04,New Zealand,Wellington,1
2023-04-15,New Zealand,Manukau,1
2023-04-06,New Zealand,Queenstown-Lakes,1
2023-08-19,New Zealand,Christchurch,2
2023-10-09,New Zealand,Christchurch,1
2023-05-22,New Zealand,Queenstown-Lakes,1
2023-02-23,New Zealand,Queenstown-Lakes,1
2023-03-23,New Zealand,Wellington,1
2023-02-27,New Zealand,Queenstown-Lakes,2
2023-05-09,New Zealand,Rotorua,1
2023-03-20,New Zealand,Queenstown-Lakes,2
2023-03-20,New Zealand,Hamilton,1
2023-03-18,New Zealand,Franklin,1
2023-04-24,New Zealand,Franklin,2
2023-04-12,New Zealand,Christchurch,1
2023-03-27,New Zealand,Franklin,1
2023-03-13,New Zealand,Queenstown-Lakes,1
2023-08-04,New Zealand,Stratford,1
2023-05-05,New Zealand,Queenstown-Lakes,4
2023-06-15,New Zealand,Stratford,4
2023-01-11,New Zealand,Stratford,2
2023-02-15,New Zealand,Stratford,19
2023-09-23,New Zealand,Waitakere,1
2023-07-18,New Zealand,South Taranaki,9
2023-01-22,New Zealand,Hamilton,2
2023-08-05,New Zealand,Queenstown-Lakes,2
2023-04-01,New Zealand,Queenstown-Lakes,1
2023-06-25,New Zealand,Waitakere,1
2023-05-03,New Zealand,Mackenzie,1
2023-10-18,New Zealand,Christchurch,1
2023-03-28,New Zealand,Stratford,1
2023-09-01,New Zealand,Christchurch,3
2023-01-31,New Zealand,Hamilton,1
2023-11-01,New Zealand,Dunedin,1
2023-11-01,New Zealand,Waitakere,1
2023-11-09,New Zealand,Waitakere,1
2023-08-21,New Zealand,Queenstown-Lakes,2
2023-06-07,New Zealand,Waitakere,1
2023-03-10,New Zealand,Christchurch,2
2023-06-08,New Zealand,Waitakere,2
2023-06-03,New Zealand,Christchurch,1
2023-08-29,New Zealand,Stratford,2
2023-04-12,New Zealand,Waitakere,1
2023-02-07,New Zealand,Stratford,4
2023-04-20,New Zealand,Hamilton,1
2023-03-28,New Zealand,Franklin,1
2023-03-16,New Zealand,Waitakere,2
2023-02-08,New Zealand,Queenstown-Lakes,1
2023-04-19,New Zealand,Queenstown-Lakes,1
2023-09-04,New Zealand,Christchurch,2
2023-10-05,New Zealand,Christchurch,3
2023-06-27,New Zealand,Waitakere,1
2023-04-09,New Zealand,South Taranaki,1
2023-05-16,New Zealand,Stratford,7
2023-09-06,New Zealand,Stratford,1
2023-09-08,New Zealand,Christchurch,1
2023-07-28,New Zealand,Stratford,16
2023-07-28,New Zealand,Queenstown-Lakes,2
2023-06-03,New Zealand,Waitakere,1
2023-07-12,New Zealand,Westland,1
2023-10-29,New Zealand,Queenstown-Lakes,2
2023-10-15,New Zealand,Waitakere,1
2023-10-26,New Zealand,Wellington,1
2023-03-15,New Zealand,Hamilton,1
2023-08-09,New Zealand,Queenstown-Lakes,1
2023-05-26,New Zealand,Wellington,1
2023-11-02,New Zealand,Hutt city,1
2023-05-20,New Zealand,Waitakere,1
2023-11-13,New Zealand,Waitakere,3
2023-09-14,New Zealand,Stratford,12
2023-06-21,New Zealand,Stratford,2
2023-06-10,New Zealand,Wellington,1
2023-07-14,New Zealand,Queenstown-Lakes,1
2023-07-15,New Zealand,Waitakere,1
2023-07-01,New Zealand,Queenstown-Lakes,1
2023-06-02,New Zealand,South Taranaki,1
2023-03-19,New Zealand,Hamilton,1
2023-04-20,New Zealand,Southland,1
2023-07-17,New Zealand,Queenstown-Lakes,1
2023-04-19,New Zealand,Waitakere,2
2023-06-20,New Zealand,South Taranaki,4
2023-05-23,New Zealand,Christchurch,1
2023-06-13,New Zealand,Stratford,6
2023-06-23,New Zealand,Queenstown-Lakes,1
2023-06-10,New Zealand,Queenstown-Lakes,2
2023-05-03,New Zealand,Waitakere,1
2023-03-22,New Zealand,Hamilton,2
2023-06-06,New Zealand,Waitakere,1
2023-08-31,New Zealand,Queenstown-Lakes,1
2023-10-17,New Zealand,Stratford,2
2023-07-09,New Zealand,Waitakere,1
2023-04-11,New Zealand,Queenstown-Lakes,1
2023-03-15,New Zealand,Christchurch,2
2023-05-11,New Zealand,Stratford,1
2023-09-15,New Zealand,Taupo,1
2023-02-10,New Zealand,Queenstown-Lakes,1
2023-06-15,New Zealand,Queenstown-Lakes,1
2023-05-04,New Zealand,Hamilton,2
2023-06-25,New Zealand,Queenstown-Lakes,1
2023-07-28,New Zealand,Christchurch,1
2023-08-15,New Zealand,Queenstown-Lakes,2
2023-03-19,New Zealand,Wellington,1
2023-05-25,New Zealand,Queenstown-Lakes,1
2023-05-27,New Zealand,Waitakere,1
2023-01-18,New Zealand,Westland,1
2023-04-09,New Zealand,Stratford,58
2023-03-30,New Zealand,Queenstown-Lakes,1
2023-04-08,New Zealand,Stratford,1
2023-01-24,New Zealand,Stratford,4
2023-01-13,New Zealand,Christchurch,1
2023-07-24,New Zealand,South Taranaki,2
2023-03-02,New Zealand,Queenstown-Lakes,1
2023-09-30,New Zealand,Stratford,1
2023-10-11,New Zealand,Stratford,1
2023-04-13,New Zealand,Stratford,5
2023-04-17,New Zealand,Stratford,1
2023-03-09,New Zealand,Queenstown-Lakes,2
2023-06-26,New Zealand,Stratford,5
2023-03-30,New Zealand,Hamilton,1
2023-04-08,New Zealand,South Taranaki,2
2023-06-07,New Zealand,Stratford,1
2023-02-16,New Zealand,Franklin,1
2023-07-25,New Zealand,Stratford,1
2023-03-03,New Zealand,Hamilton,1
2023-09-21,New Zealand,Stratford,1
2023-08-16,New Zealand,Queenstown-Lakes,1
2023-03-01,New Zealand,Queenstown-Lakes,3
2023-08-26,New Zealand,Thames-Coromandel,1
2023-01-29,New Zealand,Queenstown-Lakes,1
2023-06-14,New Zealand,Hamilton,1
2023-02-20,New Zealand,Stratford,1
2023-05-17,New Zealand,Stratford,1
2023-07-31,New Zealand,Stratford,3
2023-05-03,New Zealand,Christchurch,1
2023-07-16,New Zealand,Stratford,1
2023-06-04,New Zealand,Queenstown-Lakes,1
2023-07-10,New Zealand,Christchurch,1
2023-10-03,New Zealand,Mackenzie,1
2023-10-18,New Zealand,Queenstown-Lakes,1
2023-03-02,New Zealand,Hamilton,2
2023-09-20,New Zealand,Wellington,1
2023-03-14,New Zealand,Waitakere,1
2023-03-14,New Zealand,Queenstown-Lakes,1
2023-08-09,New Zealand,Christchurch,1
2023-11-02,New Zealand,Christchurch,1
2023-11-01,New Zealand,Christchurch,1
2023-04-03,New Zealand,Stratford,1
2023-05-06,New Zealand,Southland,2
2023-06-29,New Zealand,Queenstown-Lakes,1
2023-06-28,New Zealand,Queenstown-Lakes,1
2023-02-20,New Zealand,Queenstown-Lakes,3
2023-02-04,New Zealand,Queenstown-Lakes,2
2023-03-24,New Zealand,Christchurch,1
2023-07-24,New Zealand,Queenstown-Lakes,2
2023-06-02,New Zealand,Stratford,2
2023-06-16,New Zealand,Hamilton,1
2023-04-25,New Zealand,Franklin,1
2023-08-01,New Zealand,Stratford,1
2023-05-30,New Zealand,Queenstown-Lakes,1
2023-03-06,New Zealand,Hamilton,1
2023-04-26,New Zealand,Waitakere,1
2023-03-27,New Zealand,Hamilton,1
2023-03-13,New Zealand,Waitakere,1
2023-11-19,New Zealand,Taupo,1
2023-10-06,New Zealand,Christchurch,1
2023-04-16,New Zealand,Hamilton,3
2023-11-09,New Zealand,Queenstown-Lakes,1
2023-05-01,New Zealand,Hamilton,1
2023-06-06,New Zealand,Queenstown-Lakes,1
2023-08-22,New Zealand,Christchurch,1
2023-08-14,New Zealand,Queenstown-Lakes,4
2023-10-29,New Zealand,Christchurch,1
2023-04-11,New Zealand,Stratford,14
2023-03-15,New Zealand,Stratford,9
2023-06-20,New Zealand,Stratford,8
2023-08-05,New Zealand,Stratford,2
2023-04-17,New Zealand,Hamilton,1
2023-05-08,New Zealand,Queenstown-Lakes,2
2023-07-02,New Zealand,Waitakere,1
2023-03-25,New Zealand,Queenstown-Lakes,1
2023-01-07,New Zealand,New Plymouth,1
2023-07-11,New Zealand,Queenstown-Lakes,1
2023-08-15,New Zealand,Stratford,2
2023-09-10,New Zealand,Rotorua,1
2023-03-05,New Zealand,Hamilton,1
2023-03-27,New Zealand,Waitakere,1
2023-07-19,New Zealand,Queenstown-Lakes,3
2023-04-19,New Zealand,Stratford,7
2023-08-09,New Zealand,Stratford,1
2023-04-18,New Zealand,Franklin,2
2023-01-23,New Zealand,Hamilton,1
2023-08-18,New Zealand,Christchurch,2
2023-02-16,New Zealand,Stratford,5
2023-03-26,New Zealand,Queenstown-Lakes,3
2023-06-08,New Zealand,Stratford,2
2023-03-24,New Zealand,Waitakere,1
2023-02-13,New Zealand,Franklin,2
2023-04-25,New Zealand,Queenstown-Lakes,3
2023-03-04,New Zealand,Rotorua,1
2023-03-18,New Zealand,Hamilton,1
2023-11-21,New Zealand,Queenstown-Lakes,1
2023-10-25,New Zealand,Queenstown-Lakes,1
2023-07-06,New Zealand,Queenstown-Lakes,1
2023-02-08,New Zealand,Stratford,7
2023-09-19,New Zealand,Stratford,1
2023-04-28,New Zealand,Franklin,1
2023-02-21,New Zealand,Hamilton,1
2023-06-22,New Zealand,Stratford,2
2023-05-03,New Zealand,South Taranaki,1
2023-01-09,New Zealand,Christchurch,1
2023-10-03,New Zealand,Queenstown-Lakes,2
2023-05-31,New Zealand,Stratford,1
2023-03-29,New Zealand,Stratford,2
2023-08-26,New Zealand,Waitakere,1
2023-04-05,New Zealand,Waitakere,1
2023-05-28,New Zealand,Queenstown-Lakes,1
2023-03-08,New Zealand,Christchurch,1
2023-04-29,New Zealand,Franklin,1
2023-08-18,New Zealand,Stratford,5
2023-11-13,New Zealand,Stratford,6
2023-09-27,New Zealand,Stratford,1
2023-09-13,New Zealand,Christchurch,1
2023-02-21,New Zealand,Waitakere,1
2023-11-09,New Zealand,Stratford,2
2023-01-28,New Zealand,Franklin,1
2023-07-10,New Zealand,Waitakere,1
2023-02-13,New Zealand,Wellington,1
2023-10-04,New Zealand,Rotorua,1
2023-10-02,New Zealand,Queenstown-Lakes,1
2023-04-20,New Zealand,Waitakere,1
2023-08-26,New Zealand,Queenstown-Lakes,2
2023-11-03,New Zealand,Queenstown-Lakes,1
2023-09-03,New Zealand,Christchurch,2
2023-06-30,New Zealand,Stratford,4
2023-05-19,New Zealand,Queenstown-Lakes,1
2023-05-01,New Zealand,Franklin,1
2023-03-23,New Zealand,Hamilton,1
2023-08-22,New Zealand,Stratford,1
2023-01-05,New Zealand,Stratford,3
2023-01-19,New Zealand,Stratford,3
2023-10-31,New Zealand,Christchurch,1
2023-04-10,New Zealand,South Taranaki,1
2023-08-14,New Zealand,Westland,1
2023-10-19,New Zealand,Queenstown-Lakes,1
2023-10-13,New Zealand,Stratford,28
2023-02-07,New Zealand,Franklin,2
2023-07-06,New Zealand,Stratford,1
2023-03-29,New Zealand,Hamilton,1
2023-10-12,New Zealand,Stratford,6
2023-11-16,New Zealand,Waitakere,1
2023-11-06,New Zealand,Queenstown-Lakes,4
2023-09-07,New Zealand,South Taranaki,2
2023-02-05,New Zealand,Franklin,1
2023-02-19,New Zealand,Queenstown-Lakes,2
2023-03-25,New Zealand,Waitakere,2
2023-06-09,New Zealand,Stratford,4
2023-06-08,New Zealand,South Taranaki,1
2023-02-28,New Zealand,Franklin,1
2023-08-15,New Zealand,Christchurch,1
2023-04-27,New Zealand,Queenstown-Lakes,1
2023-03-13,New Zealand,Stratford,5
2023-05-27,New Zealand,Queenstown-Lakes,1
2023-03-08,New Zealand,Hamilton,1
2023-05-23,New Zealand,Waitakere,1
2023-05-06,New Zealand,Taupo,1
2023-03-31,New Zealand,Christchurch,2
2023-06-14,New Zealand,Queenstown-Lakes,1
2023-02-24,New Zealand,Hamilton,1
2023-02-17,Philippines,Pasay City,13
2023-02-17,Philippines,Kalibo,1
2023-07-14,Philippines,Santa Fe,1
2023-06-07,Philippines,Lapu-Lapu City,15
2023-06-07,Philippines,Cagayan de Oro City,3
2023-10-24,Philippines,Makati City,1
2023-10-24,Philippines,Quezon City,4
2023-06-06,Philippines,Makati City,10
2023-07-27,Philippines,Cordoba,1
2023-07-02,Philippines,Pasay City,2
2023-03-11,Philippines,Roxas City,1
2023-02-19,Philippines,Iloilo City,4
2023-07-16,Philippines,Manila City,3
2023-02-18,Philippines,Cordoba,1
2023-07-15,Philippines,Quezon City,1
2023-07-15,Philippines,Mandaluyong,1
2023-07-15,Philippines,Antipolo City,1
2023-06-03,Philippines,Kalookan City,3
2023-06-03,Philippines,Lapu-Lapu City,16
2023-06-03,Philippines,Bacolod City,6
2023-01-05,Philippines,Davao City,6
2023-02-26,Philippines,Malay,1
2023-08-30,Philippines,Pasig City,4
2023-06-02,Philippines,Canlaon City,1
2023-06-16,Philippines,Canlaon City,1
2023-06-16,Philippines,Batangas City,1
2023-02-11,Philippines,Tagum City,1
2023-10-20,Philippines,Pasay City,3
2023-02-25,Philippines,Pili,1
2023-06-05,Philippines,Mabalacat,2
2023-07-26,Philippines,Lapu-Lapu City,15
2023-02-28,Philippines,Tagaytay City,1
2023-06-04,Philippines,Angeles City,1
2023-03-20,Philippines,Puerto Princesa City,1
2023-06-18,Philippines,Legazpi City,1
2023-07-10,Philippines,Manila City,10
2023-02-13,Philippines,Manila City,3
2023-04-25,Philippines,Muntinlupa,1
2023-08-01,Philippines,Quezon City,2
2023-05-31,Philippines,Quezon City,6
2023-07-08,Philippines,Davao City,6
2023-07-08,Philippines,Quezon City,3
2023-07-08,Philippines,Plaridel,1
2023-03-03,Philippines,Balamban,1
2023-04-10,Philippines,Parañaque,3
2023-04-10,Philippines,Tagaytay City,4
2023-11-10,Philippines,Manila City,1
2023-04-23,Philippines,Manila City,2
2023-04-27,Philippines,Calamba City,1
2023-10-01,Philippines,Iloilo City,1
2023-10-01,Philippines,Makati City,9
2023-09-24,Philippines,Panglao,2
2023-10-16,Philippines,Manila City,1
2023-04-12,Philippines,Calbayog City,1
2023-03-19,Philippines,Pasay City,1
2023-10-02,Philippines,Pasay City,3
2023-08-16,Philippines,Parañaque,1
2023-07-09,Philippines,Makilala,1
2023-07-09,Philippines,Cagayan de Oro City,1
2023-03-13,Philippines,Lapu-Lapu City,6
2023-10-28,Philippines,San Juan,2
2023-02-09,Philippines,Makati City,15
2023-02-09,Philippines,Parañaque,1
2023-08-27,Philippines,Pasay City,1
2023-03-15,Philippines,Moalboal,1
2023-03-01,Philippines,Tagum City,1
2023-02-08,Philippines,San Juan,3
2023-02-08,Philippines,Urdaneta City,1
2023-04-21,Philippines,Lipa City,1
2023-04-21,Philippines,Mandaluyong,1
2023-04-05,Philippines,Makilala,1
2023-04-05,Philippines,Baguio City,1
2023-04-05,Philippines,Silang,1
2023-11-19,Philippines,Makati City,8
2023-04-19,Philippines,Kalookan City,1
2023-09-16,Philippines,Panglao,1
2023-05-26,Philippines,San Juan,1
2023-05-26,Philippines,Angeles City,1
2023-03-14,Philippines,Pasay City,3
2023-05-25,Philippines,Mandaue City,6
2023-09-01,Philippines,Cordoba,2
2023-04-04,Philippines,Davao City,2
2023-04-04,Philippines,Pagudpud,1
2023-01-20,Philippines,Puerto Princesa City,2
2023-04-18,Philippines,Tagaytay City,3
2023-04-07,Philippines,Makati City,13
2023-04-07,Philippines,Tagbilaran City,3
2023-06-20,Philippines,Makati City,12
2023-01-23,Philippines,Cebu City,1
2023-06-20,Philippines,Quezon City,6
2023-06-20,Philippines,Iloilo City,3
2023-04-06,Philippines,San Juan,3
2023-03-08,Philippines,Antipolo City,2
2023-05-21,Philippines,Bolinao,4
2023-08-19,Philippines,Quezon City,1
2023-04-14,Philippines,Manila City,17
2023-03-07,Philippines,Davao City,3
2023-03-07,Philippines,Lapu-Lapu City,9
2023-09-25,Philippines,San Juan,1
2023-11-13,Philippines,Angeles City,1
2023-04-17,Philippines,Tagaytay City,1
2023-04-17,Philippines,Mataas Na Kahoy,1
2023-09-14,Philippines,Muntinlupa,3
2023-05-24,Philippines,San Juan,1
2023-04-16,Philippines,Taguig,1
2023-04-16,Philippines,Baguio City,1
2023-01-30,Philippines,Mandaue City,1
2023-04-03,Philippines,Tarlac City,1
2023-06-13,Philippines,Cebu City,10
2023-03-09,Philippines,Makati City,12
2023-03-09,Philippines,Pasay City,3
2023-05-22,Philippines,Pasay City,17
2023-06-01,Philippines,Angeles City,1
2023-06-01,Philippines,Koronadal City,1
2023-06-11,Philippines,Tacloban City,3
2023-10-30,Philippines,Pasay City,2
2023-07-22,Philippines,Pasay City,3
2023-03-31,Philippines,Manila City,1
2023-03-31,Philippines,Puerto Princesa City,2
2023-06-29,Philippines,Davao City,13
2023-01-02,Philippines,Makati City,6
2023-06-14,Philippines,Daraga,2
2023-06-28,Philippines,Gerona,1
2023-07-20,Philippines,Pasay City,4
2023-04-08,Philippines,Mabalacat,2
2023-05-29,Philippines,Makati City,15
2023-05-29,Philippines,Pasig City,3
2023-09-05,Philippines,Roxas City,2
2023-02-24,Philippines,Makati City,21
2023-02-24,Philippines,Cebu City,7
2023-05-01,Philippines,Mandaue City,1
2023-09-05,Philippines,Antipolo City,1
2023-01-28,Philippines,Cebu City,1
2023-05-18,Philippines,Cebu City,7
2023-06-22,Philippines,Davao City,3
2023-02-20,Philippines,Cordoba,2
2023-05-04,Philippines,Manila City,5
2023-01-12,Philippines,San Juan,3
2023-01-26,Philippines,Quezon City,5
2023-06-25,Philippines,Lapu-Lapu City,22
2023-09-07,Philippines,Cebu City,7
2023-11-08,Philippines,Quezon City,2
2023-07-14,Philippines,Davao City,3
2023-07-14,Philippines,Iloilo City,2
2023-06-07,Philippines,Bacolod City,4
2023-06-07,Philippines,Moalboal,1
2023-07-28,Philippines,Malay,1
2023-03-23,Philippines,Lapu-Lapu City,10
2023-02-16,Philippines,Olongapo City,2
2023-02-01,Philippines,Quezon City,2
2023-03-22,Philippines,Puerto Princesa City,3
2023-06-06,Philippines,Mandaluyong,1
2023-06-06,Philippines,Cagayan de Oro City,1
2023-07-27,Philippines,Pasay City,7
2023-02-15,Philippines,Makati City,15
2023-02-05,Philippines,Davao City,1
2023-07-02,Philippines,Iloilo City,1
2023-02-19,Philippines,Tagum City,1
2023-02-19,Philippines,Cagayan de Oro City,1
2023-02-18,Philippines,Moalboal,3
2023-07-15,Philippines,Pili,1
2023-06-03,Philippines,Quezon City,16
2023-02-12,Philippines,Bacolod City,1
2023-06-17,Philippines,Koronadal City,1
2023-02-26,Philippines,Subic,1
2023-05-09,Philippines,San Juan,1
2023-02-11,Philippines,Cebu City,2
2023-06-05,Philippines,Kalibo,2
2023-01-04,Philippines,Davao City,2
2023-07-12,Philippines,Kalibo,1
2023-06-19,Philippines,Quezon City,3
2023-07-26,Philippines,Davao City,1
2023-02-14,Philippines,Davao City,1
2023-07-11,Philippines,Tarlac City,1
2023-03-20,Philippines,San Juan,8
2023-05-31,Philippines,Legazpi City,1
2023-05-31,Philippines,Tuguegarao City,2
2023-07-08,Philippines,Taguig,2
2023-03-03,Philippines,Bangui,1
2023-11-10,Philippines,San Juan,3
2023-10-18,Philippines,Quezon City,1
2023-05-30,Philippines,Silang,2
2023-08-14,Philippines,Lapu-Lapu City,28
2023-04-23,Philippines,Oslob,1
2023-03-19,Philippines,Asturias,1
2023-09-23,Philippines,Quezon City,1
2023-08-16,Philippines,Malay,1
2023-08-16,Philippines,Cordoba,1
2023-02-07,Philippines,Puerto Princesa City,3
2023-04-20,Philippines,Manila City,16
2023-03-27,Philippines,Calamba City,1
2023-03-12,Philippines,Antipolo City,2
2023-09-20,Philippines,Angeles City,1
2023-03-01,Philippines,Lapu-Lapu City,10
2023-03-01,Philippines,Kalibo,2
2023-07-06,Philippines,Cebu City,16
2023-07-06,Philippines,Baguio City,1
2023-07-06,Philippines,Legazpi City,1
2023-07-06,Philippines,Tagaytay City,1
2023-07-19,Philippines,San Vicente,1
2023-04-05,Philippines,Legazpi City,1
2023-11-04,Philippines,Davao City,1
2023-01-21,Philippines,Makati City,6
2023-01-21,Philippines,Davao City,1
2023-08-09,Philippines,Manila City,3
2023-05-11,Philippines,Bangui,1
2023-04-04,Philippines,Calamba City,1
2023-09-15,Philippines,Angeles City,1
2023-04-07,Philippines,Bangui,1
2023-08-08,Philippines,Panglao,2
2023-05-28,Philippines,Mandaluyong,1
2023-09-04,Philippines,Cordoba,1
2023-05-12,Philippines,Oslob,1
2023-03-08,Philippines,Davao City,1
2023-08-05,Philippines,Oslob,1
2023-09-11,Philippines,Cordoba,1
2023-05-20,Philippines,Tuguegarao City,1
2023-05-20,Philippines,Cebu City,6
2023-04-28,Philippines,Pasay City,8
2023-03-07,Philippines,Tuguegarao City,3
2023-08-18,Philippines,Pasay City,3
2023-09-28,Philippines,Bacolod City,3
2023-10-06,Philippines,Tarlac City,1
2023-04-03,Philippines,Quezon City,6
2023-06-13,Philippines,Mandaue City,4
2023-06-13,Philippines,Panglao,1
2023-06-13,Philippines,Passi City,1
2023-11-12,Philippines,Quezon City,1
2023-08-06,Philippines,Pasig City,1
2023-09-13,Philippines,Quezon City,3
2023-06-27,Philippines,Zamboanga City,1
2023-01-18,Philippines,Makati City,5
2023-06-01,Philippines,Nasugbu,1
2023-06-11,Philippines,Kalibo,1
2023-02-10,Philippines,Cordoba,1
2023-03-31,Philippines,Pasay City,2
2023-05-19,Philippines,Mandaue City,8
2023-05-08,Philippines,Quezon City,13
2023-05-08,Philippines,San Jose,1
2023-06-14,Philippines,Dapitan City,1
2023-04-09,Philippines,Cordoba,1
2023-05-02,Philippines,Makati City,13
2023-05-07,Philippines,Quezon City,2
2023-01-03,Philippines,Panglao,1
2023-11-09,Philippines,Parañaque,3
2023-05-16,Philippines,San Juan,4
2023-05-16,Philippines,Legazpi City,1
2023-05-29,Philippines,Silang,2
2023-01-25,Philippines,San Juan,4
2023-09-05,Philippines,Lapu-Lapu City,6
2023-05-18,Philippines,Pagudpud,1
2023-06-22,Philippines,Daraga,1
2023-06-21,Philippines,Cagayan de Oro City,2
2023-06-10,Philippines,Makati City,6
2023-05-17,Philippines,Pasay City,9
2023-09-07,Philippines,Makati City,16
2023-09-07,Philippines,Mandaue City,4
2023-08-21,Philippines,Panglao,2
2023-08-20,Philippines,Quezon City,1
2023-02-16,Philippines,Iloilo City,5
2023-02-16,Philippines,Roxas City,1
2023-10-24,Philippines,Cebu City,1
2023-07-13,Philippines,Antipolo City,1
2023-07-27,Philippines,Plaridel,1
2023-08-23,Philippines,Mandaue City,1
2023-08-23,Philippines,Cebu City,9
2023-03-11,Philippines,San Juan,2
2023-03-25,Philippines,Parañaque,1
2023-06-09,Philippines,Quezon City,3
2023-06-09,Philippines,Manila City,6
2023-06-09,Philippines,Mabalacat,1
2023-08-22,Philippines,Bacolod City,1
2023-02-18,Philippines,Pasay City,14
2023-07-01,Philippines,Davao City,2
2023-07-29,Philippines,Makati City,6
2023-03-10,Philippines,Manila City,1
2023-03-24,Philippines,San Juan,8
2023-02-27,Philippines,San Juan,3
2023-02-27,Philippines,Pasig City,2
2023-02-12,Philippines,Cagayan de Oro City,1
2023-06-17,Philippines,Iloilo City,2
2023-02-26,Philippines,Silang,1
2023-06-16,Philippines,Butuan City,1
2023-02-25,Philippines,Lapu-Lapu City,5
2023-02-25,Philippines,Tarlac City,1
2023-06-05,Philippines,Manila City,8
2023-06-05,Philippines,Iloilo City,5
2023-06-19,Philippines,Makati City,6
2023-06-19,Philippines,Cagayan de Oro City,4
2023-02-14,Philippines,Makati City,16
2023-06-04,Philippines,Cebu City,8
2023-06-04,Philippines,General Santos City,2
2023-07-11,Philippines,Quezon City,3
2023-07-10,Philippines,Butuan City,1
2023-10-17,Philippines,Cebu City,1
2023-08-01,Philippines,Manila City,3
2023-07-08,Philippines,Calamba City,2
2023-07-08,Philippines,Iloilo City,2
2023-04-10,Philippines,Tagbilaran City,1
2023-03-17,Philippines,San Vicente,1
2023-07-07,Philippines,Naga City,1
2023-07-07,Philippines,Iloilo City,2
2023-04-23,Philippines,San Jose City,1
2023-03-06,Philippines,Moalboal,1
2023-03-06,Philippines,Dauis,1
2023-10-01,Philippines,Bacolod City,1
2023-09-24,Philippines,Cebu City,2
2023-10-16,Philippines,Makati City,3
2023-04-12,Philippines,San Juan,3
2023-07-09,Philippines,Kalibo,1
2023-04-11,Philippines,Lapu-Lapu City,11
2023-02-07,Philippines,Iloilo City,1
2023-07-18,Philippines,Pasay City,9
2023-07-18,Philippines,Tagaytay City,2
2023-03-27,Philippines,Puerto Princesa City,2
2023-08-10,Philippines,Mandaue City,1
2023-03-13,Philippines,Pasay City,4
2023-03-13,Philippines,Kalibo,1
2023-03-12,Philippines,Mabalacat,2
2023-02-09,Philippines,Koronadal City,1
2023-07-06,Philippines,Panglao,2
2023-07-06,Philippines,Silay City,1
2023-04-22,Philippines,Baguio City,1
2023-03-29,Philippines,Olongapo City,1
2023-08-26,Philippines,San Juan,1
2023-04-21,Philippines,Bangui,1
2023-07-05,Philippines,San Juan,1
2023-07-05,Philippines,Butuan City,2
2023-07-05,Philippines,Mandaue City,1
2023-03-14,Philippines,Mandaue City,1
2023-04-05,Philippines,Makati City,15
2023-01-21,Philippines,Parañaque,1
2023-04-19,Philippines,Lapu-Lapu City,14
2023-04-19,Philippines,Vigan City,1
2023-05-26,Philippines,Quezon City,8
2023-05-11,Philippines,Mandaluyong,1
2023-01-20,Philippines,Cebu City,7
2023-09-15,Philippines,Manila City,2
2023-04-18,Philippines,Roxas City,1
2023-04-18,Philippines,Urdaneta City,1
2023-11-16,Philippines,Makati City,11
2023-05-10,Philippines,Cebu City,7
2023-06-20,Philippines,San Antonio,2
2023-05-28,Philippines,Kalookan City,2
2023-05-28,Philippines,Lapu-Lapu City,20
2023-05-28,Philippines,Naga City,1
2023-05-28,Philippines,Talisay City,1
2023-05-13,Philippines,Silay City,1
2023-05-13,Philippines,Taguig,2
2023-04-15,Philippines,Malay,3
2023-08-19,Philippines,Makati City,10
2023-08-19,Philippines,Calamba City,1
2023-05-12,Philippines,Roxas City,1
2023-08-05,Philippines,Pasay City,5
2023-01-31,Philippines,Tagum City,1
2023-01-31,Philippines,Manila City,2
2023-08-04,Philippines,Cebu City,5
2023-08-18,Philippines,San Juan,1
2023-08-07,Philippines,Lapu-Lapu City,23
2023-04-17,Philippines,Sigma,1
2023-09-14,Philippines,Manila City,1
2023-04-16,Philippines,Pasay City,7
2023-04-16,Philippines,Kalibo,1
2023-05-23,Philippines,Makati City,14
2023-09-27,Philippines,Makati City,11
2023-06-13,Philippines,Manila City,3
2023-05-22,Philippines,Tagbilaran City,3
2023-02-22,Philippines,Cebu City,9
2023-02-22,Philippines,Makati City,14
2023-02-22,Philippines,Davao City,7
2023-02-22,Philippines,Parañaque,1
2023-05-06,Philippines,Baler,1
2023-09-13,Philippines,Parañaque,6
2023-05-22,Philippines,Dapitan City,1
2023-04-02,Philippines,Cebu City,1
2023-01-18,Philippines,Pasay City,2
2023-02-21,Philippines,Quezon City,7
2023-02-21,Philippines,Oslob,1
2023-06-11,Philippines,Ormoc City,1
2023-10-30,Philippines,Angeles City,1
2023-05-19,Philippines,Quezon City,3
2023-01-14,Philippines,Pasay City,2
2023-06-14,Philippines,Davao City,8
2023-06-14,Philippines,Mabalacat,1
2023-06-14,Philippines,Olongapo City,2
2023-04-09,Philippines,Antipolo City,1
2023-05-02,Philippines,Kalookan City,1
2023-07-20,Philippines,Mandaue City,1
2023-09-06,Philippines,Makati City,8
2023-05-01,Philippines,Antipolo City,1
2023-05-01,Philippines,Biñan,1
2023-05-18,Philippines,Calamba City,2
2023-06-22,Philippines,Iloilo City,4
2023-11-07,Philippines,Lapu-Lapu City,1
2023-02-20,Philippines,Mabalacat,3
2023-05-04,Philippines,Olongapo City,1
2023-06-21,Philippines,San Juan,3
2023-06-21,Philippines,Quezon City,4
2023-06-21,Philippines,Baguio City,2
2023-05-03,Philippines,Muntinlupa,2
2023-06-10,Philippines,Tagaytay City,1
2023-06-25,Philippines,Kalookan City,2
2023-06-25,Philippines,Pasay City,2
2023-05-17,Philippines,Vigan City,1
2023-05-03,Philippines,Vigan City,1
2023-02-17,Philippines,Mabalacat,1
2023-08-21,Philippines,Cebu City,4
2023-02-02,Philippines,Makati City,8
2023-02-02,Philippines,Lapu-Lapu City,5
2023-02-16,Philippines,Santiago,1
2023-01-09,Philippines,San Juan,4
2023-01-09,Philippines,Davao City,2
2023-06-06,Philippines,Malolos City,1
2023-02-15,Philippines,Quezon City,10
2023-08-23,Philippines,Quezon City,4
2023-07-02,Philippines,Makati City,7
2023-07-02,Philippines,Kalookan City,8
2023-03-11,Philippines,Malay,2
2023-03-11,Philippines,Quezon City,4
2023-02-19,Philippines,San Juan,4
2023-03-11,Philippines,Taguig,5
2023-08-22,Philippines,Mandaue City,1
2023-07-01,Philippines,Pasig City,1
2023-03-10,Philippines,Baguio City,1
2023-06-08,Philippines,Mandaue City,1
2023-02-03,Philippines,Tagaytay City,1
2023-07-24,Philippines,Gerona,1
2023-07-24,Philippines,Plaridel,1
2023-07-23,Philippines,Manila City,5
2023-06-16,Philippines,Subic,1
2023-06-16,Philippines,Lapu-Lapu City,15
2023-06-16,Philippines,Taguig,2
2023-02-25,Philippines,Calamba City,1
2023-07-12,Philippines,Davao City,11
2023-02-28,Philippines,Antipolo City,1
2023-02-28,Philippines,Bacolod City,7
2023-02-28,Philippines,Urdaneta City,2
2023-06-04,Philippines,Lapu-Lapu City,26
2023-07-11,Philippines,Manila City,10
2023-07-11,Philippines,Tacloban City,2
2023-08-31,Philippines,Davao City,1
2023-04-25,Philippines,Daanbantayan,1
2023-10-17,Philippines,Manila City,1
2023-03-18,Philippines,Pasay City,1
2023-08-29,Philippines,Makati City,7
2023-05-31,Philippines,Bacolod City,4
2023-04-10,Philippines,Davao City,5
2023-09-21,Philippines,Parañaque,1
2023-10-04,Philippines,Cebu City,4
2023-10-04,Philippines,Pasay City,2
2023-03-17,Philippines,Asturias,1
2023-05-30,Philippines,Cagayan de Oro City,1
2023-07-07,Philippines,Tacloban City,3
2023-10-29,Philippines,Pasig City,3
2023-03-06,Philippines,Davao City,5
2023-08-03,Philippines,Lapu-Lapu City,14
2023-10-01,Philippines,Santa Rosa City,1
2023-10-02,Philippines,Cebu City,2
2023-04-26,Philippines,Malay,2
2023-09-23,Philippines,Cordoba,1
2023-07-09,Philippines,Panglao,2
2023-02-07,Philippines,General Santos City,1
2023-03-28,Philippines,San Juan,3
2023-07-03,Philippines,Kalookan City,2
2023-03-12,Philippines,Tacloban City,1
2023-07-06,Philippines,Taguig,2
2023-08-13,Philippines,Cebu City,11
2023-07-06,Philippines,Gerona,1
2023-08-12,Philippines,Cordoba,2
2023-03-29,Philippines,Antipolo City,1
2023-08-26,Philippines,Davao City,6
2023-04-21,Philippines,Tarlac City,1
2023-07-05,Philippines,Manila City,8
2023-07-05,Philippines,Bacolod City,2
2023-03-14,Philippines,San Fernando City,1
2023-04-05,Philippines,Panglao,1
2023-04-05,Philippines,Naga City,2
2023-11-04,Philippines,Cebu City,2
2023-09-02,Philippines,Quezon City,1
2023-01-21,Philippines,Cebu City,2
2023-09-16,Philippines,Manila City,2
2023-05-26,Philippines,Parañaque,2
2023-05-11,Philippines,Pasig City,2
2023-05-11,Philippines,Angeles City,1
2023-09-01,Philippines,Liloan,1
2023-04-04,Philippines,Tagaytay City,1
2023-01-20,Philippines,Lapu-Lapu City,2
2023-09-15,Philippines,Makati City,5
2023-09-04,Philippines,Makati City,7
2023-01-23,Philippines,Subic,1
2023-11-17,Philippines,Pasay City,3
2023-06-20,Philippines,Mabalacat,1
2023-05-13,Philippines,San Juan,1
2023-05-13,Philippines,Tarlac City,4
2023-05-14,Philippines,Manila City,12
2023-09-19,Philippines,Bacolod City,2
2023-05-27,Philippines,Makati City,9
2023-05-27,Philippines,Tagaytay City,3
2023-09-17,Philippines,Bacolod City,2
2023-08-19,Philippines,Manila City,1
2023-09-26,Philippines,Lapu-Lapu City,2
2023-04-14,Philippines,Quezon City,1
2023-05-20,Philippines,Lapu-Lapu City,8
2023-08-18,Philippines,Vigan City,1
2023-09-28,Philippines,Malay,2
2023-10-06,Philippines,Makati City,1
2023-09-14,Philippines,Davao City,4
2023-06-30,Philippines,Lapu-Lapu City,16
2023-09-27,Philippines,Pasay City,6
2023-09-27,Philippines,Roxas City,1
2023-06-13,Philippines,Daraga,1
2023-06-13,Philippines,Angeles City,1
2023-02-22,Philippines,Legazpi City,2
2023-05-22,Philippines,Cagayan de Oro City,2
2023-06-27,Philippines,Calamba City,1
2023-02-21,Philippines,Tagbilaran City,1
2023-05-05,Philippines,Quezon City,3
2023-05-19,Philippines,Tarlac City,1
2023-05-08,Philippines,Parañaque,2
2023-06-12,Philippines,Quezon City,2
2023-06-14,Philippines,Lapu-Lapu City,23
2023-06-14,Philippines,Las Piñas,1
2023-04-09,Philippines,Batangas City,1
2023-05-02,Philippines,San Vicente,1
2023-02-23,Philippines,Pasay City,3
2023-04-08,Philippines,Legazpi City,2
2023-04-08,Philippines,Mambajao,1
2023-05-29,Philippines,Davao City,5
2023-05-29,Philippines,Mandaluyong,2
2023-02-24,Philippines,Lapu-Lapu City,2
2023-02-24,Philippines,Iloilo City,3
2023-07-21,Philippines,Puerto Princesa City,3
2023-01-11,Philippines,Pasay City,1
2023-05-01,Philippines,Manila City,16
2023-05-01,Philippines,Pasay City,17
2023-06-22,Philippines,San Fernando City,1
2023-06-21,Philippines,Makilala,2
2023-01-27,Philippines,Mabalacat,3
2023-05-17,Philippines,Lapu-Lapu City,19
2023-09-08,Philippines,Quezon City,2
2023-09-07,Philippines,Santa Fe,1
2023-07-30,Philippines,Lapu-Lapu City,10
2023-02-17,Philippines,Tacloban City,6
2023-02-17,Philippines,San Juan,1
2023-07-14,Philippines,Tagaytay City,2
2023-10-23,Philippines,Quezon City,1
2023-06-07,Philippines,Pasay City,7
2023-06-07,Philippines,San Fernando City,1
2023-07-28,Philippines,San Antonio,1
2023-02-16,Philippines,Taguig,2
2023-02-01,Philippines,Bacoor,1
2023-03-22,Philippines,Makati City,10
2023-02-15,Philippines,Antipolo City,1
2023-02-05,Philippines,San Juan,1
2023-03-26,Philippines,Oslob,1
2023-02-19,Philippines,Lapu-Lapu City,8
2023-07-16,Philippines,Bacolod City,2
2023-07-15,Philippines,Davao City,5
2023-07-15,Philippines,Bacolod City,2
2023-02-18,Philippines,Mabalacat,1
2023-07-01,Philippines,Pasay City,5
2023-07-15,Philippines,Manila City,1
2023-07-15,Philippines,Tagaytay City,1
2023-03-10,Philippines,Taguig,1
2023-03-10,Philippines,Santiago,1
2023-06-08,Philippines,Iloilo City,2
2023-02-27,Philippines,Cebu City,9
2023-02-27,Philippines,Plaridel,1
2023-07-24,Philippines,Davao City,4
2023-07-24,Philippines,Baguio City,2
2023-06-17,Philippines,Cebu City,20
2023-02-26,Philippines,Makati City,13
2023-02-26,Philippines,Tacloban City,1
2023-06-16,Philippines,Angeles City,4
2023-05-09,Philippines,Oslob,1
2023-05-09,Philippines,Mandaluyong,2
2023-05-09,Philippines,Cagayan de Oro City,2
2023-02-25,Philippines,Iloilo City,2
2023-02-25,Philippines,Ormoc City,1
2023-06-05,Philippines,Tuguegarao City,1
2023-06-05,Philippines,Plaridel,1
2023-03-21,Philippines,Tagaytay City,1
2023-02-28,Philippines,Moalboal,2
2023-03-20,Philippines,Quezon City,3
2023-03-20,Philippines,San Francisco,1
2023-06-18,Philippines,Tuguegarao City,6
2023-06-18,Philippines,Cagayan de Oro City,1
2023-07-25,Philippines,Pasig City,4
2023-08-31,Philippines,Pasig City,3
2023-03-03,Philippines,San Juan,4
2023-03-03,Philippines,Bacolod City,6
2023-07-08,Philippines,Panglao,1
2023-09-21,Philippines,Balamban,1
2023-03-17,Philippines,Lapu-Lapu City,5
2023-05-30,Philippines,Legazpi City,1
2023-07-07,Philippines,Batangas City,1
2023-09-10,Philippines,Muntinlupa,1
2023-08-03,Philippines,Calamba City,2
2023-08-02,Philippines,Pasig City,3
2023-08-02,Philippines,Pasay City,2
2023-04-26,Philippines,Manila City,3
2023-04-26,Philippines,Lapu-Lapu City,12
2023-04-11,Philippines,Calamba City,1
2023-08-11,Philippines,Panglao,2
2023-07-04,Philippines,Tarlac City,1
2023-04-20,Philippines,Bacolod City,2
2023-04-20,Philippines,Mambajao,1
2023-08-13,Philippines,Manila City,1
2023-03-01,Philippines,Iloilo City,4
2023-10-26,Philippines,Cebu City,2
2023-03-15,Philippines,Lapu-Lapu City,6
2023-08-12,Philippines,Manila City,5
2023-03-01,Philippines,Tacloban City,2
2023-02-08,Philippines,Butuan City,1
2023-07-05,Philippines,Tagaytay City,3
2023-04-05,Philippines,Asturias,1
2023-04-05,Philippines,Gerona,4
2023-04-05,Philippines,Koronadal City,1
2023-04-05,Philippines,Santiago,2
2023-04-19,Philippines,El Nido,1
2023-05-25,Philippines,Makati City,11
2023-05-25,Philippines,Parañaque,2
2023-05-25,Philippines,Olongapo City,1
2023-09-15,Philippines,Lapu-Lapu City,4
2023-09-15,Philippines,Davao City,2
2023-11-16,Philippines,Angeles City,1
2023-09-29,Philippines,Lapu-Lapu City,4
2023-05-10,Philippines,El Nido,2
2023-05-10,Philippines,Vigan City,3
2023-08-08,Philippines,Mandaluyong,1
2023-09-18,Philippines,Muntinlupa,4
2023-09-18,Philippines,Lapu-Lapu City,1
2023-06-20,Philippines,Mandaue City,3
2023-09-03,Philippines,Meycauayan City,1
2023-04-06,Philippines,Cebu City,3
2023-04-29,Philippines,Cebu City,4
2023-08-19,Philippines,Mabalacat,1
2023-08-05,Philippines,Makati City,7
2023-04-14,Philippines,Calamba City,1
2023-09-11,Philippines,Antipolo City,2
2023-09-12,Philippines,Antipolo City,1
2023-11-15,Philippines,Manila City,2
2023-03-07,Philippines,Parañaque,1
2023-03-07,Philippines,Antipolo City,2
2023-04-13,Philippines,Cordoba,2
2023-04-13,Philippines,Tacloban City,1
2023-09-25,Philippines,Manila City,4
2023-06-30,Philippines,Dalaguete,1
2023-04-17,Philippines,Manila City,8
2023-05-24,Philippines,Plaridel,1
2023-04-16,Philippines,Moalboal,1
2023-06-30,Philippines,Mandaue City,3
2023-03-09,Philippines,Mandaue City,1
2023-03-09,Philippines,Tacloban City,5
2023-03-09,Philippines,Pasig City,1
2023-06-27,Philippines,Lapu-Lapu City,18
2023-01-18,Philippines,Mandaue City,1
2023-06-11,Philippines,Pasig City,2
2023-01-29,Philippines,Puerto Princesa City,2
2023-03-31,Philippines,Cebu City,2
2023-01-14,Philippines,Subic,1
2023-06-12,Philippines,Mandaue City,3
2023-03-30,Philippines,Urdaneta City,1
2023-02-23,Philippines,Mabalacat,3
2023-02-23,Philippines,Passi City,1
2023-04-08,Philippines,Pasay City,3
2023-04-08,Philippines,Baguio City,1
2023-05-15,Philippines,Pasay City,6
2023-01-16,Philippines,San Juan,2
2023-05-29,Philippines,Tagaytay City,4
2023-05-03,Philippines,Plaridel,1
2023-01-26,Philippines,Makati City,13
2023-06-25,Philippines,Makati City,2
2023-05-03,Philippines,Cebu City,13
2023-05-03,Philippines,Parañaque,2
2023-02-17,Philippines,Tuguegarao City,1
2023-06-07,Philippines,Makati City,13
2023-06-07,Philippines,General Santos City,2
2023-02-02,Philippines,Asingan,1
2023-08-20,Philippines,Pasig City,2
2023-06-06,Philippines,Davao City,4
2023-07-02,Philippines,Malay,1
2023-03-11,Philippines,Iloilo City,5
2023-02-19,Philippines,Tacloban City,3
2023-07-16,Philippines,El Nido,1
2023-02-04,Philippines,Oslob,1
2023-02-04,Philippines,Naga City,1
2023-10-21,Philippines,Manila City,1
2023-10-21,Philippines,Davao City,1
2023-06-09,Philippines,Cebu City,5
2023-06-09,Philippines,Kalookan City,2
2023-06-09,Philippines,Bacolor,1
2023-07-15,Philippines,Plaridel,1
2023-03-24,Philippines,Pasay City,5
2023-03-24,Philippines,Moalboal,3
2023-02-03,Philippines,Naga City,1
2023-01-06,Philippines,Parañaque,1
2023-02-27,Philippines,Panglao,1
2023-02-27,Philippines,Ormoc City,1
2023-06-03,Philippines,El Nido,1
2023-07-23,Philippines,Pasay City,8
2023-06-16,Philippines,Pasig City,1
2023-05-09,Philippines,Tagbilaran City,1
2023-10-20,Philippines,Cordoba,1
2023-10-20,Philippines,Pasig City,2
2023-10-20,Philippines,Calamba City,1
2023-06-05,Philippines,Cebu City,5
2023-06-05,Philippines,Pasay City,15
2023-06-05,Philippines,Bacolod City,2
2023-07-12,Philippines,Mandaue City,4
2023-07-26,Philippines,Antipolo City,1
2023-03-21,Philippines,San Juan,3
2023-07-11,Philippines,Tagbilaran City,2
2023-07-10,Philippines,Legazpi City,1
2023-02-13,Philippines,Calamba City,1
2023-04-25,Philippines,Cebu City,2
2023-03-03,Philippines,Cagayan de Oro City,1
2023-07-08,Philippines,Antipolo City,1
2023-04-24,Philippines,Malay,1
2023-03-17,Philippines,Plaridel,1
2023-05-30,Philippines,Lapu-Lapu City,17
2023-05-30,Philippines,Puerto Princesa City,2
2023-03-02,Philippines,Bacolod City,3
2023-03-06,Philippines,Pasig City,1
2023-08-17,Philippines,Pasay City,6
2023-08-17,Philippines,Calamba City,1
2023-03-19,Philippines,Calamba City,1
2023-08-02,Philippines,Makati City,6
2023-08-16,Philippines,Mandaue City,1
2023-07-09,Philippines,Puerto Princesa City,1
2023-10-27,Philippines,San Juan,2
2023-04-11,Philippines,San Fernando City,1
2023-08-11,Philippines,Pasig City,7
2023-08-11,Philippines,Quezon City,1
2023-08-25,Philippines,Panglao,1
2023-04-20,Philippines,Plaridel,2
2023-03-28,Philippines,Lapu-Lapu City,14
2023-03-13,Philippines,General Santos City,1
2023-09-30,Philippines,Antipolo City,1
2023-03-01,Philippines,Quezon City,8
2023-08-26,Philippines,Cordoba,1
2023-04-21,Philippines,Quezon City,9
2023-07-05,Philippines,Antipolo City,1
2023-07-05,Philippines,Tacloban City,1
2023-04-05,Philippines,Roxas City,2
2023-05-26,Philippines,Malay,1
2023-05-11,Philippines,Tagbilaran City,2
2023-05-25,Philippines,Mandaluyong,1
2023-04-04,Philippines,Malay,1
2023-01-20,Philippines,San Juan,2
2023-04-07,Philippines,Iloilo City,1
2023-11-02,Philippines,Pasay City,3
2023-01-23,Philippines,San Juan,7
2023-11-18,Philippines,El Nido,1
2023-05-13,Philippines,Moalboal,1
2023-09-03,Philippines,Cebu City,4
2023-05-12,Philippines,Davao City,3
2023-11-01,Philippines,Makati City,5
2023-08-19,Philippines,Pasay City,1
2023-05-12,Philippines,Mambajao,1
2023-04-14,Philippines,El Nido,1
2023-01-31,Philippines,Puerto Princesa City,2
2023-09-11,Philippines,El Nido,2
2023-03-08,Philippines,Bacolod City,3
2023-09-12,Philippines,Quezon City,1
2023-08-04,Philippines,Pasay City,5
2023-08-18,Philippines,Quezon City,3
2023-04-13,Philippines,San Fernando City,1
2023-09-25,Philippines,Vigan City,1
2023-10-09,Philippines,Davao City,2
2023-05-24,Philippines,Pasig City,3
2023-04-16,Philippines,Makati City,17
2023-05-23,Philippines,Kalookan City,2
2023-06-30,Philippines,Quezon City,1
2023-02-22,Philippines,Batangas City,1
2023-02-22,Philippines,Manila City,1
2023-05-22,Philippines,Tagaytay City,3
2023-05-22,Philippines,Malay,1
2023-02-21,Philippines,Santiago,1
2023-06-11,Philippines,Olongapo City,1
2023-01-29,Philippines,Cebu City,2
2023-01-29,Philippines,Davao City,1
2023-05-19,Philippines,San Juan,1
2023-07-22,Philippines,Lapu-Lapu City,19
2023-03-31,Philippines,Baguio City,2
2023-05-08,Philippines,San Juan,2
2023-05-08,Philippines,Cebu City,4
2023-05-08,Philippines,Davao City,4
2023-01-17,Philippines,Quezon City,1
2023-06-15,Philippines,Iloilo City,1
2023-06-26,Philippines,General Santos City,1
2023-06-23,Philippines,San Juan,2
2023-05-16,Philippines,Panglao,2
2023-05-29,Philippines,Baguio City,1
2023-05-29,Philippines,Dasmariñas,1
2023-01-25,Philippines,San Antonio,1
2023-05-01,Philippines,Malay,3
2023-01-13,Philippines,San Juan,5
2023-05-18,Philippines,Manila City,3
2023-06-22,Philippines,Cebu City,9
2023-02-20,Philippines,Lapu-Lapu City,7
2023-02-20,Philippines,Pagudpud,1
2023-06-21,Philippines,Kalookan City,2
2023-06-10,Philippines,Naga City,1
2023-01-12,Philippines,Makati City,6
2023-01-12,Philippines,Pasay City,2
2023-06-25,Philippines,Pasig City,1
2023-05-17,Philippines,Sorsogon City,1
2023-05-17,Philippines,Bacolod City,1
2023-11-08,Philippines,Pasay City,2
2023-07-28,Philippines,Asturias,1
2023-02-16,Philippines,Makati City,22
2023-07-13,Philippines,Cagayan de Oro City,1
2023-03-22,Philippines,Moalboal,2
2023-07-27,Philippines,Mabalacat,1
2023-02-15,Philippines,Manila City,2
2023-02-15,Philippines,Baguio City,1
2023-03-26,Philippines,Quezon City,1
2023-03-26,Philippines,Davao City,8
2023-03-11,Philippines,Tagaytay City,1
2023-07-16,Philippines,San Juan,1
2023-10-22,Philippines,Bacolod City,1
2023-03-10,Philippines,Pasay City,3
2023-06-08,Philippines,Makilala,1
2023-06-08,Philippines,Bacolod City,6
2023-02-03,Philippines,Pasay City,1
2023-06-03,Philippines,Makilala,1
2023-06-17,Philippines,Quezon City,5
2023-06-16,Philippines,Mandaue City,1
2023-07-12,Philippines,Dalaguete,1
2023-07-12,Philippines,Bacolod City,3
2023-07-12,Philippines,Tagbilaran City,1
2023-01-04,Philippines,San Juan,2
2023-01-08,Philippines,Manila City,2
2023-06-19,Philippines,Davao City,4
2023-07-26,Philippines,Panglao,1
2023-02-28,Philippines,Baguio City,1
2023-06-04,Philippines,Baguio City,1
2023-06-18,Philippines,San Fernando City,1
2023-07-10,Philippines,Tacloban City,2
2023-07-25,Philippines,Lapu-Lapu City,15
2023-02-13,Philippines,Parañaque,3
2023-08-31,Philippines,Muntinlupa,1
2023-09-22,Philippines,Pasay City,2
2023-03-04,Philippines,Ormoc City,1
2023-03-18,Philippines,Subic,1
2023-03-18,Philippines,Puerto Princesa City,3
2023-03-03,Philippines,San Francisco,1
2023-07-08,Philippines,Makati City,10
2023-07-08,Philippines,Calbayog City,1
2023-04-24,Philippines,Davao City,1
2023-03-17,Philippines,Pasay City,1
2023-08-14,Philippines,Bacolod City,1
2023-03-02,Philippines,Puerto Princesa City,2
2023-04-23,Philippines,Parañaque,1
2023-10-29,Philippines,Puerto Princesa City,1
2023-04-27,Philippines,Malolos City,2
2023-03-06,Philippines,San Juan,7
2023-03-19,Philippines,Manila City,3
2023-08-02,Philippines,Parañaque,1
2023-08-16,Philippines,Davao City,2
2023-08-11,Philippines,Manila City,2
2023-03-28,Philippines,Davao City,1
2023-07-18,Philippines,Davao City,4
2023-03-27,Philippines,Malay,1
2023-02-06,Philippines,Makati City,10
2023-10-14,Philippines,Cebu City,2
2023-10-14,Philippines,Pasay City,2
2023-07-17,Philippines,Plaridel,1
2023-03-12,Philippines,Makati City,9
2023-08-13,Philippines,Lapu-Lapu City,31
2023-07-06,Philippines,Bangui,1
2023-07-06,Philippines,Pasay City,12
2023-03-01,Philippines,Panglao,1
2023-03-01,Philippines,Las Piñas,1
2023-11-19,Philippines,Manila City,1
2023-04-19,Philippines,Quezon City,5
2023-04-19,Philippines,Calamba City,2
2023-04-19,Philippines,Makati City,8
2023-09-16,Philippines,Pasay City,4
2023-05-26,Philippines,Kalookan City,4
2023-05-26,Philippines,Lapu-Lapu City,9
2023-05-11,Philippines,Tuguegarao City,1
2023-05-25,Philippines,Tarlac City,3
2023-05-25,Philippines,Butuan City,1
2023-09-01,Philippines,Cebu City,7
2023-04-04,Philippines,Pasay City,3
2023-04-04,Philippines,Iloilo City,1
2023-05-10,Philippines,Quezon City,13
2023-05-10,Philippines,Panglao,1
2023-11-17,Philippines,Davao City,1
2023-05-28,Philippines,Ormoc City,1
2023-05-13,Philippines,Pasig City,1
2023-05-13,Philippines,Baguio City,1
2023-05-12,Philippines,Makati City,13
2023-05-12,Philippines,Moalboal,1
2023-04-15,Philippines,Malolos City,1
2023-10-07,Philippines,Panglao,2
2023-10-07,Philippines,Davao City,3
2023-10-07,Philippines,Makati City,3
2023-09-26,Philippines,Malay,1
2023-08-05,Philippines,Cebu City,2
2023-08-05,Philippines,Davao City,2
2023-05-20,Philippines,Calamba City,2
2023-08-04,Philippines,Makati City,8
2023-08-04,Philippines,Bacolod City,2
2023-04-13,Philippines,Puerto Princesa City,1
2023-04-13,Philippines,Parañaque,6
2023-04-17,Philippines,Tacloban City,1
2023-04-16,Philippines,Lapu-Lapu City,14
2023-01-30,Philippines,Cebu City,3
2023-05-22,Philippines,Bacolod City,6
2023-08-06,Philippines,Pasay City,6
2023-01-18,Philippines,Puerto Princesa City,2
2023-02-21,Philippines,Puerto Princesa City,6
2023-06-01,Philippines,Kalookan City,2
2023-06-01,Philippines,Davao City,2
2023-01-29,Philippines,Manila City,2
2023-01-29,Philippines,Mabalacat,1
2023-07-22,Philippines,Mandaue City,1
2023-06-29,Philippines,Pasig City,1
2023-06-29,Philippines,Plaridel,1
2023-01-14,Philippines,Cebu City,4
2023-06-12,Philippines,Legazpi City,1
2023-06-12,Philippines,Manila City,4
2023-06-14,Philippines,Cebu City,10
2023-06-14,Philippines,Oslob,1
2023-06-14,Philippines,Cagayan de Oro City,7
2023-06-15,Philippines,Butuan City,2
2023-06-15,Philippines,Angeles City,2
2023-06-15,Philippines,San Fernando City,2
2023-06-26,Philippines,Tuguegarao City,1
2023-06-23,Philippines,Las Piñas,1
2023-06-23,Philippines,Moalboal,1
2023-06-23,Philippines,Pasig City,1
2023-04-08,Philippines,Lapu-Lapu City,11
2023-09-09,Philippines,Manila City,2
2023-05-15,Philippines,Batangas City,1
2023-07-21,Philippines,Tagaytay City,2
2023-01-28,Philippines,San Antonio,1
2023-05-18,Philippines,Parañaque,1
2023-11-07,Philippines,Makati City,13
2023-02-20,Philippines,San Juan,4
2023-02-20,Philippines,Puerto Princesa City,8
2023-05-04,Philippines,Koronadal City,1
2023-06-21,Philippines,General Santos City,2
2023-06-24,Philippines,Pasay City,8
2023-01-27,Philippines,Lapu-Lapu City,2
2023-08-21,Philippines,Mandaue City,2
2023-07-14,Philippines,Calamba City,1
2023-06-07,Philippines,Manila City,5
2023-07-13,Philippines,Panglao,2
2023-06-06,Philippines,Malay,2
2023-07-27,Philippines,Davao City,1
2023-10-10,Philippines,Parañaque,2
2023-02-19,Philippines,Mandaue City,1
2023-02-19,Philippines,Vigan City,1
2023-07-16,Philippines,Vigan City,1
2023-06-09,Philippines,Mandaue City,4
2023-06-09,Philippines,Tagaytay City,5
2023-06-09,Philippines,Dapitan City,1
2023-07-15,Philippines,Cebu City,10
2023-02-18,Philippines,Antipolo City,1
2023-07-29,Philippines,Parañaque,1
2023-03-10,Philippines,San Jose,1
2023-03-10,Philippines,Jordan,1
2023-01-06,Philippines,Davao City,5
2023-02-27,Philippines,Parañaque,1
2023-06-17,Philippines,Tacloban City,1
2023-06-17,Philippines,Tarlac City,1
2023-01-05,Philippines,Cebu City,1
2023-02-26,Philippines,Quezon City,1
2023-07-23,Philippines,Cebu City,11
2023-01-19,Philippines,Makati City,7
2023-06-02,Philippines,Kalookan City,1
2023-06-02,Philippines,Malolos City,1
2023-06-16,Philippines,Quezon City,7
2023-06-05,Philippines,Parañaque,3
2023-01-04,Philippines,Makati City,7
2023-02-14,Philippines,Parañaque,2
2023-06-04,Philippines,Tarlac City,1
2023-06-04,Philippines,Naga City,2
2023-06-18,Philippines,Lipa City,1
2023-02-13,Philippines,San Juan,2
2023-09-22,Philippines,Bacolod City,2
2023-08-15,Philippines,Pasay City,2
2023-07-08,Philippines,Batangas City,1
2023-09-21,Philippines,Mandaue City,1
2023-03-17,Philippines,San Juan,2
2023-05-30,Philippines,Pasay City,18
2023-07-07,Philippines,Oslob,2
2023-08-28,Philippines,Parañaque,1
2023-03-02,Philippines,Manila City,3
2023-09-10,Philippines,Mandaluyong,1
2023-04-27,Philippines,Nasugbu,1
2023-04-27,Philippines,Gerona,1
2023-08-03,Philippines,Baguio City,1
2023-10-01,Philippines,Quezon City,1
2023-03-05,Philippines,Iloilo City,5
2023-08-16,Philippines,Sorsogon City,1
2023-07-09,Philippines,Tuguegarao City,1
2023-03-28,Philippines,Malay,1
2023-11-20,Philippines,Pasay City,4
2023-11-20,Philippines,Quezon City,2
2023-02-06,Philippines,Davao City,1
2023-07-03,Philippines,Zamboanga City,1
2023-10-28,Philippines,Cebu City,3
2023-07-17,Philippines,Iloilo City,1
2023-03-12,Philippines,Batangas City,1
2023-03-12,Philippines,Quezon City,2
2023-08-13,Philippines,Pasay City,2
2023-10-26,Philippines,Lapu-Lapu City,2
2023-03-15,Philippines,Cebu City,1
2023-08-12,Philippines,Parañaque,1
2023-03-01,Philippines,Bacolod City,3
2023-02-08,Philippines,Pasig City,2
2023-04-21,Philippines,Mabalacat,1
2023-04-05,Philippines,Parañaque,1
2023-11-19,Philippines,Mandaue City,2
2023-04-19,Philippines,Pasay City,8
2023-09-16,Philippines,Cordoba,3
2023-04-04,Philippines,Coron,1
2023-04-04,Philippines,Santiago,2
2023-04-18,Philippines,Davao City,2
2023-05-10,Philippines,Bacolod City,4
2023-04-07,Philippines,Legazpi City,2
2023-08-08,Philippines,Oslob,1
2023-05-28,Philippines,Silang,1
2023-06-20,Philippines,Lapu-Lapu City,18
2023-06-20,Philippines,Kalibo,2
2023-06-20,Philippines,Coron,1
2023-06-20,Philippines,Plaridel,1
2023-11-18,Philippines,Pasay City,1
2023-05-28,Philippines,Iloilo City,2
2023-05-13,Philippines,Mabalacat,1
2023-05-14,Philippines,Cebu City,1
2023-05-14,Philippines,Kalookan City,1
2023-05-14,Philippines,Malay,4
2023-09-19,Philippines,Lapu-Lapu City,2
2023-01-22,Philippines,San Juan,3
2023-05-27,Philippines,Sigma,1
2023-05-27,Philippines,Pasig City,1
2023-05-12,Philippines,Pasay City,12
2023-05-12,Philippines,Lapu-Lapu City,10
2023-04-15,Philippines,Mandaluyong,1
2023-04-06,Philippines,Gerona,2
2023-03-08,Philippines,Tuguegarao City,2
2023-05-12,Philippines,San Juan,1
2023-04-13,Philippines,Pasig City,1
2023-04-13,Philippines,San Juan,1
2023-08-07,Philippines,Davao City,1
2023-05-24,Philippines,Lapu-Lapu City,15
2023-05-24,Philippines,Bacolod City,4
2023-01-30,Philippines,Pasay City,5
2023-04-03,Philippines,Tagbilaran City,1
2023-06-30,Philippines,Pasig City,1
2023-06-13,Philippines,Gerona,1
2023-03-09,Philippines,Balamban,1
2023-05-06,Philippines,Calamba City,1
2023-05-06,Philippines,Plaridel,1
2023-04-01,Philippines,Malay,1
2023-06-27,Philippines,Manila City,2
2023-06-11,Philippines,General Santos City,1
2023-10-30,Philippines,Makati City,5
2023-06-29,Philippines,Quezon City,1
2023-05-08,Philippines,Moalboal,1
2023-01-17,Philippines,Pasay City,1
2023-01-02,Philippines,Cebu City,1
2023-06-14,Philippines,Tagbilaran City,4
2023-06-15,Philippines,Passi City,1
2023-06-15,Philippines,Koronadal City,2
2023-06-28,Philippines,Manila City,3
2023-06-28,Philippines,Parañaque,2
2023-05-02,Philippines,Iloilo City,1
2023-07-20,Philippines,San Fernando City,1
2023-05-07,Philippines,Angeles City,1
2023-01-03,Philippines,San Juan,5
2023-01-03,Philippines,Makati City,6
2023-01-24,Philippines,Cebu City,4
2023-09-09,Philippines,Cagayan de Oro City,1
2023-09-09,Philippines,Bacolod City,2
2023-05-16,Philippines,Parañaque,3
2023-05-16,Philippines,Malay,1
2023-05-29,Philippines,Makilala,1
2023-02-24,Philippines,Manila City,4
2023-02-24,Philippines,Roxas City,2
2023-06-22,Philippines,Naga City,1
2023-02-20,Philippines,Tuguegarao City,1
2023-06-24,Philippines,Cebu City,4
2023-06-10,Philippines,Baguio City,1
2023-06-10,Philippines,Plaridel,1
2023-09-07,Philippines,Pasay City,6
2023-09-07,Philippines,Muntinlupa,1
2023-09-07,Philippines,Oslob,1
2023-11-08,Philippines,Biñan,1
2023-01-26,Philippines,Cebu City,1
2023-02-17,Philippines,Manila City,6
2023-04-30,Philippines,San Juan,1
2023-10-23,Philippines,Antipolo City,1
2023-07-13,Philippines,Lapu-Lapu City,16
2023-01-09,Philippines,Mandaue City,1
2023-10-10,Philippines,Cordoba,2
2023-02-05,Philippines,Malay,1
2023-08-23,Philippines,Bacolod City,1
2023-03-11,Philippines,Pasay City,2
2023-07-01,Philippines,Makati City,12
2023-07-01,Philippines,Puerto Princesa City,1
2023-07-01,Philippines,Manila City,1
2023-07-29,Philippines,Lapu-Lapu City,13
2023-07-29,Philippines,Plaridel,1
2023-06-08,Philippines,Nasugbu,2
2023-03-24,Philippines,Pasig City,1
2023-02-27,Philippines,Passi City,1
2023-07-24,Philippines,Cebu City,11
2023-06-17,Philippines,Silang,1
2023-01-05,Philippines,Panglao,1
2023-10-20,Philippines,Parañaque,1
2023-02-25,Philippines,Moalboal,1
2023-07-12,Philippines,Quezon City,6
2023-06-05,Philippines,Lapu-Lapu City,14
2023-06-19,Philippines,Legazpi City,2
2023-06-19,Philippines,Ormoc City,3
2023-10-31,Philippines,Lapu-Lapu City,1
2023-06-04,Philippines,Tagaytay City,4
2023-07-11,Philippines,Puerto Princesa City,1
2023-04-25,Philippines,Canlaon City,1
2023-03-04,Philippines,Mandaue City,3
2023-03-04,Philippines,Tagaytay City,2
2023-03-04,Philippines,Manila City,3
2023-03-04,Philippines,El Nido,2
2023-10-03,Philippines,Pasig City,2
2023-04-10,Philippines,Kalibo,1
2023-04-10,Philippines,Gerona,2
2023-04-24,Philippines,Quezon City,1
2023-11-10,Philippines,Lapu-Lapu City,1
2023-09-21,Philippines,Makati City,7
2023-03-17,Philippines,Calamba City,1
2023-03-17,Philippines,Cebu City,1
2023-05-30,Philippines,Kalookan City,4
2023-05-30,Philippines,Las Piñas,1
2023-07-07,Philippines,Biñan,1
2023-04-23,Philippines,Mandaue City,2
2023-08-17,Philippines,Pasig City,6
2023-04-26,Philippines,Bacolod City,1
2023-07-09,Philippines,Makati City,5
2023-10-13,Philippines,Mandaue City,1
2023-07-04,Philippines,Davao City,4
2023-04-20,Philippines,Parañaque,2
2023-07-18,Philippines,Quezon City,1
2023-03-27,Philippines,Manila City,1
2023-02-06,Philippines,Pasay City,4
2023-02-06,Philippines,Ormoc City,1
2023-10-14,Philippines,Pasig City,1
2023-10-14,Philippines,General Santos City,1
2023-08-24,Philippines,Pasay City,7
2023-08-24,Philippines,Oslob,1
2023-07-17,Philippines,Lapu-Lapu City,16
2023-07-17,Philippines,Bacolod City,1
2023-03-12,Philippines,Bacolod City,7
2023-11-21,Philippines,Lapu-Lapu City,1
2023-03-16,Philippines,Manila City,2
2023-09-20,Philippines,Parañaque,1
2023-09-30,Philippines,Quezon City,1
2023-09-30,Philippines,Parañaque,2
2023-09-30,Philippines,Davao City,1
2023-02-09,Philippines,San Juan,3
2023-07-06,Philippines,Silang,1
2023-07-06,Philippines,Batangas City,3
2023-08-12,Philippines,Antipolo City,1
2023-02-08,Philippines,Manila City,1
2023-04-21,Philippines,Daraga,1
2023-04-21,Philippines,Bacolod City,2
2023-04-19,Philippines,San Fernando City,4
2023-08-09,Philippines,Angeles City,1
2023-05-25,Philippines,Legazpi City,1
2023-05-25,Philippines,Dasmariñas,1
2023-04-18,Philippines,Gerona,1
2023-05-10,Philippines,Tagaytay City,2
2023-05-10,Philippines,Parañaque,1
2023-05-13,Philippines,Mandaue City,9
2023-05-13,Philippines,Makilala,2
2023-05-13,Philippines,Puerto Princesa City,1
2023-05-27,Philippines,Pasay City,8
2023-05-27,Philippines,San Francisco,1
2023-04-06,Philippines,Mandaue City,1
2023-04-06,Philippines,Oslob,1
2023-09-11,Philippines,Muntinlupa,2
2023-09-11,Philippines,Bacolod City,2
2023-04-28,Philippines,Cebu City,2
2023-09-12,Philippines,Muntinlupa,2
2023-08-18,Philippines,Manila City,2
2023-09-28,Philippines,Lapu-Lapu City,2
2023-04-16,Philippines,Tacloban City,2
2023-05-23,Philippines,Urdaneta City,1
2023-10-05,Philippines,Vigan City,1
2023-09-13,Philippines,Calamba City,1
2023-05-22,Philippines,Davao City,4
2023-05-22,Philippines,Taguig,1
2023-06-27,Philippines,Las Piñas,1
2023-06-11,Philippines,Coron,1
2023-10-30,Philippines,Vigan City,1
2023-01-29,Philippines,San Juan,5
2023-07-22,Philippines,Pasig City,2
2023-02-10,Philippines,Lapu-Lapu City,1
2023-03-31,Philippines,Davao City,2
2023-05-19,Philippines,Pasig City,1
2023-06-12,Philippines,Calbayog City,1
2023-06-14,Philippines,Kalibo,1
2023-02-23,Philippines,Tagaytay City,1
2023-11-09,Philippines,Baguio City,1
2023-05-15,Philippines,Tuguegarao City,1
2023-09-09,Philippines,San Juan,1
2023-01-16,Philippines,Cebu City,1
2023-05-29,Philippines,Daraga,3
2023-02-24,Philippines,Antipolo City,1
2023-05-01,Philippines,Makati City,12
2023-05-01,Philippines,Kalookan City,1
2023-05-18,Philippines,Bolinao,6
2023-06-22,Philippines,Silang,1
2023-02-20,Philippines,Cebu City,2
2023-02-20,Philippines,Kalibo,1
2023-06-24,Philippines,Kalookan City,2
2023-06-24,Philippines,Malay,1
2023-06-10,Philippines,Lapu-Lapu City,21
2023-06-10,Philippines,Biñan,1
2023-05-17,Philippines,Baguio City,1
2023-09-08,Philippines,Mandaue City,3
2023-09-08,Philippines,Lapu-Lapu City,5
2023-09-07,Philippines,Parañaque,1
2023-05-03,Philippines,Makati City,9
2023-02-17,Philippines,Malay,1
2023-07-14,Philippines,Cebu City,5
2023-07-14,Philippines,Baguio City,1
2023-04-30,Philippines,Koronadal City,1
2023-06-07,Philippines,Sipalay City,1
2023-02-02,Philippines,Tagum City,1
2023-03-23,Philippines,Taguig,1
2023-02-16,Philippines,Tacloban City,2
2023-07-13,Philippines,Ormoc City,2
2023-03-22,Philippines,Subic,3
2023-03-22,Philippines,Baler,1
2023-03-11,Philippines,Lapu-Lapu City,3
2023-03-11,Philippines,Baguio City,1
2023-07-16,Philippines,Tagum City,1
2023-06-09,Philippines,Baguio City,1
2023-07-15,Philippines,Panglao,3
2023-07-29,Philippines,Cebu City,10
2023-06-08,Philippines,Kalookan City,2
2023-02-03,Philippines,San Fernando City,1
2023-02-27,Philippines,Quezon City,6
2023-02-12,Philippines,Ormoc City,1
2023-08-30,Philippines,Bacolod City,1
2023-07-23,Philippines,Tagbilaran City,1
2023-02-11,Philippines,Pasay City,6
2023-07-12,Philippines,Pasay City,32
2023-06-05,Philippines,Puerto Princesa City,1
2023-06-05,Philippines,Naga City,1
2023-06-05,Philippines,Dasmariñas,1
2023-07-12,Philippines,Lapu-Lapu City,19
2023-07-12,Philippines,Calamba City,1
2023-06-19,Philippines,Olongapo City,2
2023-03-21,Philippines,Bacolod City,1
2023-06-04,Philippines,Puerto Princesa City,1
2023-07-11,Philippines,Legazpi City,1
2023-07-11,Philippines,Ormoc City,1
2023-06-18,Philippines,Vigan City,2
2023-07-25,Philippines,Pasay City,6
2023-07-25,Philippines,Tagum City,1
2023-02-13,Philippines,Davao City,2
2023-03-04,Philippines,Urdaneta City,2
2023-03-18,Philippines,Lapu-Lapu City,4
2023-03-18,Philippines,Plaridel,1
2023-08-29,Philippines,Cebu City,4
2023-05-31,Philippines,Dasmariñas,1
2023-05-31,Philippines,Parañaque,1
2023-07-08,Philippines,Pasay City,10
2023-07-07,Philippines,Taguig,1
2023-03-02,Philippines,Bacolor,1
2023-04-27,Philippines,Lapu-Lapu City,16
2023-03-06,Philippines,Manila City,3
2023-03-06,Philippines,Tuguegarao City,1
2023-10-15,Philippines,Quezon City,2
2023-08-03,Philippines,Cabanatuan City,1
2023-10-16,Philippines,Lapu-Lapu City,2
2023-03-05,Philippines,Roxas City,1
2023-08-16,Philippines,Manila City,3
2023-10-27,Philippines,Manila City,1
2023-02-07,Philippines,San Juan,2
2023-03-28,Philippines,San Vicente,3
2023-04-20,Philippines,El Nido,1
2023-10-14,Philippines,Lapu-Lapu City,1
2023-03-15,Philippines,Makati City,10
2023-04-22,Philippines,Cebu City,1
2023-07-19,Philippines,San Juan,2
2023-04-05,Philippines,Manila City,6
2023-05-26,Philippines,Cagayan de Oro City,2
2023-05-11,Philippines,Manila City,8
2023-05-25,Philippines,Tagaytay City,4
2023-09-15,Philippines,Puerto Princesa City,2
2023-11-02,Philippines,Cebu City,2
2023-11-03,Philippines,Manila City,4
2023-06-20,Philippines,Naga City,1
2023-05-13,Philippines,Plaridel,1
2023-05-13,Philippines,Cagayan de Oro City,1
2023-05-14,Philippines,Pasay City,15
2023-05-12,Philippines,Manila City,9
2023-05-12,Philippines,Sigma,1
2023-04-15,Philippines,Makati City,24
2023-04-06,Philippines,Taguig,1
2023-04-29,Philippines,Malay,4
2023-04-29,Philippines,Parañaque,4
2023-05-21,Philippines,Pasig City,1
2023-05-21,Philippines,Lapu-Lapu City,8
2023-04-14,Philippines,Kalibo,1
2023-03-08,Philippines,General Santos City,1
2023-03-07,Philippines,Malay,1
2023-04-13,Philippines,Subic,1
2023-09-25,Philippines,Quezon City,1
2023-09-28,Philippines,Manila City,1
2023-06-30,Philippines,Manila City,3
2023-10-05,Philippines,Cebu City,1
2023-08-06,Philippines,Calamba City,1
2023-08-06,Philippines,Bacolod City,1
2023-09-13,Philippines,Antipolo City,1
2023-04-01,Philippines,Mandaue City,1
2023-04-01,Philippines,Baguio City,1
2023-05-22,Philippines,Quezon City,9
2023-04-02,Philippines,San Juan,3
2023-02-21,Philippines,Manila City,1
2023-07-22,Philippines,Mabalacat,2
2023-07-22,Philippines,Gerona,2
2023-03-31,Philippines,Calamba City,2
2023-01-15,Philippines,Davao City,5
2023-01-14,Philippines,Davao City,4
2023-06-15,Philippines,Subic,1
2023-05-07,Philippines,Lapu-Lapu City,12
2023-04-08,Philippines,Calamba City,1
2023-11-09,Philippines,Makati City,17
2023-11-09,Philippines,Tacloban City,1
2023-01-24,Philippines,Davao City,1
2023-05-16,Philippines,Sorsogon City,1
2023-01-11,Philippines,Makati City,7
2023-05-18,Philippines,Mandaue City,19
2023-06-22,Philippines,Tarlac City,1
2023-06-21,Philippines,Iba,1
2023-05-03,Philippines,Las Piñas,1
2023-01-26,Philippines,Pasay City,4
2023-05-17,Philippines,Oslob,1
2023-07-14,Philippines,Butuan City,1
2023-07-14,Philippines,Bacolod City,1
2023-04-30,Philippines,Mandaue City,1
2023-06-07,Philippines,Cebu City,13
2023-07-28,Philippines,Calamba City,2
2023-03-23,Philippines,Canlaon City,1
2023-03-23,Philippines,Pasay City,1
2023-02-01,Philippines,Cordoba,2
2023-03-22,Philippines,Manila City,1
2023-03-22,Philippines,Santiago,2
2023-02-05,Philippines,Iloilo City,1
2023-03-26,Philippines,San Juan,2
2023-03-26,Philippines,Moalboal,2
2023-02-19,Philippines,Cordoba,1
2023-03-11,Philippines,Mabalacat,2
2023-03-11,Philippines,San Fernando City,1
2023-07-16,Philippines,Tagaytay City,1
2023-02-04,Philippines,Davao City,3
2023-06-09,Philippines,Tacloban City,2
2023-02-18,Philippines,Butuan City,1
2023-07-24,Philippines,Lapu-Lapu City,14
2023-06-03,Philippines,Manila City,5
2023-02-26,Philippines,Urdaneta City,2
2023-07-23,Philippines,Pasig City,2
2023-06-16,Philippines,Tagbilaran City,1
2023-05-09,Philippines,Roxas City,1
2023-02-25,Philippines,Davao City,3
2023-06-05,Philippines,Quezon City,4
2023-07-12,Philippines,Iloilo City,2
2023-02-28,Philippines,Tacloban City,1
2023-01-07,Philippines,Davao City,2
2023-07-11,Philippines,Cebu City,11
2023-03-20,Philippines,Subic,1
2023-06-18,Philippines,Davao City,9
2023-07-10,Philippines,Daraga,2
2023-02-13,Philippines,Makati City,15
2023-04-25,Philippines,Lapu-Lapu City,9
2023-10-17,Philippines,Lapu-Lapu City,2
2023-03-04,Philippines,Quezon City,6
2023-03-04,Philippines,Pasay City,1
2023-08-15,Philippines,Panglao,1
2023-08-29,Philippines,Mandaue City,1
2023-03-03,Philippines,Puerto Princesa City,1
2023-04-10,Philippines,Cordoba,1
2023-05-30,Philippines,Tagaytay City,5
2023-05-30,Philippines,Butuan City,1
2023-10-19,Philippines,Parañaque,2
2023-04-23,Philippines,Moalboal,1
2023-04-27,Philippines,Mandaue City,2
2023-04-27,Philippines,Davao City,1
2023-03-06,Philippines,Iloilo City,3
2023-10-15,Philippines,Pasig City,2
2023-10-15,Philippines,Mandaue City,1
2023-04-12,Philippines,Malolos City,2
2023-03-19,Philippines,Lapu-Lapu City,8
2023-08-02,Philippines,Lapu-Lapu City,11
2023-04-26,Philippines,Makilala,1
2023-08-16,Philippines,Pasig City,1
2023-07-09,Philippines,Mandaue City,1
2023-04-20,Philippines,Pasig City,1
2023-07-17,Philippines,Tagum City,1
2023-07-17,Philippines,Parañaque,2
2023-03-16,Philippines,Cebu City,1
2023-10-11,Philippines,Mandaue City,1
2023-08-12,Philippines,Pasig City,4
2023-07-05,Philippines,Cordoba,1
2023-07-05,Philippines,Cebu City,16
2023-07-05,Philippines,Zamboanga City,1
2023-11-04,Philippines,Moalboal,1
2023-11-04,Philippines,Pasay City,3
2023-09-02,Philippines,Pasig City,4
2023-04-19,Philippines,Muntinlupa,1
2023-04-19,Philippines,Lipa City,1
2023-04-19,Philippines,Mandaluyong,1
2023-09-16,Philippines,Cebu City,6
2023-08-09,Philippines,Quezon City,1
2023-05-26,Philippines,Bacolod City,5
2023-05-11,Philippines,Mandaue City,17
2023-05-11,Philippines,Ormoc City,2
2023-05-25,Philippines,Mambajao,1
2023-04-04,Philippines,Manila City,10
2023-09-15,Philippines,Cebu City,7
2023-04-18,Philippines,Mabalacat,1
2023-05-10,Philippines,Mandaue City,12
2023-04-07,Philippines,Nasugbu,1
2023-05-28,Philippines,Manila City,11
2023-06-20,Philippines,Tagbilaran City,2
2023-11-03,Philippines,Cebu City,1
2023-09-18,Philippines,Davao City,1
2023-01-23,Philippines,Quezon City,2
2023-01-22,Philippines,Makati City,5
2023-05-28,Philippines,Parañaque,5
2023-05-14,Philippines,Kalibo,1
2023-05-12,Philippines,Legazpi City,3
2023-05-12,Philippines,Taguig,3
2023-04-15,Philippines,Pasay City,15
2023-04-15,Philippines,Lipa City,1
2023-04-06,Philippines,Pasig City,1
2023-10-07,Philippines,Cebu City,10
2023-10-07,Philippines,Pasig City,2
2023-05-12,Philippines,Iloilo City,1
2023-09-26,Philippines,Pasig City,1
2023-04-28,Philippines,Coron,1
2023-11-15,Philippines,Davao City,1
2023-09-28,Philippines,Cordoba,2
2023-08-07,Philippines,Parañaque,1
2023-05-24,Philippines,Tuguegarao City,2
2023-04-16,Philippines,Davao City,2
2023-05-23,Philippines,Moalboal,2
2023-05-23,Philippines,Vigan City,1
2023-05-23,Philippines,Taguig,3
2023-04-03,Philippines,Mandaue City,3
2023-04-03,Philippines,Angeles City,1
2023-09-27,Philippines,Angeles City,2
2023-06-01,Philippines,Coron,2
2023-06-11,Philippines,Silay City,1
2023-06-11,Philippines,Parañaque,3
2023-02-10,Philippines,Quezon City,5
2023-07-22,Philippines,Davao City,2
2023-05-08,Philippines,Tagaytay City,1
2023-01-14,Philippines,San Juan,2
2023-06-12,Philippines,San Juan,1
2023-06-14,Philippines,Mandaue City,4
2023-06-15,Philippines,Moalboal,2
2023-07-20,Philippines,Parañaque,1
2023-03-30,Philippines,Mandaue City,1
2023-03-30,Philippines,Davao City,2
2023-02-23,Philippines,San Vicente,1
2023-02-23,Philippines,Legazpi City,1
2023-02-23,Philippines,Tuguegarao City,2
2023-06-23,Philippines,Mandaue City,1
2023-09-09,Philippines,Cebu City,4
2023-09-09,Philippines,Makati City,13
2023-09-05,Philippines,Makati City,13
2023-01-25,Philippines,Roxas City,1
2023-02-24,Philippines,Mabalacat,5
2023-07-21,Philippines,Makati City,6
2023-07-21,Philippines,Antipolo City,1
2023-05-01,Philippines,Moalboal,2
2023-06-22,Philippines,Manila City,6
2023-06-21,Philippines,Las Piñas,1
2023-06-10,Philippines,Iloilo City,4
2023-01-12,Philippines,Cebu City,3
2023-05-17,Philippines,Batangas City,2
2023-09-08,Philippines,Angeles City,1
2023-02-17,Philippines,Baguio City,2
2023-07-14,Philippines,Pasay City,9
2023-07-14,Philippines,Lapu-Lapu City,15
2023-07-14,Philippines,Biñan,1
2023-06-07,Philippines,Olongapo City,1
2023-02-02,Philippines,Subic,1
2023-03-23,Philippines,Davao City,7
2023-02-16,Philippines,Quezon City,6
2023-10-24,Philippines,Tarlac City,3
2023-01-09,Philippines,Makati City,3
2023-03-22,Philippines,Cordoba,1
2023-06-06,Philippines,Oslob,1
2023-06-06,Philippines,Mambajao,2
2023-03-26,Philippines,Ormoc City,1
2023-03-25,Philippines,Davao City,4
2023-08-22,Philippines,Muntinlupa,2
2023-02-18,Philippines,Cebu City,8
2023-06-08,Philippines,Pasay City,8
2023-06-08,Philippines,Panglao,3
2023-02-03,Philippines,San Juan,3
2023-07-24,Philippines,Vigan City,1
2023-07-24,Philippines,Roxas City,1
2023-02-12,Philippines,Cebu City,1
2023-06-17,Philippines,Mandaluyong,1
2023-02-26,Philippines,Roxas City,1
2023-02-26,Philippines,Tuguegarao City,1
2023-07-23,Philippines,Cordoba,1
2023-06-16,Philippines,Sigma,1
2023-06-16,Philippines,Lipa City,1
2023-02-25,Philippines,Cordoba,3
2023-05-09,Philippines,Gerona,1
2023-07-12,Philippines,Manila City,7
2023-06-05,Philippines,Taguig,1
2023-06-19,Philippines,Manila City,7
2023-06-19,Philippines,Iloilo City,3
2023-02-14,Philippines,Naga City,1
2023-02-28,Philippines,Iloilo City,3
2023-06-04,Philippines,Pasay City,9
2023-06-18,Philippines,Panglao,1
2023-08-31,Philippines,Parañaque,2
2023-08-31,Philippines,Pasay City,3
2023-08-01,Philippines,Cebu City,6
2023-08-01,Philippines,Lapu-Lapu City,17
2023-09-22,Philippines,Makati City,8
2023-03-04,Philippines,Lapu-Lapu City,7
2023-03-04,Philippines,Malolos City,2
2023-03-03,Philippines,Makati City,12
2023-03-03,Philippines,Tacloban City,2
2023-05-31,Philippines,Kalookan City,1
2023-05-31,Philippines,San Juan,2
2023-04-10,Philippines,Pasig City,1
2023-04-24,Philippines,Tagbilaran City,1
2023-03-17,Philippines,Davao City,3
2023-11-11,Philippines,Panglao,1
2023-03-05,Philippines,Cebu City,3
2023-04-12,Philippines,Tarlac City,3
2023-04-11,Philippines,Olongapo City,1
2023-02-07,Philippines,Bolinao,1
2023-07-04,Philippines,Mandaue City,1
2023-03-27,Philippines,Cordoba,2
2023-03-27,Philippines,Pasay City,3
2023-10-28,Philippines,Mandaue City,1
2023-10-14,Philippines,San Juan,3
2023-08-24,Philippines,Manila City,3
2023-07-17,Philippines,Makilala,3
2023-07-17,Philippines,Tuguegarao City,1
2023-10-25,Philippines,Las Piñas,1
2023-09-20,Philippines,Oslob,3
2023-08-26,Philippines,Cagayan de Oro City,1
2023-04-21,Philippines,Malolos City,1
2023-04-21,Philippines,Culasi,1
2023-10-12,Philippines,Pasay City,4
2023-04-05,Philippines,Malay,3
2023-04-19,Philippines,Iloilo City,2
2023-09-16,Philippines,Davao City,2
2023-08-09,Philippines,Parañaque,1
2023-05-26,Philippines,El Nido,1
2023-05-11,Philippines,Davao City,4
2023-05-11,Philippines,Taguig,3
2023-09-01,Philippines,Davao City,2
2023-09-01,Philippines,Muntinlupa,1
2023-04-18,Philippines,Valencia City,1
2023-05-10,Philippines,Pasay City,22
2023-11-02,Philippines,Lapu-Lapu City,1
2023-05-28,Philippines,Kalibo,1
2023-09-04,Philippines,Lapu-Lapu City,12
2023-11-18,Philippines,Mandaue City,2
2023-05-28,Philippines,Tagaytay City,1
2023-05-13,Philippines,Angeles City,3
2023-05-14,Philippines,Makati City,12
2023-05-27,Philippines,Kalibo,2
2023-05-27,Philippines,Talisay City,1
2023-05-12,Philippines,Tagaytay City,1
2023-05-12,Philippines,Malay,2
2023-04-06,Philippines,Calamba City,2
2023-04-06,Philippines,Bacolod City,7
2023-04-29,Philippines,San Juan,1
2023-03-08,Philippines,El Nido,2
2023-03-08,Philippines,Mandaue City,1
2023-03-08,Philippines,Asturias,1
2023-08-05,Philippines,Mabalacat,1
2023-01-31,Philippines,Makati City,5
2023-03-07,Philippines,San Juan,2
2023-03-07,Philippines,Puerto Princesa City,2
2023-03-07,Philippines,El Nido,4
2023-08-04,Philippines,Angeles City,1
2023-08-18,Philippines,Makati City,12
2023-04-17,Philippines,Batangas City,1
2023-09-14,Philippines,Lapu-Lapu City,3
2023-05-24,Philippines,Mambajao,1
2023-11-01,Philippines,Pasay City,2
2023-03-09,Philippines,Cebu City,5
2023-05-06,Philippines,Asturias,1
2023-05-22,Philippines,Kalibo,1
2023-05-22,Philippines,Gerona,1
2023-04-02,Philippines,Quezon City,2
2023-06-26,Philippines,Lapu-Lapu City,16
2023-06-01,Philippines,Cebu City,3
2023-06-01,Philippines,Puerto Princesa City,2
2023-06-11,Philippines,Makati City,14
2023-02-10,Philippines,Puerto Princesa City,4
2023-05-05,Philippines,Parañaque,1
2023-03-31,Philippines,Gerona,1
2023-06-29,Philippines,Gerona,1
2023-05-08,Philippines,Antipolo City,1
2023-06-14,Philippines,Pasay City,7
2023-04-09,Philippines,Silang,1
2023-06-26,Philippines,Manila City,2
2023-03-30,Philippines,Makati City,13
2023-04-08,Philippines,Manila City,4
2023-11-09,Philippines,Davao City,3
2023-01-16,Philippines,Makati City,5
2023-05-29,Philippines,Taguig,1
2023-09-06,Philippines,Calamba City,1
2023-06-22,Philippines,Makati City,9
2023-06-21,Philippines,Kalibo,1
2023-06-21,Philippines,Masbate City,1
2023-11-06,Philippines,Manila City,1
2023-06-24,Philippines,Pasig City,2
2023-06-25,Philippines,Tarlac City,1
2023-09-08,Philippines,Parañaque,4
2023-09-08,Philippines,Davao City,2
2023-07-31,Philippines,Cebu City,7
2023-09-07,Philippines,Davao City,1
2023-02-17,Philippines,Calamba City,1
2023-04-30,Philippines,Antipolo City,1
2023-07-28,Philippines,Davao City,3
2023-02-02,Philippines,Baguio City,3
2023-08-20,Philippines,Cebu City,8
2023-02-16,Philippines,Butuan City,1
2023-07-13,Philippines,Makati City,15
2023-07-13,Philippines,Tagum City,1
2023-02-01,Philippines,General Santos City,1
2023-02-01,Philippines,Lapu-Lapu City,2
2023-07-27,Philippines,Makati City,6
2023-02-15,Philippines,Iloilo City,1
2023-10-10,Philippines,Coron,1
2023-02-05,Philippines,Parañaque,1
2023-02-04,Philippines,Vigan City,1
2023-06-09,Philippines,Puerto Princesa City,3
2023-02-18,Philippines,Makati City,20
2023-07-01,Philippines,Malay,1
2023-02-03,Philippines,Lapu-Lapu City,7
2023-02-27,Philippines,Taguig,1
2023-06-03,Philippines,Mandaue City,3
2023-06-03,Philippines,Ormoc City,1
2023-06-03,Philippines,Tagbilaran City,1
2023-02-26,Philippines,Mandaue City,1
2023-06-02,Philippines,Iloilo City,2
2023-06-02,Philippines,Naga City,1
2023-06-16,Philippines,Baguio City,2
2023-02-25,Philippines,Roxas City,1
2023-07-12,Philippines,El Nido,1
2023-07-12,Philippines,Tacloban City,1
2023-06-19,Philippines,Angeles City,1
2023-10-31,Philippines,Vigan City,1
2023-06-18,Philippines,Taguig,1
2023-08-31,Philippines,Lapu-Lapu City,8
2023-08-01,Philippines,Pasay City,6
2023-10-03,Philippines,Pasay City,1
2023-03-04,Philippines,Calbayog City,1
2023-10-03,Philippines,Parañaque,1
2023-08-15,Philippines,Manila City,2
2023-05-31,Philippines,Butuan City,1
2023-04-10,Philippines,San Juan,2
2023-04-10,Philippines,Quezon City,7
2023-04-10,Philippines,Tacloban City,3
2023-04-24,Philippines,Lapu-Lapu City,13
2023-03-17,Philippines,Puerto Princesa City,2
2023-03-17,Philippines,Santiago,1
2023-05-30,Philippines,Taguig,1
2023-08-28,Philippines,Manila City,1
2023-10-29,Philippines,El Nido,1
2023-04-27,Philippines,Quezon City,2
2023-03-06,Philippines,Cebu City,7
2023-08-17,Philippines,Vigan City,1
2023-10-01,Philippines,Angeles City,1
2023-10-02,Philippines,Parañaque,1
2023-04-26,Philippines,Cebu City,1
2023-08-11,Philippines,Muntinlupa,2
2023-07-04,Philippines,Lapu-Lapu City,29
2023-03-13,Philippines,Makati City,5
2023-07-03,Philippines,Mandaue City,3
2023-07-17,Philippines,Quezon City,1
2023-03-16,Philippines,Malay,1
2023-09-20,Philippines,Mandaue City,1
2023-07-05,Philippines,Asturias,1
2023-09-02,Philippines,Pasay City,2
2023-04-19,Philippines,Bacolod City,3
2023-01-20,Philippines,Oslob,2
2023-09-29,Philippines,Panglao,1
2023-04-07,Philippines,Panglao,1
2023-08-08,Philippines,Manila City,2
2023-11-16,Philippines,Quezon City,1
2023-05-28,Philippines,Malay,1
2023-09-18,Philippines,Pasay City,4
2023-01-23,Philippines,Bacolod City,1
2023-06-20,Philippines,Bacolod City,5
2023-05-28,Philippines,El Nido,1
2023-05-13,Philippines,Antipolo City,1
2023-01-22,Philippines,Davao City,3
2023-05-27,Philippines,San Jose,1
2023-04-15,Philippines,Manila City,16
2023-04-15,Philippines,Tarlac City,1
2023-04-06,Philippines,Pasay City,2
2023-05-12,Philippines,Kalibo,2
2023-05-12,Philippines,Tuguegarao City,1
2023-05-12,Philippines,Silang,2
2023-04-28,Philippines,Manila City,7
2023-04-28,Philippines,Malay,3
2023-03-08,Philippines,Cagayan de Oro City,1
2023-03-07,Philippines,Manila City,2
2023-08-18,Philippines,Davao City,3
2023-08-18,Philippines,Sorsogon City,2
2023-06-30,Philippines,Makati City,13
2023-04-17,Philippines,Moalboal,2
2023-05-24,Philippines,Batangas City,1
2023-04-16,Philippines,Quezon City,11
2023-04-16,Philippines,El Nido,1
2023-05-23,Philippines,Cebu City,6
2023-01-30,Philippines,Manila City,2
2023-01-30,Philippines,Las Piñas,1
2023-04-03,Philippines,Manila City,9
2023-06-13,Philippines,Davao City,7
2023-06-13,Philippines,Bacolod City,4
2023-02-22,Philippines,Mabalacat,4
2023-08-06,Philippines,Cebu City,4
2023-05-06,Philippines,Cebu City,6
2023-05-06,Philippines,Davao City,2
2023-06-27,Philippines,Biñan,2
2023-06-11,Philippines,Manila City,5
2023-02-10,Philippines,Pasig City,4
2023-06-29,Philippines,Bacolod City,1
2023-06-12,Philippines,Iloilo City,4
2023-06-14,Philippines,Parañaque,4
2023-06-15,Philippines,San Juan,2
2023-04-09,Philippines,Legazpi City,1
2023-04-09,Philippines,Bacolod City,2
2023-05-07,Philippines,Cebu City,5
2023-03-30,Philippines,Manila City,1
2023-11-09,Philippines,Manila City,1
2023-01-24,Philippines,Las Piñas,2
2023-05-15,Philippines,Mandaue City,19
2023-05-15,Philippines,Manila City,5
2023-05-16,Philippines,Bolinao,7
2023-05-16,Philippines,Baler,1
2023-05-29,Philippines,Angeles City,2
2023-02-24,Philippines,Las Piñas,1
2023-02-24,Philippines,Davao City,9
2023-07-21,Philippines,Bacolor,1
2023-05-01,Philippines,Baguio City,2
2023-02-20,Philippines,Manila City,2
2023-02-20,Philippines,Parañaque,3
2023-02-20,Philippines,Koronadal City,1
2023-05-04,Philippines,Lapu-Lapu City,9
2023-06-21,Philippines,Roxas City,1
2023-06-24,Philippines,Kalibo,1
2023-01-26,Philippines,Pasig City,1
2023-06-25,Philippines,Quezon City,4
2023-09-07,Philippines,Quezon City,2
2023-02-17,Philippines,Davao City,20
2023-02-17,Philippines,Iloilo City,2
2023-07-14,Philippines,Makati City,16
2023-07-14,Philippines,Manila City,9
2023-07-28,Philippines,Makati City,5
2023-02-19,Philippines,Pasig City,2
2023-02-04,Philippines,Manila City,1
2023-06-09,Philippines,Makati City,18
2023-06-09,Philippines,Hinoba-An,1
2023-02-18,Philippines,Lapu-Lapu City,7
2023-02-18,Philippines,Taguig,1
2023-07-01,Philippines,Cordoba,1
2023-10-22,Philippines,Davao City,1
2023-03-10,Philippines,Tacloban City,1
2023-06-08,Philippines,Naga City,1
2023-02-03,Philippines,Quezon City,3
2023-02-27,Philippines,Tuguegarao City,1
2023-07-24,Philippines,Bacolod City,4
2023-06-03,Philippines,Tarlac City,1
2023-06-03,Philippines,Mandaluyong,1
2023-06-17,Philippines,Pasig City,1
2023-06-17,Philippines,Tagaytay City,2
2023-06-02,Philippines,San Juan,2
2023-06-02,Philippines,Quezon City,5
2023-06-16,Philippines,Parañaque,2
2023-05-09,Philippines,Makati City,15
2023-05-09,Philippines,Davao City,3
2023-05-09,Philippines,Urdaneta City,1
2023-06-05,Philippines,Tacloban City,1
2023-06-05,Philippines,Malolos City,1
2023-01-04,Philippines,Puerto Princesa City,1
2023-07-12,Philippines,Antipolo City,1
2023-06-19,Philippines,Mandaluyong,4
2023-06-19,Philippines,Tacloban City,3
2023-02-14,Philippines,Malay,1
2023-01-07,Philippines,San Juan,1
2023-06-18,Philippines,Mabalacat,1
2023-04-25,Philippines,Mandaue City,2
2023-08-15,Philippines,Siquijor,1
2023-11-10,Philippines,Quezon City,1
2023-03-02,Philippines,Cagayan de Oro City,2
2023-04-23,Philippines,Plaridel,2
2023-07-09,Philippines,Koronadal City,2
2023-10-27,Philippines,Bacolod City,1
2023-02-07,Philippines,Quezon City,2
2023-02-07,Philippines,Roxas City,1
2023-07-04,Philippines,Makati City,7
2023-08-25,Philippines,Lapu-Lapu City,12
2023-08-25,Philippines,Cordoba,1
2023-04-20,Philippines,Makati City,15
2023-11-20,Philippines,Mandaue City,1
2023-03-27,Philippines,Oslob,1
2023-08-10,Philippines,Quezon City,1
2023-08-24,Philippines,Panglao,1
2023-03-12,Philippines,Davao City,3
2023-10-11,Philippines,Baguio City,1
2023-08-27,Philippines,Panglao,1
2023-08-27,Philippines,Pasig City,2
2023-10-26,Philippines,El Nido,1
2023-03-29,Philippines,Makati City,11
2023-03-01,Philippines,Mabalacat,1
2023-07-05,Philippines,Baguio City,2
2023-04-05,Philippines,Pasay City,4
2023-01-21,Philippines,Pasay City,1
2023-09-16,Philippines,San Juan,2
2023-05-11,Philippines,Calamba City,2
2023-04-18,Philippines,Pasay City,2
2023-11-16,Philippines,Moalboal,1
2023-11-16,Philippines,Parañaque,2
2023-09-29,Philippines,Antipolo City,1
2023-05-10,Philippines,Talisay City,1
2023-11-16,Philippines,Roxas City,1
2023-09-18,Philippines,San Juan,2
2023-05-13,Philippines,Pasay City,19
2023-09-19,Philippines,Cebu City,2
2023-05-27,Philippines,Tacloban City,2
2023-09-03,Philippines,Mandaue City,1
2023-11-14,Philippines,Makati City,5
2023-05-21,Philippines,Bacolod City,1
2023-08-19,Philippines,Lapu-Lapu City,10
2023-04-14,Philippines,Mandaue City,1
2023-01-31,Philippines,Quezon City,2
2023-05-20,Philippines,Makati City,6
2023-04-28,Philippines,Angeles City,1
2023-04-28,Philippines,Gerona,1
2023-11-15,Philippines,Vigan City,2
2023-03-07,Philippines,Pasay City,6
2023-04-13,Philippines,Legazpi City,1
2023-09-25,Philippines,Makati City,4
2023-10-09,Philippines,Santa Rosa City,1
2023-04-17,Philippines,Makati City,18
2023-05-24,Philippines,Quezon City,6
2023-04-01,Philippines,Makati City,12
2023-03-09,Philippines,Bacolod City,5
2023-05-06,Philippines,Iloilo City,2
2023-06-01,Philippines,Baguio City,1
2023-06-11,Philippines,Tagbilaran City,1
2023-03-31,Philippines,Iloilo City,1
2023-03-31,Philippines,San Fernando City,2
2023-06-12,Philippines,Pasay City,9
2023-06-12,Philippines,Lapu-Lapu City,17
2023-06-12,Philippines,Puerto Princesa City,1
2023-06-12,Philippines,Taguig,1
2023-06-15,Philippines,Antipolo City,2
2023-06-15,Philippines,Masbate City,1
2023-04-09,Philippines,San Francisco,1
2023-06-26,Philippines,Calamba City,2
2023-05-07,Philippines,Mandaue City,1
2023-03-30,Philippines,Lapu-Lapu City,9
2023-06-23,Philippines,Calamba City,5
2023-01-10,Philippines,Pasay City,1
2023-05-29,Philippines,Pasay City,15
2023-05-29,Philippines,San Juan,2
2023-09-06,Philippines,Manila City,3
2023-09-06,Philippines,Muntinlupa,1
2023-09-06,Philippines,Antipolo City,1
2023-02-24,Philippines,Asingan,1
2023-11-07,Philippines,Quezon City,1
2023-05-04,Philippines,Kalookan City,1
2023-06-21,Philippines,Iloilo City,1
2023-06-10,Philippines,Cebu City,9
2023-01-27,Philippines,Pasay City,8
2023-01-26,Philippines,Puerto Princesa City,2
2023-06-25,Philippines,Plaridel,2
2023-06-25,Philippines,Las Piñas,1
2023-08-21,Philippines,Bacolod City,1
2023-06-07,Philippines,Taguig,1
2023-02-02,Philippines,Quezon City,4
2023-07-13,Philippines,Pasay City,13
2023-02-01,Philippines,Roxas City,1
2023-07-27,Philippines,Cebu City,8
2023-02-15,Philippines,Mabalacat,3
2023-02-05,Philippines,Baguio City,1
2023-08-23,Philippines,Lapu-Lapu City,24
2023-03-11,Philippines,Subic,1
2023-03-11,Philippines,Cebu City,3
2023-03-11,Philippines,Ormoc City,2
2023-02-04,Philippines,Pasay City,3
2023-02-04,Philippines,Quezon City,6
2023-10-21,Philippines,Cordoba,1
2023-06-09,Philippines,Makilala,1
2023-06-09,Philippines,Cagayan de Oro City,3
2023-08-22,Philippines,Cebu City,12
2023-07-01,Philippines,Mandaue City,4
2023-07-01,Philippines,Quezon City,2
2023-02-27,Philippines,Baguio City,2
2023-07-24,Philippines,Parañaque,1
2023-06-17,Philippines,Bacolod City,4
2023-02-26,Philippines,San Juan,1
2023-07-23,Philippines,Vigan City,1
2023-01-19,Philippines,Cebu City,4
2023-06-16,Philippines,Davao City,8
2023-02-25,Philippines,Quezon City,4
2023-05-09,Philippines,Antipolo City,1
2023-05-09,Philippines,Tarlac City,2
2023-02-11,Philippines,Gerona,1
2023-07-12,Philippines,Butuan City,1
2023-07-12,Philippines,Nasugbu,1
2023-01-08,Philippines,Subic,1
2023-03-21,Philippines,Davao City,3
2023-06-04,Philippines,Cagayan de Oro City,2
2023-01-07,Philippines,Manila City,1
2023-07-11,Philippines,Moalboal,1
2023-07-11,Philippines,Parañaque,5
2023-06-18,Philippines,Malay,1
2023-06-18,Philippines,Las Piñas,2
2023-07-10,Philippines,Makati City,8
2023-04-25,Philippines,Manila City,1
2023-08-01,Philippines,Bacolod City,1
2023-09-22,Philippines,Quezon City,1
2023-03-03,Philippines,Nasugbu,1
2023-04-10,Philippines,Santiago,1
2023-04-24,Philippines,Cordoba,2
2023-04-24,Philippines,Roxas City,1
2023-11-10,Philippines,Pasay City,2
2023-09-21,Philippines,Manila City,4
2023-09-21,Philippines,Santa Fe,1
2023-10-18,Philippines,Parañaque,2
2023-08-14,Philippines,Quezon City,1
2023-08-28,Philippines,Pasay City,2
2023-03-02,Philippines,Makati City,15
2023-10-19,Philippines,Angeles City,2
2023-08-03,Philippines,Parañaque,2
2023-08-03,Philippines,Tagaytay City,1
2023-10-16,Philippines,Quezon City,2
2023-04-12,Philippines,Calamba City,3
2023-04-12,Philippines,Bacolod City,4
2023-04-11,Philippines,Bangui,1
2023-04-11,Philippines,Pasig City,2
2023-08-11,Philippines,Cordoba,1
2023-04-20,Philippines,Olongapo City,2
2023-07-18,Philippines,Lapu-Lapu City,22
2023-03-27,Philippines,Quezon City,4
2023-07-17,Philippines,Calamba City,1
2023-03-12,Philippines,Legazpi City,1
2023-03-12,Philippines,Puerto Princesa City,6
2023-10-25,Philippines,Makati City,7
2023-09-20,Philippines,Muntinlupa,1
2023-07-06,Philippines,Manila City,6
2023-03-01,Philippines,Puerto Princesa City,5
2023-03-01,Philippines,Roxas City,1
2023-03-01,Philippines,Culasi,1
2023-04-21,Philippines,Batangas City,1
2023-04-05,Philippines,El Nido,2
2023-04-19,Philippines,Cordoba,1
2023-05-26,Philippines,Pasay City,8
2023-05-26,Philippines,Mambajao,1
2023-05-11,Philippines,Tagum City,1
2023-04-18,Philippines,Santiago,1
2023-05-10,Philippines,Kalibo,1
2023-04-07,Philippines,Cagayan de Oro City,1
2023-08-08,Philippines,Quezon City,1
2023-06-20,Philippines,Oslob,1
2023-05-27,Philippines,Malay,2
2023-04-15,Philippines,San Juan,1
2023-04-15,Philippines,Puerto Princesa City,1
2023-10-08,Philippines,Pasay City,1
2023-04-14,Philippines,Bacolod City,9
2023-04-14,Philippines,Baguio City,1
2023-05-20,Philippines,Cordoba,1
2023-04-28,Philippines,Mabalacat,1
2023-09-12,Philippines,Cebu City,8
2023-03-07,Philippines,Calamba City,6
2023-08-04,Philippines,Parañaque,1
2023-08-18,Philippines,Pasig City,2
2023-09-28,Philippines,Makati City,8
2023-05-24,Philippines,Tagaytay City,4
2023-09-27,Philippines,Lapu-Lapu City,5
2023-06-13,Philippines,Parañaque,4
2023-04-01,Philippines,Puerto Princesa City,2
2023-04-02,Philippines,Tuguegarao City,1
2023-06-27,Philippines,Makati City,6
2023-02-10,Philippines,Manila City,2
2023-06-29,Philippines,Cebu City,6
2023-06-29,Philippines,Cagayan de Oro City,1
2023-01-17,Philippines,Subic,1
2023-06-12,Philippines,Gerona,1
2023-06-15,Philippines,Mabalacat,1
2023-04-09,Philippines,Daraga,1
2023-04-09,Philippines,Roxas City,2
2023-06-26,Philippines,El Nido,2
2023-06-28,Philippines,Davao City,6
2023-07-20,Philippines,Davao City,7
2023-07-20,Philippines,Makilala,1
2023-03-30,Philippines,Tarlac City,1
2023-02-23,Philippines,Quezon City,3
2023-02-23,Philippines,Iloilo City,1
2023-06-23,Philippines,Davao City,3
2023-11-09,Philippines,Panglao,3
2023-05-15,Philippines,Plaridel,1
2023-09-09,Philippines,Lapu-Lapu City,3
2023-01-25,Philippines,General Santos City,1
2023-09-06,Philippines,Santa Fe,1
2023-02-24,Philippines,Canlaon City,1
2023-02-24,Philippines,Asturias,2
2023-07-21,Philippines,San Juan,2
2023-05-18,Philippines,Dalaguete,1
2023-05-18,Philippines,Silang,1
2023-06-22,Philippines,Bacolod City,2
2023-06-22,Philippines,Dasmariñas,1
2023-02-20,Philippines,Tagaytay City,2
2023-01-27,Philippines,Makati City,5
2023-06-10,Philippines,Manila City,6
2023-11-08,Philippines,Makati City,16
2023-08-21,Philippines,General Trias,1
2023-07-14,Philippines,Panglao,2
2023-04-30,Philippines,Mataas Na Kahoy,1
2023-10-24,Philippines,Mandaue City,2
2023-03-22,Philippines,Quezon City,1
2023-03-22,Philippines,Davao City,5
2023-06-06,Philippines,Talisay City,1
2023-02-15,Philippines,Lapu-Lapu City,4
2023-10-10,Philippines,San Juan,1
2023-08-23,Philippines,Muntinlupa,1
2023-02-19,Philippines,Cebu City,5
2023-08-22,Philippines,Roxas City,1
2023-07-15,Philippines,Makati City,6
2023-10-22,Philippines,Muntinlupa,1
2023-10-22,Philippines,Makati City,3
2023-06-08,Philippines,Manila City,2
2023-02-27,Philippines,Las Piñas,1
2023-02-27,Philippines,Mandaue City,1
2023-07-24,Philippines,Pasay City,7
2023-06-03,Philippines,Taguig,1
2023-06-17,Philippines,Parañaque,6
2023-02-26,Philippines,Mabalacat,2
2023-01-19,Philippines,Pasay City,3
2023-01-19,Philippines,Davao City,1
2023-06-02,Philippines,Malay,1
2023-02-25,Philippines,Manila City,2
2023-02-28,Philippines,Davao City,6
2023-02-28,Philippines,Manila City,5
2023-06-04,Philippines,Butuan City,1
2023-06-04,Philippines,Baler,1
2023-06-18,Philippines,Manila City,2
2023-07-10,Philippines,Plaridel,1
2023-07-25,Philippines,Manila City,4
2023-04-25,Philippines,Parañaque,2
2023-04-25,Philippines,Tuguegarao City,1
2023-09-22,Philippines,Cebu City,2
2023-03-03,Philippines,Oslob,1
2023-05-31,Philippines,Manila City,5
2023-07-08,Philippines,Bacolod City,3
2023-07-08,Philippines,Tarlac City,1
2023-04-10,Philippines,Mambajao,1
2023-04-10,Philippines,General Santos City,1
2023-05-30,Philippines,Manila City,9
2023-05-30,Philippines,Oslob,1
2023-05-30,Philippines,Iba,1
2023-05-30,Philippines,Tuguegarao City,1
2023-03-02,Philippines,San Juan,2
2023-10-29,Philippines,Panglao,1
2023-04-27,Philippines,Urdaneta City,1
2023-03-06,Philippines,Passi City,1
2023-10-15,Philippines,Makati City,1
2023-08-03,Philippines,Tagbilaran City,1
2023-08-17,Philippines,Davao City,1
2023-10-01,Philippines,Parañaque,1
2023-10-01,Philippines,Manila City,2
2023-11-22,Philippines,San Juan,2
2023-07-09,Philippines,Tagbilaran City,1
2023-10-27,Philippines,Angeles City,1
2023-08-25,Philippines,Pasig City,3
2023-08-25,Philippines,Parañaque,1
2023-03-28,Philippines,Cagayan de Oro City,1
2023-07-03,Philippines,Manila City,3
2023-03-12,Philippines,Manila City,6
2023-09-30,Philippines,Pasay City,5
2023-10-11,Philippines,Cebu City,1
2023-08-27,Philippines,Cordoba,1
2023-08-27,Philippines,Davao City,1
2023-10-26,Philippines,Santa Fe,1
2023-10-26,Philippines,Pasig City,3
2023-08-12,Philippines,Lapu-Lapu City,16
2023-04-22,Philippines,Lapu-Lapu City,8
2023-03-01,Philippines,Plaridel,1
2023-04-21,Philippines,Manila City,10
2023-04-21,Philippines,Vigan City,1
2023-07-05,Philippines,Davao City,5
2023-03-14,Philippines,San Juan,4
2023-03-14,Philippines,Iloilo City,1
2023-03-14,Philippines,Pagudpud,1
2023-04-05,Philippines,Mandaue City,1
2023-01-21,Philippines,Lapu-Lapu City,2
2023-04-19,Philippines,Parañaque,2
2023-09-16,Philippines,Angeles City,1
2023-01-20,Philippines,Parañaque,2
2023-09-15,Philippines,Pasay City,5
2023-04-07,Philippines,Parañaque,1
2023-01-23,Philippines,Muntinlupa,2
2023-06-20,Philippines,Legazpi City,3
2023-05-28,Philippines,Tarlac City,1
2023-05-13,Philippines,Kalibo,2
2023-05-14,Philippines,Koronadal City,1
2023-09-19,Philippines,Malay,1
2023-09-19,Philippines,Pasay City,2
2023-05-27,Philippines,Davao City,3
2023-05-12,Philippines,Cebu City,5
2023-11-14,Philippines,Parañaque,1
2023-03-08,Philippines,Mambajao,1
2023-05-21,Philippines,Pasay City,4
2023-04-28,Philippines,Cordoba,1
2023-11-15,Philippines,El Nido,1
2023-11-15,Philippines,Makati City,14
2023-03-07,Philippines,Cagayan de Oro City,1
2023-09-25,Philippines,Pasay City,2
2023-09-14,Philippines,Vigan City,3
2023-09-28,Philippines,Cebu City,2
2023-08-07,Philippines,Cebu City,5
2023-04-17,Philippines,Iloilo City,5
2023-05-24,Philippines,Tagbilaran City,1
2023-04-03,Philippines,Coron,1
2023-04-03,Philippines,General Santos City,1
2023-04-03,Philippines,Tagaytay City,1
2023-04-03,Philippines,Silang,1
2023-06-30,Philippines,Cebu City,6
2023-02-22,Philippines,Lapu-Lapu City,11
2023-05-06,Philippines,Silang,1
2023-06-27,Philippines,Pasay City,4
2023-06-27,Philippines,San Juan,1
2023-06-26,Philippines,Pasay City,7
2023-01-18,Philippines,Davao City,1
2023-02-21,Philippines,Cebu City,9
2023-02-21,Philippines,Tacloban City,3
2023-06-01,Philippines,Lapu-Lapu City,18
2023-05-05,Philippines,Pasig City,1
2023-02-10,Philippines,Malay,1
2023-06-29,Philippines,Makati City,9
2023-06-29,Philippines,Malay,2
2023-06-15,Philippines,Makati City,16
2023-04-09,Philippines,San Jose City,1
2023-06-26,Philippines,Davao City,3
2023-01-03,Philippines,Puerto Princesa City,1
2023-04-08,Philippines,Quezon City,7
2023-01-28,Philippines,San Juan,4
2023-06-22,Philippines,Bacolor,2
2023-05-04,Philippines,Parañaque,1
2023-06-21,Philippines,Balamban,1
2023-06-10,Philippines,Cagayan de Oro City,2
2023-01-26,Philippines,Subic,1
2023-09-08,Philippines,Bacolod City,2
2023-07-31,Philippines,Davao City,3
2023-03-23,Philippines,Calamba City,1
2023-03-23,Philippines,Mandaue City,1
2023-03-23,Philippines,Puerto Princesa City,3
2023-06-06,Philippines,Mandaue City,5
2023-06-06,Philippines,Kalibo,2
2023-06-06,Philippines,Butuan City,2
2023-02-15,Philippines,Pasay City,6
2023-02-15,Philippines,Puerto Princesa City,2
2023-02-05,Philippines,Subic,1
2023-02-05,Philippines,Plaridel,2
2023-03-26,Philippines,Makilala,1
2023-03-11,Philippines,Canlaon City,1
2023-07-16,Philippines,Cebu City,12
2023-02-04,Philippines,Parañaque,1
2023-06-09,Philippines,Iloilo City,1
2023-02-18,Philippines,San Juan,3
2023-03-10,Philippines,Bacolod City,4
2023-06-08,Philippines,Baguio City,2
2023-06-17,Philippines,Pasay City,10
2023-07-23,Philippines,Kalibo,1
2023-07-23,Philippines,Tagum City,1
2023-07-23,Philippines,Bacolod City,8
2023-06-02,Philippines,Davao City,3
2023-06-16,Philippines,Ormoc City,1
2023-06-16,Philippines,Iba,1
2023-05-09,Philippines,Iba,1
2023-02-14,Philippines,Mandaue City,1
2023-02-14,Philippines,Daanbantayan,1
2023-02-28,Philippines,San Juan,3
2023-02-28,Philippines,Mabalacat,4
2023-06-04,Philippines,Malolos City,1
2023-07-11,Philippines,Malay,1
2023-07-11,Philippines,Gerona,1
2023-07-11,Philippines,Koronadal City,1
2023-06-18,Philippines,Lapu-Lapu City,25
2023-06-18,Philippines,Quezon City,8
2023-02-13,Philippines,Butuan City,1
2023-10-17,Philippines,Davao City,1
2023-09-22,Philippines,Malay,1
2023-07-08,Philippines,Manila City,5
2023-04-10,Philippines,Oslob,1
2023-10-04,Philippines,Malay,1
2023-10-04,Philippines,Makati City,3
2023-10-18,Philippines,Lapu-Lapu City,3
2023-08-28,Philippines,Mandaue City,1
2023-04-27,Philippines,Makati City,17
2023-04-12,Philippines,Mandaue City,2
2023-04-12,Philippines,Antipolo City,2
2023-10-02,Philippines,Davao City,2
2023-04-11,Philippines,Cebu City,2
2023-10-13,Philippines,Cebu City,9
2023-02-07,Philippines,Tagum City,1
2023-08-11,Philippines,San Juan,2
2023-07-04,Philippines,Parañaque,1
2023-07-04,Philippines,Butuan City,1
2023-04-20,Philippines,Calamba City,2
2023-03-28,Philippines,Cebu City,2
2023-03-28,Philippines,Quezon City,1
2023-04-20,Philippines,Lapu-Lapu City,19
2023-07-18,Philippines,Cebu City,9
2023-11-20,Philippines,Cebu City,1
2023-03-13,Philippines,Quezon City,2
2023-09-20,Philippines,Lapu-Lapu City,4
2023-10-26,Philippines,Angeles City,1
2023-07-06,Philippines,Butuan City,1
2023-07-06,Philippines,Iloilo City,5
2023-04-22,Philippines,Davao City,1
2023-04-22,Philippines,Bacolod City,6
2023-08-26,Philippines,Pasig City,4
2023-04-21,Philippines,General Santos City,3
2023-07-19,Philippines,Pasay City,11
2023-04-05,Philippines,Davao City,6
2023-04-19,Philippines,Manila City,13
2023-04-19,Philippines,San Francisco,1
2023-09-16,Philippines,Makati City,2
2023-08-09,Philippines,Pasay City,9
2023-08-09,Philippines,Nasugbu,2
2023-05-26,Philippines,Calamba City,2
2023-05-26,Philippines,Tagaytay City,4
2023-05-26,Philippines,Olongapo City,1
2023-05-11,Philippines,Bacolod City,8
2023-04-04,Philippines,Nasugbu,1
2023-11-05,Philippines,San Juan,1
2023-04-07,Philippines,Bacolod City,4
2023-11-03,Philippines,Angeles City,6
2023-06-20,Philippines,Silang,2
2023-06-20,Philippines,Carmen,1
2023-06-20,Philippines,Pagudpud,1
2023-01-22,Philippines,Quezon City,2
2023-09-17,Philippines,Antipolo City,1
2023-05-27,Philippines,Mandaue City,2
2023-09-17,Philippines,Davao City,1
2023-04-15,Philippines,San Francisco,1
2023-04-15,Philippines,San Fernando City,1
2023-04-06,Philippines,Makati City,24
2023-10-07,Philippines,Angeles City,1
2023-04-29,Philippines,Manila City,7
2023-03-08,Philippines,Tacloban City,1
2023-05-21,Philippines,Calamba City,1
2023-05-21,Philippines,Kalookan City,1
2023-01-31,Philippines,Lapu-Lapu City,6
2023-04-14,Philippines,Parañaque,18
2023-04-28,Philippines,Tagum City,1
2023-09-12,Philippines,Cagayan de Oro City,1
2023-11-15,Philippines,Panglao,1
2023-03-07,Philippines,Baguio City,1
2023-04-13,Philippines,Malay,2
2023-09-25,Philippines,Malay,1
2023-09-14,Philippines,Pasay City,7
2023-10-06,Philippines,Calamba City,2
2023-05-23,Philippines,Pasay City,10
2023-05-23,Philippines,Quezon City,2
2023-03-09,Philippines,Manila City,5
2023-02-22,Philippines,Iloilo City,1
2023-05-06,Philippines,Malay,1
2023-05-22,Philippines,Cebu City,10
2023-05-22,Philippines,Makati City,14
2023-05-22,Philippines,Dasmariñas,1
2023-05-22,Philippines,Las Piñas,1
2023-06-26,Philippines,Moalboal,1
2023-02-10,Philippines,Naga City,1
2023-02-10,Philippines,Coron,1
2023-05-05,Philippines,Mandaue City,1
2023-07-22,Philippines,Manila City,4
2023-07-22,Philippines,Tagaytay City,2
2023-05-19,Philippines,General Santos City,1
2023-05-08,Philippines,Batangas City,2
2023-06-14,Philippines,Manila City,6
2023-06-14,Philippines,Tarlac City,1
2023-06-14,Philippines,Bacolod City,2
2023-04-09,Philippines,Tagaytay City,1
2023-05-02,Philippines,Lapu-Lapu City,9
2023-07-20,Philippines,Cebu City,10
2023-03-30,Philippines,Moalboal,1
2023-02-23,Philippines,Cagayan de Oro City,1
2023-06-23,Philippines,Tacloban City,1
2023-09-05,Philippines,Canlaon City,1
2023-02-24,Philippines,San Juan,6
2023-07-21,Philippines,Oslob,1
2023-01-13,Philippines,Davao City,6
2023-06-22,Philippines,Santa Fe,1
2023-06-22,Philippines,Cagayan de Oro City,5
2023-02-20,Philippines,Vigan City,1
2023-05-04,Philippines,Quezon City,1
2023-06-21,Philippines,Butuan City,1
2023-11-06,Philippines,Cebu City,5
2023-06-24,Philippines,Parañaque,1
2023-01-12,Philippines,Davao City,5
2023-01-12,Philippines,Quezon City,1
2023-06-25,Philippines,Cebu City,4
2023-06-25,Philippines,Antipolo City,1
2023-05-17,Philippines,Cebu City,12
2023-01-26,Philippines,Lapu-Lapu City,2
2023-01-26,Philippines,San Antonio,1
2023-08-21,Philippines,Makati City,5
2023-04-30,Philippines,Malay,1
2023-06-07,Philippines,Urdaneta City,1
2023-07-28,Philippines,Pasay City,8
2023-02-02,Philippines,Davao City,4
2023-02-16,Philippines,Moalboal,2
2023-02-01,Philippines,Oslob,1
2023-06-06,Philippines,General Santos City,2
2023-02-15,Philippines,Las Piñas,1
2023-02-15,Philippines,Olongapo City,1
2023-07-02,Philippines,Davao City,4
2023-02-19,Philippines,Pasay City,13
2023-03-25,Philippines,Bacolod City,2
2023-06-09,Philippines,Davao City,4
2023-06-09,Philippines,Vigan City,2
2023-08-22,Philippines,Pasay City,5
2023-08-22,Philippines,Makati City,8
2023-08-22,Philippines,Parañaque,1
2023-06-08,Philippines,Parañaque,4
2023-06-08,Philippines,Tuguegarao City,1
2023-07-24,Philippines,Pasig City,4
2023-06-02,Philippines,Plaridel,2
2023-06-16,Philippines,Bacolod City,2
2023-05-09,Philippines,Olongapo City,1
2023-05-09,Philippines,Iloilo City,4
2023-07-12,Philippines,Cebu City,14
2023-07-26,Philippines,Pasay City,14
2023-07-26,Philippines,Parañaque,1
2023-02-28,Philippines,Makati City,15
2023-02-13,Philippines,Pasig City,1
2023-07-08,Philippines,Cebu City,13
2023-11-10,Philippines,Moalboal,1
2023-07-07,Philippines,Makati City,16
2023-07-07,Philippines,Cebu City,17
2023-08-14,Philippines,Makati City,14
2023-04-23,Philippines,Lapu-Lapu City,4
2023-04-23,Philippines,Iloilo City,1
2023-04-27,Philippines,Vigan City,2
2023-10-15,Philippines,Lapu-Lapu City,1
2023-08-03,Philippines,Cebu City,7
2023-08-17,Philippines,Parañaque,1
2023-03-05,Philippines,Mabalacat,1
2023-03-05,Philippines,Baler,1
2023-03-05,Philippines,Santiago,1
2023-04-12,Philippines,Olongapo City,1
2023-04-26,Philippines,Davao City,1
2023-04-26,Philippines,Puerto Princesa City,2
2023-07-09,Philippines,Gerona,1
2023-04-11,Philippines,Quezon City,4
2023-03-28,Philippines,Puerto Princesa City,3
2023-07-18,Philippines,Manila City,7
2023-07-18,Philippines,Iloilo City,2
2023-10-14,Philippines,Mandaue City,1
2023-08-24,Philippines,Angeles City,1
2023-03-16,Philippines,Davao City,8
2023-08-13,Philippines,Parañaque,2
2023-04-22,Philippines,Makati City,9
2023-04-22,Philippines,Mambajao,1
2023-04-21,Philippines,Cebu City,1
2023-04-21,Philippines,Mandaue City,2
2023-07-19,Philippines,Manila City,6
2023-07-19,Philippines,Makati City,6
2023-03-14,Philippines,Puerto Princesa City,1
2023-04-19,Philippines,Moalboal,1
2023-05-26,Philippines,Makati City,10
2023-05-11,Philippines,Makati City,14
2023-05-25,Philippines,Manila City,9
2023-09-15,Philippines,San Juan,2
2023-04-18,Philippines,Puerto Princesa City,1
2023-11-16,Philippines,Cebu City,1
2023-09-29,Philippines,Parañaque,3
2023-09-29,Philippines,Davao City,4
2023-05-10,Philippines,General Santos City,1
2023-11-16,Philippines,Pasig City,1
2023-09-04,Philippines,Pasay City,3
2023-01-23,Philippines,Lapu-Lapu City,4
2023-06-20,Philippines,Parañaque,3
2023-06-20,Philippines,Davao City,6
2023-06-20,Philippines,Taguig,2
2023-06-20,Philippines,Puerto Princesa City,2
2023-05-14,Philippines,San Fernando City,1
2023-05-27,Philippines,Angeles City,1
2023-09-03,Philippines,Pasay City,2
2023-05-12,Philippines,Vigan City,3
2023-09-17,Philippines,Cebu City,4
2023-04-15,Philippines,San Jose City,1
2023-01-31,Philippines,Cebu City,3
2023-04-29,Philippines,Quezon City,2
2023-05-20,Philippines,Bolinao,7
2023-04-13,Philippines,Antipolo City,1
2023-09-14,Philippines,Panglao,1
2023-04-03,Philippines,Parañaque,3
2023-04-03,Philippines,Iloilo City,1
2023-10-05,Philippines,Cordoba,1
2023-06-13,Philippines,Plaridel,1
2023-03-09,Philippines,Silang,2
2023-09-13,Philippines,Panglao,3
2023-01-18,Philippines,San Juan,2
2023-02-21,Philippines,Davao City,13
2023-07-22,Philippines,Olongapo City,2
2023-06-29,Philippines,Dalaguete,1
2023-05-08,Philippines,Pasay City,16
2023-05-08,Philippines,Vigan City,1
2023-05-08,Philippines,Bacolod City,5
2023-06-15,Philippines,Pasay City,9
2023-02-21,Philippines,Pili,2
2023-06-28,Philippines,Cebu City,7
2023-05-02,Philippines,Pasay City,12
2023-07-20,Philippines,Dapitan City,1
2023-01-24,Philippines,Santa Rosa City,1
2023-05-15,Philippines,Quezon City,1
2023-05-29,Philippines,Cebu City,16
2023-05-29,Philippines,Lipa City,1
2023-09-06,Philippines,Oslob,1
2023-07-21,Philippines,Tacloban City,4
2023-05-01,Philippines,Masbate City,1
2023-02-20,Philippines,Tagum City,1
2023-05-04,Philippines,Mandaue City,4
2023-06-21,Philippines,Lapu-Lapu City,28
2023-06-21,Philippines,Subic,1
2023-06-10,Philippines,San Juan,2
2023-09-07,Philippines,San Juan,1
2023-07-30,Philippines,Mabalacat,1
2023-07-30,Philippines,Calamba City,1
2023-05-03,Philippines,Antipolo City,1
2023-02-17,Philippines,Cordoba,2
2023-02-17,Philippines,Cebu City,5
2023-07-14,Philippines,Urdaneta City,2
2023-10-23,Philippines,Pasig City,1
2023-10-23,Philippines,Bacolod City,1
2023-06-07,Philippines,Butuan City,2
2023-10-24,Philippines,Pasay City,2
2023-03-26,Philippines,Cebu City,2
2023-02-19,Philippines,Daraga,1
2023-03-25,Philippines,Pasay City,2
2023-06-09,Philippines,Lapu-Lapu City,20
2023-08-22,Philippines,Pasig City,7
2023-02-18,Philippines,Santiago,1
2023-07-01,Philippines,San Fernando City,1
2023-06-08,Philippines,Cagayan de Oro City,1
2023-06-08,Philippines,El Nido,1
2023-03-24,Philippines,Cordoba,2
2023-03-24,Philippines,Puerto Princesa City,5
2023-03-24,Philippines,Taguig,1
2023-02-03,Philippines,Makati City,14
2023-02-03,Philippines,Mabalacat,1
2023-02-03,Philippines,Santa Lucia,1
2023-02-27,Philippines,Antipolo City,1
2023-02-12,Philippines,Manila City,2
2023-06-17,Philippines,Calamba City,3
2023-01-05,Philippines,San Juan,9
2023-02-26,Philippines,Lapu-Lapu City,3
2023-02-26,Philippines,Iloilo City,4
2023-02-25,Philippines,Koronadal City,1
2023-02-11,Philippines,Makati City,11
2023-01-04,Philippines,Pasay City,1
2023-01-08,Philippines,Makati City,4
2023-06-19,Philippines,Cebu City,9
2023-06-19,Philippines,Puerto Princesa City,1
2023-10-31,Philippines,San Juan,1
2023-02-14,Philippines,San Juan,3
2023-06-04,Philippines,Calamba City,1
2023-06-18,Philippines,Iloilo City,1
2023-07-10,Philippines,Lapu-Lapu City,31
2023-04-25,Philippines,Kalookan City,1
2023-10-17,Philippines,Pasay City,1
2023-03-04,Philippines,Taguig,1
2023-04-24,Philippines,Moalboal,1
2023-10-04,Philippines,Lapu-Lapu City,3
2023-07-07,Philippines,San Juan,2
2023-07-07,Philippines,El Nido,1
2023-08-28,Philippines,San Juan,1
2023-09-10,Philippines,Cebu City,10
2023-09-10,Philippines,El Nido,1
2023-09-10,Philippines,Moalboal,1
2023-08-17,Philippines,Makati City,12
2023-08-02,Philippines,Mabalacat,1
2023-07-09,Philippines,Parañaque,3
2023-04-11,Philippines,Manila City,3
2023-04-11,Philippines,Urdaneta City,1
2023-10-13,Philippines,Pasay City,2
2023-08-11,Philippines,Davao City,2
2023-07-03,Philippines,Makati City,12
2023-07-17,Philippines,Davao City,3
2023-03-01,Philippines,Manila City,5
2023-07-06,Philippines,Lapu-Lapu City,17
2023-03-01,Philippines,El Nido,2
2023-02-08,Philippines,Lapu-Lapu City,4
2023-02-08,Philippines,Daanbantayan,1
2023-10-12,Philippines,San Juan,2
2023-07-05,Philippines,Talisay City,1
2023-08-09,Philippines,Pasig City,9
2023-08-09,Philippines,San Juan,1
2023-05-26,Philippines,Tagbilaran City,3
2023-05-25,Philippines,Taguig,1
2023-05-25,Philippines,Pasig City,1
2023-04-04,Philippines,Baguio City,1
2023-04-04,Philippines,Daraga,1
2023-04-04,Philippines,General Santos City,1
2023-04-04,Philippines,San Fernando City,1
2023-09-29,Philippines,Makati City,6
2023-09-29,Philippines,Pasay City,2
2023-05-10,Philippines,Asturias,1
2023-09-18,Philippines,Antipolo City,1
2023-01-23,Philippines,Legazpi City,1
2023-05-28,Philippines,Calamba City,2
2023-05-28,Philippines,Bacolod City,3
2023-05-13,Philippines,Legazpi City,1
2023-01-22,Philippines,Lapu-Lapu City,4
2023-05-27,Philippines,Parañaque,3
2023-05-12,Philippines,Kalookan City,1
2023-05-12,Philippines,Makilala,2
2023-05-21,Philippines,Cebu City,1
2023-04-14,Philippines,Puerto Princesa City,3
2023-09-11,Philippines,Davao City,1
2023-09-11,Philippines,Makati City,5
2023-05-20,Philippines,Kalookan City,1
2023-04-28,Philippines,Nasugbu,1
2023-11-15,Philippines,Pasay City,1
2023-11-15,Philippines,Pasig City,1
2023-04-13,Philippines,Makati City,15
2023-04-13,Philippines,Quezon City,4
2023-10-09,Philippines,Pasig City,2
2023-04-17,Philippines,Gerona,2
2023-05-24,Philippines,Passi City,1
2023-04-16,Philippines,San Francisco,1
2023-10-05,Philippines,San Juan,2
2023-06-13,Philippines,Vigan City,2
2023-03-09,Philippines,San Juan,2
2023-03-09,Philippines,Roxas City,1
2023-02-22,Philippines,Malay,1
2023-08-06,Philippines,Cordoba,1
2023-05-06,Philippines,Quezon City,2
2023-05-06,Philippines,Puerto Princesa City,1
2023-04-01,Philippines,Santiago,1
2023-05-22,Philippines,Sipalay City,1
2023-06-27,Philippines,Cebu City,6
2023-06-01,Philippines,Tuguegarao City,1
2023-06-01,Philippines,Talisay City,1
2023-06-11,Philippines,Cebu City,12
2023-05-19,Philippines,Tagbilaran City,1
2023-05-19,Philippines,Parañaque,2
2023-03-31,Philippines,Santiago,2
2023-05-19,Philippines,Cebu City,2
2023-05-19,Philippines,Lapu-Lapu City,5
2023-01-02,Philippines,San Juan,4
2023-06-15,Philippines,Manila City,9
2023-04-09,Philippines,Cagayan de Oro City,1
2023-05-02,Philippines,Cebu City,3
2023-07-20,Philippines,Plaridel,2
2023-05-07,Philippines,Moalboal,1
2023-05-07,Philippines,Parañaque,2
2023-04-08,Philippines,Tacloban City,2
2023-04-08,Philippines,Gerona,1
2023-05-16,Philippines,Batangas City,4
2023-05-01,Philippines,Angeles City,1
2023-11-06,Philippines,Pasay City,1
2023-06-24,Philippines,Iloilo City,1
2023-06-24,Philippines,Marabut,1
2023-06-10,Philippines,Santa Catalina,1
2023-06-25,Philippines,Bacolod City,1
2023-02-02,Philippines,Manila City,2
2023-02-02,Philippines,Koronadal City,1
2023-06-06,Philippines,San Juan,3
2023-07-27,Philippines,Pasig City,2
2023-02-05,Philippines,Moalboal,2
2023-02-19,Philippines,Quezon City,5
2023-07-16,Philippines,Mabalacat,4
2023-06-09,Philippines,Ormoc City,1
2023-02-18,Philippines,Manila City,9
2023-03-10,Philippines,San Juan,6
2023-02-03,Philippines,Urdaneta City,1
2023-02-03,Philippines,Tagum City,1
2023-02-27,Philippines,Cordoba,3
2023-07-24,Philippines,Makati City,6
2023-06-17,Philippines,Malay,1
2023-06-17,Philippines,Manila City,6
2023-01-19,Philippines,Bacolod City,1
2023-06-02,Philippines,Makati City,10
2023-06-16,Philippines,Malolos City,1
2023-05-09,Philippines,Parañaque,2
2023-05-09,Philippines,Bacolod City,8
2023-02-11,Philippines,Mandaluyong,1
2023-06-19,Philippines,Tagbilaran City,1
2023-06-19,Philippines,Daraga,1
2023-02-14,Philippines,Lapu-Lapu City,1
2023-06-04,Philippines,San Juan,1
2023-06-04,Philippines,Tagbilaran City,1
2023-10-17,Philippines,Pasig City,5
2023-03-18,Philippines,Davao City,3
2023-03-03,Philippines,Manila City,5
2023-04-10,Philippines,Makati City,19
2023-03-17,Philippines,Santo Tomas,1
2023-05-30,Philippines,Pasig City,1
2023-05-30,Philippines,Iloilo City,2
2023-07-07,Philippines,Davao City,5
2023-08-14,Philippines,Manila City,2
2023-08-28,Philippines,Lapu-Lapu City,18
2023-03-02,Philippines,Antipolo City,1
2023-04-27,Philippines,Malay,4
2023-03-06,Philippines,Tagaytay City,1
2023-03-06,Philippines,Bacolod City,3
2023-10-02,Philippines,Pasig City,1
2023-07-09,Philippines,Pasay City,12
2023-07-09,Philippines,Oslob,3
2023-02-07,Philippines,San Francisco,1
2023-02-07,Philippines,Pasig City,2
2023-04-20,Philippines,Cebu City,2
2023-04-20,Philippines,Gerona,1
2023-07-18,Philippines,Pasig City,2
2023-10-28,Philippines,El Nido,1
2023-08-24,Philippines,Lapu-Lapu City,13
2023-03-16,Philippines,Pasig City,1
2023-10-11,Philippines,Angeles City,1
2023-03-01,Philippines,Davao City,10
2023-10-26,Philippines,Makati City,4
2023-04-22,Philippines,Puerto Princesa City,1
2023-03-01,Philippines,Daanbantayan,2
2023-07-05,Philippines,General Santos City,2
2023-03-14,Philippines,Davao City,5
2023-04-05,Philippines,Lapu-Lapu City,15
2023-08-09,Philippines,Davao City,6
2023-05-26,Philippines,Tagum City,2
2023-05-11,Philippines,Mabalacat,1
2023-11-05,Philippines,Cebu City,1
2023-05-10,Philippines,Makati City,21
2023-04-07,Philippines,Pasay City,4
2023-04-07,Philippines,Asturias,1
2023-08-08,Philippines,Mandaue City,1
2023-06-20,Philippines,Manila City,7
2023-11-03,Philippines,Makati City,10
2023-01-23,Philippines,Puerto Princesa City,1
2023-11-17,Philippines,Angeles City,1
2023-11-18,Philippines,Quezon City,2
2023-05-13,Philippines,Calamba City,1
2023-05-13,Philippines,Batangas City,1
2023-05-13,Philippines,Tagbilaran City,1
2023-05-14,Philippines,San Juan,1
2023-05-27,Philippines,El Nido,1
2023-04-15,Philippines,Tagaytay City,2
2023-05-21,Philippines,Manila City,4
2023-01-31,Philippines,Malay,2
2023-04-14,Philippines,Iloilo City,1
2023-08-05,Philippines,Lapu-Lapu City,12
2023-09-11,Philippines,Parañaque,2
2023-09-12,Philippines,Pasay City,7
2023-09-12,Philippines,Mandaue City,2
2023-09-12,Philippines,Lapu-Lapu City,1
2023-03-07,Philippines,Silang,1
2023-09-28,Philippines,Quezon City,1
2023-04-17,Philippines,Legazpi City,1
2023-04-17,Philippines,Malolos City,4
2023-05-24,Philippines,Kalibo,2
2023-05-24,Philippines,Baguio City,1
2023-05-23,Philippines,Davao City,8
2023-05-23,Philippines,Parañaque,7
2023-05-23,Philippines,General Santos City,1
2023-05-23,Philippines,Makilala,1
2023-05-23,Philippines,San Fernando City,1
2023-04-03,Philippines,Vigan City,1
2023-04-03,Philippines,Gerona,2
2023-09-27,Philippines,Vigan City,3
2023-06-13,Philippines,Santa Fe,1
2023-03-09,Philippines,Lapu-Lapu City,7
2023-02-22,Philippines,Tagum City,1
2023-02-22,Philippines,Taguig,2
2023-02-22,Philippines,Santa Lucia,1
2023-05-06,Philippines,Makati City,11
2023-05-06,Philippines,Lapu-Lapu City,9
2023-09-13,Philippines,Cagayan de Oro City,1
2023-06-27,Philippines,Parañaque,1
2023-06-26,Philippines,Makati City,8
2023-05-05,Philippines,San Juan,2
2023-06-01,Philippines,San Juan,3
2023-06-01,Philippines,Asturias,1
2023-10-30,Philippines,Pasig City,1
2023-07-22,Philippines,Bacolod City,1
2023-05-08,Philippines,San Francisco,2
2023-06-12,Philippines,Tagaytay City,5
2023-06-15,Philippines,Ormoc City,2
2023-06-15,Philippines,Tuguegarao City,1
2023-04-09,Philippines,Tacloban City,1
2023-06-23,Philippines,Kalibo,1
2023-06-23,Philippines,Urdaneta City,1
2023-07-20,Philippines,Oslob,1
2023-11-09,Philippines,Mandaue City,1
2023-09-06,Philippines,Cordoba,2
2023-02-24,Philippines,Pili,1
2023-07-21,Philippines,Cordoba,1
2023-07-21,Philippines,Iloilo City,5
2023-01-13,Philippines,Makati City,7
2023-06-22,Philippines,Vigan City,1
2023-06-22,Philippines,Calbayog City,1
2023-05-04,Philippines,Las Piñas,2
2023-06-10,Philippines,Bacolod City,6
2023-05-17,Philippines,Angeles City,1
2023-07-30,Philippines,Manila City,2
2023-01-26,Philippines,Taguig,1
2023-02-17,Philippines,Tagaytay City,2
2023-02-16,Philippines,Davao City,17
2023-02-01,Philippines,San Juan,1
2023-02-01,Philippines,Mabalacat,1
2023-06-06,Philippines,Roxas City,1
2023-10-10,Philippines,El Nido,1
2023-07-02,Philippines,Mandaue City,1
2023-02-19,Philippines,Manila City,3
2023-02-04,Philippines,San Juan,3
2023-07-15,Philippines,Puerto Princesa City,6
2023-03-10,Philippines,Olongapo City,1
2023-03-24,Philippines,Subic,1
2023-02-27,Philippines,Puerto Princesa City,4
2023-02-27,Philippines,Moalboal,1
2023-07-24,Philippines,Manila City,4
2023-07-24,Philippines,Puerto Princesa City,2
2023-02-26,Philippines,Daanbantayan,1
2023-08-30,Philippines,San Juan,1
2023-05-09,Philippines,Cebu City,9
2023-05-09,Philippines,Lapu-Lapu City,15
2023-05-09,Philippines,Vigan City,1
2023-06-05,Philippines,Makati City,12
2023-06-05,Philippines,Dapitan City,1
2023-06-05,Philippines,Asturias,1
2023-07-26,Philippines,Cebu City,6
2023-02-28,Philippines,Puerto Princesa City,8
2023-06-04,Philippines,Ormoc City,1
2023-07-10,Philippines,Mandaue City,1
2023-07-10,Philippines,Bacolod City,3
2023-07-25,Philippines,Makati City,5
2023-07-25,Philippines,Plaridel,1
2023-03-18,Philippines,Antipolo City,1
2023-03-03,Philippines,Tagaytay City,1
2023-03-03,Philippines,Antipolo City,3
2023-09-21,Philippines,Santa Rosa City,1
2023-03-06,Philippines,El Nido,1
2023-03-06,Philippines,Baguio City,2
2023-08-03,Philippines,General Santos City,1
2023-08-17,Philippines,Quezon City,1
2023-08-17,Philippines,San Juan,4
2023-09-24,Philippines,San Juan,1
2023-07-09,Philippines,Taguig,1
2023-04-11,Philippines,Parañaque,3
2023-04-11,Philippines,Davao City,5
2023-07-04,Philippines,Cebu City,8
2023-08-25,Philippines,Pasay City,3
2023-04-20,Philippines,Tuguegarao City,1
2023-07-18,Philippines,Gerona,1
2023-07-03,Philippines,Butuan City,2
2023-08-24,Philippines,Davao City,3
2023-03-01,Philippines,Cebu City,7
2023-10-26,Philippines,Pasay City,2
2023-07-06,Philippines,Mandaue City,4
2023-04-22,Philippines,Taguig,2
2023-08-26,Philippines,Lapu-Lapu City,15
2023-07-19,Philippines,Silang,1
2023-03-14,Philippines,Makati City,12
2023-09-02,Philippines,San Juan,1
2023-03-14,Philippines,Tagum City,1
2023-09-01,Philippines,Pasig City,4
2023-04-04,Philippines,Makati City,17
2023-04-04,Philippines,Makilala,3
2023-04-04,Philippines,Quezon City,2
2023-11-16,Philippines,Mandaue City,1
2023-11-02,Philippines,Coron,1
2023-11-02,Philippines,Manila City,3
2023-09-18,Philippines,Vigan City,2
2023-11-18,Philippines,Makati City,13
2023-09-17,Philippines,Muntinlupa,1
2023-05-13,Philippines,Davao City,2
2023-05-14,Philippines,Cordoba,1
2023-05-27,Philippines,Ormoc City,1
2023-11-14,Philippines,Panglao,1
2023-04-15,Philippines,Mandaue City,2
2023-11-01,Philippines,Parañaque,1
2023-01-31,Philippines,Davao City,3
2023-05-20,Philippines,Davao City,7
2023-05-20,Philippines,Mabalacat,1
2023-05-20,Philippines,Nasugbu,1
2023-04-28,Philippines,Lapu-Lapu City,8
2023-08-04,Philippines,Quezon City,3
2023-08-18,Philippines,Cebu City,2
2023-09-25,Philippines,Panglao,1
2023-11-13,Philippines,Makati City,13
2023-08-07,Philippines,Panglao,2
2023-04-17,Philippines,San Juan,1
2023-09-14,Philippines,Parañaque,2
2023-05-24,Philippines,Cagayan de Oro City,1
2023-04-16,Philippines,Mabalacat,1
2023-05-23,Philippines,San Jose City,1
2023-04-03,Philippines,Santiago,1
2023-06-30,Philippines,Angeles City,1
2023-09-27,Philippines,Muntinlupa,1
2023-06-13,Philippines,San Juan,1
2023-03-09,Philippines,Mabalacat,3
2023-03-09,Philippines,Tuguegarao City,2
2023-01-01,Philippines,Davao City,1
2023-08-06,Philippines,Mandaue City,1
2023-04-16,Philippines,Bacolod City,3
2023-05-22,Philippines,Subic,1
2023-06-01,Philippines,Bacolod City,1
2023-05-05,Philippines,Lapu-Lapu City,14
2023-05-05,Philippines,Iloilo City,1
2023-07-22,Philippines,Kalibo,1
2023-03-31,Philippines,Makati City,14
2023-06-29,Philippines,Pasay City,6
2023-05-19,Philippines,El Nido,1
2023-05-19,Philippines,Panglao,1
2023-05-08,Philippines,Malay,2
2023-06-12,Philippines,Davao City,3
2023-06-14,Philippines,Calamba City,2
2023-06-14,Philippines,Taguig,1
2023-06-14,Philippines,Iba,1
2023-06-15,Philippines,Tagaytay City,3
2023-06-15,Philippines,Tarlac City,1
2023-07-20,Philippines,Pasig City,1
2023-02-23,Philippines,Mandaue City,3
2023-02-23,Philippines,Mandaluyong,1
2023-06-23,Philippines,Puerto Princesa City,1
2023-05-29,Philippines,Mandaue City,2
2023-05-29,Philippines,Quezon City,7
2023-06-21,Philippines,Manila City,15
2023-06-21,Philippines,Cebu City,17
2023-06-21,Philippines,Vigan City,1
2023-06-21,Philippines,Malolos City,1
2023-11-06,Philippines,Bacolod City,1
2023-06-10,Philippines,Davao City,5
2023-05-17,Philippines,Pasig City,1
2023-09-08,Philippines,Pasig City,3
2023-07-31,Philippines,Pasay City,5
2023-07-31,Philippines,Lapu-Lapu City,6
2023-07-31,Philippines,Malay,1
2023-02-17,Philippines,Mandaluyong,1
2023-04-30,Philippines,Makati City,22
2023-06-07,Philippines,Mandaue City,4
2023-07-28,Philippines,Bacolod City,1
2023-03-23,Philippines,Subic,4
2023-08-20,Philippines,Muntinlupa,1
2023-02-16,Philippines,San Juan,1
2023-07-13,Philippines,Parañaque,3
2023-06-06,Philippines,Calamba City,1
2023-06-06,Philippines,Dasmariñas,1
2023-07-27,Philippines,Lapu-Lapu City,12
2023-02-15,Philippines,Mati City,1
2023-02-15,Philippines,Davao City,6
2023-10-10,Philippines,Quezon City,1
2023-08-23,Philippines,Pasay City,3
2023-07-02,Philippines,Quezon City,2
2023-03-26,Philippines,Lapu-Lapu City,14
2023-02-19,Philippines,Baguio City,1
2023-03-11,Philippines,Tacloban City,4
2023-07-16,Philippines,Quezon City,2
2023-02-04,Philippines,Baguio City,1
2023-06-09,Philippines,Muntinlupa,1
2023-02-18,Philippines,Tagaytay City,1
2023-03-10,Philippines,Pasig City,1
2023-06-08,Philippines,San Juan,4
2023-03-24,Philippines,Tagum City,1
2023-02-27,Philippines,Gerona,1
2023-06-03,Philippines,Davao City,5
2023-06-17,Philippines,Tagbilaran City,2
2023-01-05,Philippines,Subic,3
2023-06-05,Philippines,San Juan,2
2023-03-21,Philippines,Lapu-Lapu City,6
2023-02-28,Philippines,Gerona,1
2023-07-11,Philippines,Lapu-Lapu City,12
2023-03-20,Philippines,Davao City,7
2023-07-10,Philippines,Iloilo City,3
2023-07-10,Philippines,Parañaque,2
2023-02-13,Philippines,Balamban,1
2023-10-03,Philippines,Makati City,2
2023-04-24,Philippines,Pasay City,9
2023-03-17,Philippines,Parañaque,1
2023-05-30,Philippines,Kalibo,5
2023-05-30,Philippines,Santa Lucia,1
2023-11-11,Philippines,Pasay City,5
2023-08-03,Philippines,Davao City,7
2023-08-17,Philippines,Lapu-Lapu City,17
2023-10-01,Philippines,Pasay City,3
2023-11-22,Philippines,Makati City,2
2023-10-16,Philippines,Pasay City,1
2023-03-05,Philippines,Pasay City,1
2023-03-05,Philippines,Bacolod City,4
2023-04-26,Philippines,Pasay City,13
2023-08-16,Philippines,Cebu City,11
2023-04-11,Philippines,Las Piñas,1
2023-02-07,Philippines,Davao City,5
2023-04-20,Philippines,Iloilo City,2
2023-08-10,Philippines,Parañaque,1
2023-03-13,Philippines,Mandaue City,1
2023-08-24,Philippines,Mandaue City,1
2023-11-21,Philippines,Manila City,1
2023-11-21,Philippines,Pasay City,4
2023-03-01,Philippines,Cordoba,3
2023-04-22,Philippines,Cagayan de Oro City,1
2023-07-05,Philippines,Plaridel,2
2023-03-14,Philippines,Manila City,1
2023-04-05,Philippines,Bacolod City,3
2023-09-02,Philippines,Mandaue City,1
2023-01-21,Philippines,Quezon City,1
2023-05-26,Philippines,Roxas City,1
2023-05-26,Philippines,Dalaguete,1
2023-05-25,Philippines,Pasay City,13
2023-04-04,Philippines,Lapu-Lapu City,10
2023-04-04,Philippines,Cagayan de Oro City,1
2023-11-05,Philippines,Pasig City,1
2023-05-10,Philippines,Manila City,8
2023-05-10,Philippines,San Jose City,1
2023-05-10,Philippines,Mandaluyong,1
2023-08-08,Philippines,Angeles City,2
2023-11-02,Philippines,Parañaque,2
2023-06-20,Philippines,Mandaluyong,2
2023-05-13,Philippines,Tacloban City,2
2023-05-14,Philippines,Naga City,1
2023-05-14,Philippines,Angeles City,2
2023-05-14,Philippines,Plaridel,1
2023-09-19,Philippines,Calamba City,1
2023-09-03,Philippines,Pasig City,1
2023-05-12,Philippines,Ormoc City,1
2023-11-14,Philippines,Cordoba,1
2023-11-14,Philippines,Pasay City,1
2023-03-08,Philippines,Manila City,7
2023-11-01,Philippines,Malay,1
2023-08-19,Philippines,Davao City,1
2023-10-08,Philippines,Makati City,6
2023-04-14,Philippines,Mabalacat,1
2023-08-05,Philippines,Quezon City,1
2023-05-20,Philippines,Pasay City,6
2023-03-07,Philippines,Las Piñas,1
2023-09-14,Philippines,Makati City,10
2023-11-13,Philippines,Tarlac City,1
2023-08-07,Philippines,Pasig City,7
2023-09-14,Philippines,Angeles City,1
2023-05-24,Philippines,Calamba City,4
2023-04-03,Philippines,Malay,1
2023-04-03,Philippines,Lapu-Lapu City,9
2023-04-03,Philippines,Legazpi City,1
2023-06-30,Philippines,Biñan,1
2023-05-06,Philippines,Manila City,3
2023-09-13,Philippines,Cebu City,8
2023-04-01,Philippines,Tagaytay City,1
2023-05-22,Philippines,Panglao,1
2023-05-05,Philippines,Tagaytay City,1
2023-05-05,Philippines,Ormoc City,1
2023-02-21,Philippines,Iloilo City,3
2023-06-01,Philippines,Pagudpud,1
2023-01-29,Philippines,San Antonio,1
2023-05-19,Philippines,Manila City,2
2023-07-20,Philippines,Manila City,2
2023-02-23,Philippines,Tacloban City,3
2023-01-03,Philippines,Manila City,1
2023-11-09,Philippines,Pasay City,3
2023-05-29,Philippines,Iloilo City,3
2023-02-24,Philippines,Puerto Princesa City,8
2023-02-24,Philippines,Ormoc City,2
2023-07-21,Philippines,Calamba City,1
2023-09-05,Philippines,Muntinlupa,1
2023-09-05,Philippines,Davao City,1
2023-05-18,Philippines,Makati City,4
2023-05-18,Philippines,Kalookan City,1
2023-06-22,Philippines,Pasig City,1
2023-05-04,Philippines,San Juan,1
2023-06-10,Philippines,Mandaluyong,1
2023-06-25,Philippines,Tuguegarao City,1
2023-06-25,Philippines,Davao City,4
2023-08-21,Philippines,Cordoba,1
2023-07-14,Philippines,Vigan City,1
2023-02-02,Philippines,San Juan,1
2023-02-02,Philippines,Pili,1
2023-02-01,Philippines,Makati City,6
2023-02-01,Philippines,Puerto Princesa City,3
2023-06-06,Philippines,Lapu-Lapu City,18
2023-10-10,Philippines,Cebu City,1
2023-03-11,Philippines,Daraga,1
2023-03-25,Philippines,San Juan,2
2023-02-18,Philippines,Quezon City,2
2023-02-18,Philippines,Naga City,1
2023-10-22,Philippines,Manila City,2
2023-01-06,Philippines,Subic,1
2023-02-27,Philippines,Mabalacat,1
2023-06-17,Philippines,Kalibo,1
2023-07-12,Philippines,Mabalacat,2
2023-02-14,Philippines,Puerto Princesa City,1
2023-10-31,Philippines,Parañaque,2
2023-07-11,Philippines,Bacolod City,2
2023-06-18,Philippines,Makati City,8
2023-06-18,Philippines,Parañaque,2
2023-06-18,Philippines,Naga City,1
2023-07-25,Philippines,Cagayan de Oro City,2
2023-02-13,Philippines,Moalboal,3
2023-08-01,Philippines,Mandaue City,1
2023-09-22,Philippines,Lapu-Lapu City,4
2023-03-18,Philippines,San Juan,2
2023-08-15,Philippines,Cebu City,4
2023-03-03,Philippines,Davao City,3
2023-03-03,Philippines,Cebu City,11
2023-07-08,Philippines,Gerona,1
2023-04-10,Philippines,Cebu City,7
2023-10-18,Philippines,Vigan City,1
2023-07-07,Philippines,Panglao,1
2023-03-02,Philippines,Cebu City,6
2023-03-02,Philippines,Daanbantayan,1
2023-03-06,Philippines,Mandaue City,3
2023-08-03,Philippines,Bacolod City,5
2023-09-24,Philippines,Cordoba,1
2023-03-05,Philippines,Parañaque,4
2023-03-05,Philippines,San Juan,3
2023-03-05,Philippines,Mandaue City,5
2023-04-12,Philippines,Tacloban City,2
2023-04-12,Philippines,Legazpi City,2
2023-03-19,Philippines,Moalboal,1
2023-09-23,Philippines,Mandaue City,1
2023-07-09,Philippines,Tacloban City,3
2023-04-11,Philippines,Pasay City,7
2023-04-11,Philippines,Gerona,1
2023-08-25,Philippines,Makati City,11
2023-02-06,Philippines,Moalboal,4
2023-03-13,Philippines,Puerto Princesa City,1
2023-10-14,Philippines,Parañaque,4
2023-10-14,Philippines,Vigan City,1
2023-08-24,Philippines,Muntinlupa,1
2023-07-17,Philippines,Cebu City,11
2023-10-25,Philippines,San Juan,1
2023-09-20,Philippines,Manila City,4
2023-09-30,Philippines,El Nido,1
2023-02-09,Philippines,Cordoba,1
2023-08-13,Philippines,Vigan City,1
2023-07-06,Philippines,Pili,1
2023-08-12,Philippines,Pasay City,2
2023-03-01,Philippines,Pasay City,3
2023-04-21,Philippines,Davao City,3
2023-11-04,Philippines,Parañaque,3
2023-01-21,Philippines,Manila City,1
2023-08-09,Philippines,Malay,2
2023-05-26,Philippines,Panglao,1
2023-05-11,Philippines,Antipolo City,1
2023-05-11,Philippines,Tarlac City,5
2023-04-04,Philippines,Tagum City,1
2023-09-15,Philippines,Oslob,1
2023-04-18,Philippines,Mandaue City,2
2023-04-18,Philippines,Asturias,1
2023-11-05,Philippines,Nasugbu,1
2023-05-10,Philippines,Urdaneta City,1
2023-01-23,Philippines,Makati City,4
2023-01-23,Philippines,General Santos City,1
2023-11-17,Philippines,Manila City,1
2023-05-13,Philippines,Cebu City,4
2023-09-19,Philippines,Quezon City,2
2023-05-12,Philippines,General Santos City,1
2023-10-08,Philippines,El Nido,2
2023-04-29,Philippines,Mabalacat,1
2023-04-13,Philippines,Silang,2
2023-08-07,Philippines,Pasay City,6
2023-04-17,Philippines,Tarlac City,1
2023-05-24,Philippines,Pasay City,22
2023-04-03,Philippines,Kalibo,1
2023-09-27,Philippines,Davao City,1
2023-11-12,Philippines,Dapitan City,1
2023-02-22,Philippines,San Juan,3
2023-04-16,Philippines,Ormoc City,1
2023-05-06,Philippines,Gerona,1
2023-09-13,Philippines,Pasay City,5
2023-05-22,Philippines,General Santos City,1
2023-06-26,Philippines,Cebu City,4
2023-01-18,Philippines,Cebu City,5
2023-02-21,Philippines,General Santos City,2
2023-02-21,Philippines,Mandaue City,1
2023-06-01,Philippines,Tagaytay City,4
2023-06-01,Philippines,Quezon City,5
2023-06-01,Philippines,Cagayan de Oro City,1
2023-06-01,Philippines,General Santos City,1
2023-06-11,Philippines,Tuguegarao City,1
2023-06-11,Philippines,Lemery,1
2023-05-05,Philippines,Plaridel,1
2023-01-15,Philippines,Makati City,4
2023-06-12,Philippines,Bacolod City,4
2023-04-09,Philippines,Asturias,2
2023-07-20,Philippines,Lapu-Lapu City,17
2023-03-30,Philippines,Cebu City,2
2023-02-23,Philippines,Gerona,1
2023-05-29,Philippines,Calamba City,1
2023-09-06,Philippines,Pasay City,4
2023-09-06,Philippines,Roxas City,1
2023-02-24,Philippines,Pasig City,3
2023-02-24,Philippines,Tagaytay City,1
2023-05-01,Philippines,Quezon City,1
2023-05-01,Philippines,Lapu-Lapu City,15
2023-06-22,Philippines,Mandaluyong,1
2023-11-07,Philippines,Pasay City,3
2023-05-04,Philippines,Muntinlupa,1
2023-06-21,Philippines,Tagbilaran City,2
2023-06-10,Philippines,Vigan City,3
2023-06-24,Philippines,Makati City,4
2023-06-10,Philippines,Quezon City,7
2023-05-17,Philippines,Bolinao,5
2023-07-31,Philippines,Pasig City,3
2023-07-30,Philippines,Malay,1
2023-07-30,Philippines,Davao City,8
2023-07-30,Philippines,Pasay City,7
2023-05-03,Philippines,Mandaue City,1
2023-02-17,Philippines,Legazpi City,1
2023-07-14,Philippines,Mandaue City,1
2023-04-30,Philippines,Pasay City,8
2023-10-23,Philippines,Panglao,1
2023-10-23,Philippines,Cebu City,3
2023-07-28,Philippines,Cebu City,7
2023-07-28,Philippines,Manila City,1
2023-02-16,Philippines,Malay,1
2023-02-16,Philippines,Mandaue City,2
2023-07-13,Philippines,Quezon City,7
2023-07-13,Philippines,Bacolod City,1
2023-03-22,Philippines,Lapu-Lapu City,9
2023-02-15,Philippines,Vigan City,1
2023-02-05,Philippines,Lapu-Lapu City,5
2023-03-11,Philippines,San Jose,1
2023-07-15,Philippines,Mandaue City,1
2023-02-18,Philippines,Iloilo City,2
2023-06-17,Philippines,Baguio City,1
2023-06-17,Philippines,Dasmariñas,1
2023-06-17,Philippines,Tuguegarao City,1
2023-02-26,Philippines,Davao City,1
2023-08-30,Philippines,Mandaue City,1
2023-08-30,Philippines,Davao City,3
2023-06-16,Philippines,Zamboanga City,1
2023-05-09,Philippines,General Santos City,1
2023-06-05,Philippines,Tagbilaran City,1
2023-06-05,Philippines,Mambajao,1
2023-07-12,Philippines,San Juan,1
2023-10-31,Philippines,Pasig City,3
2023-02-28,Philippines,Daraga,1
2023-06-04,Philippines,Moalboal,1
2023-06-18,Philippines,Batangas City,1
2023-07-10,Philippines,Moalboal,1
2023-07-10,Philippines,Oslob,1
2023-02-13,Philippines,Tacloban City,1
2023-10-17,Philippines,San Juan,1
2023-10-17,Philippines,Calamba City,3
2023-03-04,Philippines,Parañaque,4
2023-03-04,Philippines,Tuguegarao City,1
2023-10-03,Philippines,Cebu City,1
2023-08-15,Philippines,Makati City,6
2023-08-15,Philippines,Parañaque,1
2023-05-31,Philippines,Puerto Princesa City,1
2023-07-08,Philippines,Tacloban City,1
2023-10-18,Philippines,Malay,1
2023-05-30,Philippines,Davao City,7
2023-05-30,Philippines,Talisay City,1
2023-05-30,Philippines,Cebu City,2
2023-07-07,Philippines,Pasay City,10
2023-07-07,Philippines,Butuan City,1
2023-07-07,Philippines,Lapu-Lapu City,20
2023-07-07,Philippines,Quezon City,3
2023-10-19,Philippines,Pasig City,1
2023-04-23,Philippines,Bacolod City,1
2023-11-11,Philippines,Davao City,1
2023-04-27,Philippines,San Juan,1
2023-04-27,Philippines,Baguio City,1
2023-08-03,Philippines,Makati City,8
2023-08-03,Philippines,Kalibo,1
2023-10-01,Philippines,Antipolo City,2
2023-09-24,Philippines,Bacolod City,2
2023-03-05,Philippines,Lapu-Lapu City,15
2023-04-12,Philippines,Cebu City,4
2023-04-12,Philippines,Manila City,13
2023-04-12,Philippines,Parañaque,2
2023-04-12,Philippines,Mandaluyong,2
2023-04-12,Philippines,Santiago,2
2023-08-02,Philippines,Quezon City,1
2023-07-09,Philippines,Lapu-Lapu City,17
2023-07-09,Philippines,Iloilo City,1
2023-07-09,Philippines,Pasig City,1
2023-07-04,Philippines,Manila City,1
2023-07-04,Philippines,Panglao,1
2023-11-20,Philippines,Parañaque,5
2023-02-06,Philippines,Makilala,1
2023-08-10,Philippines,Pasay City,5
2023-03-12,Philippines,Pagudpud,1
2023-07-06,Philippines,Pasig City,1
2023-07-06,Philippines,Bacolod City,2
2023-03-15,Philippines,Subic,2
2023-08-12,Philippines,Santa Fe,1
2023-03-01,Philippines,Naga City,1
2023-04-21,Philippines,Pasay City,3
2023-10-12,Philippines,Panglao,1
2023-07-19,Philippines,Olongapo City,1
2023-07-19,Philippines,Sorsogon City,1
2023-07-05,Philippines,Pagudpud,1
2023-04-05,Philippines,Calamba City,2
2023-11-04,Philippines,Cordoba,1
2023-11-04,Philippines,Angeles City,1
2023-09-02,Philippines,Lapu-Lapu City,4
2023-04-19,Philippines,Cagayan de Oro City,1
2023-05-11,Philippines,Dasmariñas,1
2023-05-25,Philippines,Panglao,1
2023-04-04,Philippines,Bangui,1
2023-01-20,Philippines,Subic,2
2023-04-18,Philippines,Parañaque,2
2023-04-18,Philippines,Lapu-Lapu City,19
2023-04-07,Philippines,Oslob,1
2023-04-07,Philippines,Cebu City,3
2023-04-07,Philippines,Naga City,1
2023-11-03,Philippines,Cordoba,2
2023-11-17,Philippines,Makati City,14
2023-11-17,Philippines,Quezon City,2
2023-09-17,Philippines,Makati City,4
2023-05-28,Philippines,Davao City,5
2023-05-28,Philippines,Quezon City,10
2023-05-13,Philippines,Quezon City,15
2023-05-13,Philippines,Naga City,1
2023-05-14,Philippines,Cagayan de Oro City,1
2023-05-27,Philippines,Calamba City,1
2023-05-12,Philippines,Parañaque,7
2023-04-15,Philippines,Canlaon City,2
2023-05-21,Philippines,Davao City,2
2023-05-21,Philippines,Moalboal,2
2023-05-12,Philippines,San Fernando City,1
2023-09-26,Philippines,Pasay City,1
2023-04-14,Philippines,Jordan,1
2023-08-05,Philippines,Pasig City,6
2023-05-20,Philippines,Mandaue City,14
2023-09-12,Philippines,Meycauayan City,2
2023-08-04,Philippines,Mandaue City,1
2023-08-04,Philippines,Lapu-Lapu City,11
2023-04-17,Philippines,Quezon City,6
2023-04-17,Philippines,Parañaque,3
2023-05-24,Philippines,Makati City,6
2023-05-23,Philippines,Mandaue City,15
2023-04-03,Philippines,Canlaon City,1
2023-06-13,Philippines,Coron,1
2023-06-13,Philippines,Mambajao,1
2023-02-22,Philippines,Santa Rosa City,1
2023-05-05,Philippines,Makati City,10
2023-02-21,Philippines,Mabalacat,2
2023-07-22,Philippines,Oslob,1
2023-05-19,Philippines,Pasay City,6
2023-05-19,Philippines,Bolinao,4
2023-05-19,Philippines,Gerona,1
2023-05-08,Philippines,Nasugbu,1
2023-05-08,Philippines,Silang,1
2023-06-15,Philippines,Puerto Princesa City,2
2023-06-15,Philippines,Asturias,1
2023-06-15,Philippines,Mandaluyong,1
2023-06-15,Philippines,Dasmariñas,1
2023-04-09,Philippines,Iloilo City,2
2023-05-07,Philippines,Pasay City,9
2023-02-23,Philippines,Moalboal,2
2023-06-23,Philippines,Bacolod City,1
2023-05-15,Philippines,Bolinao,2
2023-01-16,Philippines,Manila City,2
2023-05-29,Philippines,Puerto Princesa City,2
2023-01-25,Philippines,Makati City,5
2023-09-06,Philippines,Parañaque,3
2023-01-13,Philippines,Cebu City,6
2023-05-18,Philippines,Baguio City,1
2023-02-20,Philippines,Davao City,10
2023-02-20,Philippines,Tacloban City,3
2023-11-08,Philippines,Cebu City,2
2023-02-17,Philippines,Bacolod City,1
2023-08-21,Philippines,Oslob,1
2023-04-30,Philippines,Lapu-Lapu City,20
2023-10-23,Philippines,Makati City,8
2023-07-13,Philippines,San Juan,2
2023-06-06,Philippines,Pasay City,9
2023-06-06,Philippines,Taguig,1
2023-10-10,Philippines,Makati City,5
2023-07-02,Philippines,Manila City,1
2023-02-19,Philippines,Parañaque,1
2023-02-04,Philippines,Lapu-Lapu City,3
2023-07-29,Philippines,Manila City,2
2023-03-10,Philippines,Iloilo City,1
2023-03-24,Philippines,Makati City,12
2023-02-27,Philippines,Cagayan de Oro City,2
2023-08-30,Philippines,Makati City,10
2023-07-23,Philippines,Makati City,2
2023-06-16,Philippines,Tacloban City,1
2023-05-09,Philippines,Talisay City,1
2023-05-09,Philippines,Tuguegarao City,1
2023-06-05,Philippines,Angeles City,2
2023-01-04,Philippines,Subic,1
2023-02-14,Philippines,Cebu City,1
2023-02-14,Philippines,Quezon City,8
2023-03-21,Philippines,Antipolo City,1
2023-02-28,Philippines,Vigan City,1
2023-07-11,Philippines,Iloilo City,3
2023-07-11,Philippines,Oslob,1
2023-06-18,Philippines,Ormoc City,2
2023-07-10,Philippines,Pasay City,16
2023-07-10,Philippines,Cagayan de Oro City,3
2023-04-25,Philippines,Malay,2
2023-04-25,Philippines,Davao City,2
2023-08-15,Philippines,Naga City,1
2023-04-10,Philippines,Bacolod City,8
2023-03-02,Philippines,Moalboal,1
2023-09-10,Philippines,Lapu-Lapu City,7
2023-11-11,Philippines,Manila City,3
2023-04-27,Philippines,Cordoba,2
2023-03-06,Philippines,Lapu-Lapu City,10
2023-03-06,Philippines,Tacloban City,1
2023-09-24,Philippines,Pasay City,3
2023-04-12,Philippines,Quezon City,5
2023-08-02,Philippines,Mandaue City,1
2023-09-23,Philippines,Manila City,3
2023-04-11,Philippines,Mabalacat,1
2023-08-25,Philippines,Muntinlupa,1
2023-03-28,Philippines,San Fernando City,1
2023-08-10,Philippines,Davao City,2
2023-10-28,Philippines,Quezon City,1
2023-07-17,Philippines,Moalboal,1
2023-10-11,Philippines,Vigan City,1
2023-08-27,Philippines,Santa Fe,1
2023-03-15,Philippines,Pasay City,1
2023-02-08,Philippines,Davao City,1
2023-04-05,Philippines,Iloilo City,1
2023-08-09,Philippines,Lapu-Lapu City,19
2023-04-04,Philippines,San Juan,2
2023-04-04,Philippines,Cordoba,1
2023-04-18,Philippines,Bacolod City,4
2023-11-16,Philippines,Pasay City,5
2023-05-28,Philippines,Vigan City,1
2023-05-28,Philippines,Plaridel,1
2023-05-14,Philippines,Davao City,3
2023-09-19,Philippines,Davao City,2
2023-05-27,Philippines,Tuguegarao City,1
2023-04-15,Philippines,Davao City,4
2023-04-15,Philippines,Las Piñas,1
2023-04-06,Philippines,Antipolo City,1
2023-03-08,Philippines,Puerto Princesa City,1
2023-05-21,Philippines,Mandaue City,20
2023-04-14,Philippines,Sorsogon City,2
2023-04-14,Philippines,Mandaluyong,1
2023-04-14,Philippines,Dasmariñas,1
2023-04-28,Philippines,Moalboal,1
2023-09-12,Philippines,San Juan,3
2023-03-07,Philippines,Butuan City,1
2023-09-25,Philippines,Cebu City,4
2023-05-24,Philippines,Manila City,7
2023-05-24,Philippines,Silay City,1
2023-04-16,Philippines,Roxas City,2
2023-01-30,Philippines,Quezon City,3
2023-04-03,Philippines,Mabalacat,1
2023-06-13,Philippines,Pasay City,9
2023-04-01,Philippines,Lapu-Lapu City,12
2023-05-22,Philippines,San Juan,1
2023-06-27,Philippines,Mandaue City,1
2023-06-27,Philippines,Malay,1
2023-06-01,Philippines,Parañaque,2
2023-06-01,Philippines,Daraga,1
2023-06-11,Philippines,Davao City,10
2023-06-11,Philippines,Taguig,1
2023-06-11,Philippines,Santa Catalina,1
2023-10-30,Philippines,Tarlac City,1
2023-01-14,Philippines,Quezon City,1
2023-06-12,Philippines,Malolos City,2
2023-06-14,Philippines,Ormoc City,1
2023-06-15,Philippines,Davao City,9
2023-04-09,Philippines,Mandaue City,1
2023-04-09,Philippines,Tagbilaran City,1
2023-07-20,Philippines,Daraga,1
2023-05-07,Philippines,Biñan,1
2023-04-08,Philippines,San Juan,1
2023-01-24,Philippines,Olongapo City,1
2023-05-15,Philippines,Lapu-Lapu City,3
2023-05-29,Philippines,Manila City,13
2023-09-05,Philippines,Quezon City,2
2023-02-24,Philippines,Tacloban City,3
2023-02-24,Philippines,El Nido,1
2023-02-24,Philippines,Gerona,1
2023-07-21,Philippines,Lapu-Lapu City,14
2023-07-21,Philippines,Angeles City,1
2023-05-01,Philippines,Calamba City,1
2023-09-05,Philippines,Pasig City,1
2023-05-18,Philippines,Plaridel,1
2023-02-20,Philippines,Batangas City,1
2023-06-24,Philippines,Lapu-Lapu City,17
2023-05-17,Philippines,Mandaue City,15
2023-05-17,Philippines,Las Piñas,1
2023-07-31,Philippines,Santa Fe,2
2023-05-03,Philippines,Manila City,6
2023-06-07,Philippines,Parañaque,3
2023-06-07,Philippines,Kalibo,2
2023-03-23,Philippines,Santiago,1
2023-02-01,Philippines,Pasay City,3
2023-02-01,Philippines,Muntinlupa,1
2023-03-22,Philippines,Malay,1
2023-06-06,Philippines,Baguio City,2
2023-06-06,Philippines,Mabalacat,1
2023-02-15,Philippines,Santiago,1
2023-08-23,Philippines,Pasig City,1
2023-08-23,Philippines,Calamba City,1
2023-07-16,Philippines,Parañaque,2
2023-02-18,Philippines,Cagayan de Oro City,1
2023-07-15,Philippines,Urdaneta City,1
2023-03-24,Philippines,Cebu City,2
2023-07-24,Philippines,Iloilo City,2
2023-06-03,Philippines,Parañaque,3
2023-02-12,Philippines,Puerto Princesa City,2
2023-06-17,Philippines,Davao City,6
2023-08-30,Philippines,Currimao,1
2023-07-23,Philippines,Iloilo City,1
2023-06-02,Philippines,Las Piñas,1
2023-05-09,Philippines,Pasig City,3
2023-05-09,Philippines,Mabalacat,1
2023-10-20,Philippines,Cebu City,1
2023-07-12,Philippines,Makati City,12
2023-06-05,Philippines,Kalookan City,2
2023-06-05,Philippines,Cagayan de Oro City,2
2023-06-05,Philippines,Sipalay City,1
2023-02-14,Philippines,Cordoba,3
2023-02-28,Philippines,El Nido,2
2023-06-04,Philippines,Mandaluyong,1
2023-03-20,Philippines,Calamba City,2
2023-07-10,Philippines,Koronadal City,2
2023-08-31,Philippines,Cordoba,3
2023-08-01,Philippines,Parañaque,2
2023-09-22,Philippines,Roxas City,2
2023-05-31,Philippines,Lapu-Lapu City,6
2023-04-10,Philippines,Antipolo City,2
2023-04-24,Philippines,San Vicente,1
2023-11-10,Philippines,Makati City,13
2023-09-21,Philippines,Lapu-Lapu City,2
2023-03-17,Philippines,Manila City,1
2023-03-17,Philippines,Tagum City,1
2023-10-18,Philippines,Pasay City,1
2023-08-28,Philippines,Pasig City,3
2023-08-28,Philippines,Makati City,8
2023-03-02,Philippines,Parañaque,3
2023-03-02,Philippines,Lapu-Lapu City,14
2023-03-02,Philippines,Tuguegarao City,1
2023-04-23,Philippines,Mabalacat,1
2023-08-03,Philippines,Tacloban City,1
2023-03-05,Philippines,Tuguegarao City,1
2023-10-27,Philippines,Cordoba,1
2023-10-27,Philippines,Pasig City,2
2023-04-11,Philippines,Bacolod City,4
2023-04-11,Philippines,Silang,1
2023-04-11,Philippines,Santiago,1
2023-02-07,Philippines,Moalboal,1
2023-07-18,Philippines,Makati City,4
2023-11-20,Philippines,Makati City,23
2023-03-27,Philippines,Davao City,5
2023-07-17,Philippines,Mambajao,1
2023-03-12,Philippines,Taguig,1
2023-03-16,Philippines,San Juan,4
2023-10-25,Philippines,El Nido,1
2023-09-30,Philippines,Cebu City,3
2023-08-27,Philippines,Cebu City,6
2023-08-13,Philippines,Quezon City,2
2023-10-26,Philippines,Parañaque,2
2023-03-15,Philippines,Quezon City,6
2023-08-12,Philippines,Makati City,3
2023-08-12,Philippines,Angeles City,1
2023-03-01,Philippines,Taguig,1
2023-07-05,Philippines,Kalibo,1
2023-07-05,Philippines,Pasay City,17
2023-11-04,Philippines,Vigan City,1
2023-04-04,Philippines,Parañaque,2
2023-05-10,Philippines,Sigma,1
2023-05-10,Philippines,Cagayan de Oro City,1
2023-09-04,Philippines,San Juan,1
2023-09-18,Philippines,Bacolod City,2
2023-06-20,Philippines,Baguio City,1
2023-11-18,Philippines,Pasig City,1
2023-05-28,Philippines,Pasig City,1
2023-05-28,Philippines,Malolos City,1
2023-05-14,Philippines,Puerto Princesa City,1
2023-11-14,Philippines,San Juan,1
2023-04-15,Philippines,Asturias,1
2023-04-15,Philippines,El Nido,1
2023-03-08,Philippines,Kalibo,1
2023-09-11,Philippines,Pasay City,5
2023-05-20,Philippines,Tagaytay City,1
2023-03-07,Philippines,Makati City,16
2023-03-07,Philippines,Cebu City,9
2023-04-13,Philippines,Davao City,5
2023-09-28,Philippines,Oslob,1
2023-04-17,Philippines,Roxas City,1
2023-05-23,Philippines,Manila City,7
2023-04-03,Philippines,Tacloban City,3
2023-06-30,Philippines,Bacolod City,1
2023-10-05,Philippines,Parañaque,1
2023-06-13,Philippines,Lapu-Lapu City,22
2023-06-13,Philippines,Malay,3
2023-06-13,Philippines,Silang,1
2023-02-22,Philippines,Calamba City,1
2023-08-06,Philippines,Muntinlupa,1
2023-04-02,Philippines,Lapu-Lapu City,10
2023-05-05,Philippines,Malay,4
2023-02-21,Philippines,Makati City,21
2023-02-21,Philippines,Cagayan de Oro City,2
2023-06-11,Philippines,Tagaytay City,2
2023-06-11,Philippines,Mambajao,1
2023-07-22,Philippines,Quezon City,1
2023-06-29,Philippines,Calamba City,1
2023-01-02,Philippines,Subic,5
2023-06-12,Philippines,Cebu City,8
2023-06-14,Philippines,Quezon City,5
2023-04-09,Philippines,Lapu-Lapu City,8
2023-02-23,Philippines,Pasig City,1
2023-06-23,Philippines,Lapu-Lapu City,14
2023-11-09,Philippines,Calamba City,5
2023-01-24,Philippines,Pasig City,1
2023-09-09,Philippines,Panglao,1
2023-01-11,Philippines,Davao City,5
2023-09-05,Philippines,Manila City,1
2023-01-28,Philippines,Manila City,1
2023-05-04,Philippines,Makati City,12
2023-05-04,Philippines,Baguio City,3
2023-05-17,Philippines,Makati City,10
2023-07-31,Philippines,Parañaque,1
2023-02-17,Philippines,Parañaque,3
2023-02-17,Philippines,Mandaue City,3
2023-04-30,Philippines,Urdaneta City,1
2023-07-28,Philippines,Iloilo City,1
2023-02-16,Philippines,Parañaque,5
2023-02-16,Philippines,Makilala,1
2023-03-22,Philippines,Bacolod City,1
2023-06-06,Philippines,Kalookan City,1
2023-06-06,Philippines,Tagaytay City,1
2023-02-15,Philippines,Tarlac City,1
2023-07-02,Philippines,Dumaguete City,1
2023-03-26,Philippines,Makati City,15
2023-02-19,Philippines,Makati City,13
2023-07-16,Philippines,Puerto Princesa City,6
2023-03-10,Philippines,Plaridel,1
2023-03-24,Philippines,Davao City,8
2023-02-27,Philippines,Pasay City,7
2023-07-24,Philippines,Tagaytay City,1
2023-06-03,Philippines,Panglao,1
2023-06-03,Philippines,Plaridel,1
2023-02-12,Philippines,Makati City,7
2023-06-17,Philippines,Mambajao,1
2023-08-30,Philippines,Pasay City,1
2023-06-02,Philippines,Pasay City,16
2023-06-16,Philippines,Antipolo City,1
2023-06-16,Philippines,Iloilo City,2
2023-06-16,Philippines,Olongapo City,2
2023-05-09,Philippines,Las Piñas,1
2023-02-11,Philippines,Puerto Princesa City,1
2023-02-11,Philippines,Pasig City,2
2023-10-20,Philippines,Makati City,2
2023-06-19,Philippines,Subic,2
2023-10-31,Philippines,Cordoba,1
2023-10-31,Philippines,Bacolod City,2
2023-03-21,Philippines,Subic,2
2023-03-21,Philippines,Plaridel,1
2023-02-14,Philippines,Tagum City,1
2023-02-28,Philippines,Lapu-Lapu City,8
2023-02-28,Philippines,Olongapo City,1
2023-06-04,Philippines,Makati City,10
2023-06-18,Philippines,Cebu City,7
2023-06-18,Philippines,Moalboal,1
2023-06-18,Philippines,Tagaytay City,3
2023-07-10,Philippines,Urdaneta City,1
2023-07-25,Philippines,Angeles City,1
2023-03-04,Philippines,Naga City,1
2023-08-15,Philippines,Lapu-Lapu City,23
2023-05-31,Philippines,Makati City,16
2023-03-03,Philippines,Mandaue City,1
2023-07-08,Philippines,Silang,3
2023-04-10,Philippines,Lapu-Lapu City,12
2023-04-24,Philippines,Malolos City,2
2023-09-21,Philippines,San Juan,2
2023-09-21,Philippines,Davao City,2
2023-03-17,Philippines,Mandaue City,1
2023-05-30,Philippines,Baguio City,2
2023-05-30,Philippines,Makati City,17
2023-07-07,Philippines,Manila City,6
2023-07-07,Philippines,Legazpi City,1
2023-08-14,Philippines,Cordoba,1
2023-04-27,Philippines,Manila City,7
2023-03-06,Philippines,Quezon City,2
2023-09-24,Philippines,Makati City,4
2023-04-26,Philippines,Makati City,9
2023-08-16,Philippines,Tarlac City,1
2023-04-11,Philippines,Sigma,1
2023-04-11,Philippines,Plaridel,1
2023-03-28,Philippines,Pasay City,1
2023-03-27,Philippines,Roxas City,1
2023-03-13,Philippines,San Juan,2
2023-07-03,Philippines,Malay,1
2023-07-17,Philippines,Tagaytay City,5
2023-10-25,Philippines,Pasay City,4
2023-09-20,Philippines,Makati City,10
2023-09-20,Philippines,Santa Rosa City,1
2023-07-06,Philippines,Makati City,16
2023-08-13,Philippines,Pasig City,2
2023-03-29,Philippines,Puerto Princesa City,2
2023-03-14,Philippines,Lapu-Lapu City,8
2023-04-05,Philippines,Tagaytay City,1
2023-05-11,Philippines,Cebu City,10
2023-05-25,Philippines,San Juan,2
2023-04-04,Philippines,Bacolod City,1
2023-05-10,Philippines,Davao City,4
2023-04-07,Philippines,Quezon City,3
2023-04-07,Philippines,Mandaue City,2
2023-11-02,Philippines,Pasig City,3
2023-05-28,Philippines,Tagbilaran City,2
2023-09-04,Philippines,Pasig City,5
2023-11-03,Philippines,Quezon City,1
2023-11-17,Philippines,Pasig City,1
2023-06-20,Philippines,Pasay City,15
2023-05-28,Philippines,Legazpi City,1
2023-05-14,Philippines,Pandi,1
2023-05-14,Philippines,Quezon City,9
2023-05-14,Philippines,Iloilo City,5
2023-05-27,Philippines,Lapu-Lapu City,18
2023-05-12,Philippines,Tarlac City,2
2023-04-06,Philippines,Tagbilaran City,2
2023-04-06,Philippines,Quezon City,7
2023-04-06,Philippines,Tagaytay City,1
2023-04-14,Philippines,Antipolo City,1
2023-04-29,Philippines,Lapu-Lapu City,16
2023-09-12,Philippines,Bacolod City,2
2023-03-07,Philippines,Iloilo City,5
2023-03-07,Philippines,Kalibo,1
2023-04-13,Philippines,Calamba City,1
2023-04-13,Philippines,Urdaneta City,1
2023-10-09,Philippines,El Nido,1
2023-05-24,Philippines,Taguig,1
2023-04-16,Philippines,Gerona,1
2023-04-03,Philippines,Olongapo City,1
2023-06-30,Philippines,Kalookan City,6
2023-06-13,Philippines,Malolos City,1
2023-06-13,Philippines,Santa Lucia,1
2023-06-13,Philippines,Biñan,1
2023-11-12,Philippines,Makati City,3
2023-01-01,Philippines,Manila City,1
2023-02-22,Philippines,Pasay City,3
2023-06-27,Philippines,Kalookan City,1
2023-06-27,Philippines,Davao City,3
2023-01-18,Philippines,Manila City,1
2023-06-11,Philippines,San Juan,1
2023-02-10,Philippines,Pasay City,8
2023-01-29,Philippines,Makati City,8
2023-05-05,Philippines,Las Piñas,1
2023-06-29,Philippines,Manila City,6
2023-01-14,Philippines,Malay,1
2023-01-17,Philippines,Makati City,6
2023-06-14,Philippines,Iloilo City,1
2023-06-14,Philippines,Mandaluyong,1
2023-06-15,Philippines,Pasig City,1
2023-07-20,Philippines,Iloilo City,2
2023-03-30,Philippines,Panglao,1
2023-02-23,Philippines,Urdaneta City,1
2023-01-24,Philippines,Puerto Princesa City,4
2023-05-29,Philippines,Iba,1
2023-07-21,Philippines,Pasay City,14
2023-05-01,Philippines,Vigan City,1
2023-05-01,Philippines,Baler,1
2023-05-18,Philippines,Pasay City,19
2023-06-22,Philippines,Butuan City,3
2023-06-22,Philippines,Gerona,1
2023-11-07,Philippines,Manila City,2
2023-06-21,Philippines,Pasig City,2
2023-06-24,Philippines,Mandaue City,2
2023-01-27,Philippines,Quezon City,5
2023-06-10,Philippines,San Fernando City,1
2023-09-07,Philippines,Manila City,2
2023-07-30,Philippines,Parañaque,1
2023-11-08,Philippines,Baguio City,1
2023-02-17,Philippines,Pasig City,1
2023-02-17,Philippines,Gerona,3
2023-07-14,Philippines,Quezon City,3
2023-07-14,Philippines,Pasig City,2
2023-06-07,Philippines,Tagbilaran City,1
2023-06-07,Philippines,Quezon City,1
2023-06-07,Philippines,Kalookan City,2
2023-02-16,Philippines,Calamba City,1
2023-03-22,Philippines,Panglao,1
2023-06-06,Philippines,Bacolod City,5
2023-07-27,Philippines,Sorsogon City,1
2023-03-26,Philippines,Parañaque,1
2023-03-11,Philippines,Koronadal City,1
2023-03-11,Philippines,Angeles City,1
2023-07-16,Philippines,Mandaue City,1
2023-07-16,Philippines,Mandaluyong,1
2023-03-25,Philippines,Oslob,1
2023-08-22,Philippines,Lapu-Lapu City,15
2023-02-18,Philippines,Puerto Princesa City,2
2023-02-18,Philippines,Parañaque,3
2023-02-18,Philippines,Pasig City,1
2023-03-10,Philippines,Daanbantayan,1
2023-06-08,Philippines,Calamba City,1
2023-06-08,Philippines,Lapu-Lapu City,17
2023-06-03,Philippines,Makati City,11
2023-06-03,Philippines,Vigan City,1
2023-02-12,Philippines,Quezon City,2
2023-02-12,Philippines,Pagudpud,1
2023-06-17,Philippines,Cagayan de Oro City,1
2023-02-26,Philippines,Legazpi City,1
2023-08-30,Philippines,Lapu-Lapu City,8
2023-06-02,Philippines,Mandaue City,3
2023-06-16,Philippines,General Santos City,2
2023-05-09,Philippines,Panglao,1
2023-02-25,Philippines,Legazpi City,3
2023-02-25,Philippines,Parañaque,2
2023-07-12,Philippines,Urdaneta City,1
2023-06-19,Philippines,Kalibo,2
2023-02-28,Philippines,Masbate City,1
2023-01-07,Philippines,Makati City,4
2023-07-11,Philippines,Makati City,11
2023-07-25,Philippines,Puerto Princesa City,2
2023-02-13,Philippines,San Vicente,1
2023-09-22,Philippines,Parañaque,1
2023-03-04,Philippines,Puerto Princesa City,6
2023-03-18,Philippines,Quezon City,2
2023-03-03,Philippines,Pasay City,7
2023-03-03,Philippines,Iloilo City,1
2023-10-04,Philippines,Pasig City,1
2023-07-07,Philippines,Tagaytay City,2
2023-09-10,Philippines,Mandaue City,3
2023-10-19,Philippines,Lapu-Lapu City,1
2023-04-23,Philippines,Makati City,6
2023-03-06,Philippines,Panglao,1
2023-03-06,Philippines,Daraga,1
2023-10-01,Philippines,San Juan,2
2023-10-16,Philippines,Tagaytay City,1
2023-04-12,Philippines,Cordoba,2
2023-03-19,Philippines,San Juan,1
2023-03-19,Philippines,Makati City,16
2023-04-26,Philippines,Oslob,1
2023-09-23,Philippines,Iloilo City,1
2023-04-11,Philippines,Tacloban City,4
2023-02-07,Philippines,Mabalacat,1
2023-08-11,Philippines,Pasay City,7
2023-07-04,Philippines,Kalibo,1
2023-04-20,Philippines,General Santos City,1
2023-07-18,Philippines,El Nido,1
2023-03-27,Philippines,Lapu-Lapu City,18
2023-07-03,Philippines,Las Piñas,1
2023-07-03,Philippines,Pasay City,11
2023-07-03,Philippines,Daraga,1
2023-10-14,Philippines,Antipolo City,1
2023-07-17,Philippines,Santa Fe,3
2023-03-12,Philippines,Pasay City,3
2023-10-11,Philippines,Quezon City,1
2023-02-09,Philippines,Puerto Princesa City,1
2023-08-13,Philippines,Makati City,8
2023-08-12,Philippines,Mandaue City,1
2023-04-22,Philippines,San Juan,1
2023-03-29,Philippines,Bacolod City,1
2023-04-21,Philippines,Kalibo,1
2023-07-19,Philippines,Bacolod City,2
2023-07-05,Philippines,Calamba City,2
2023-04-05,Philippines,Tacloban City,1
2023-04-05,Philippines,San Francisco,1
2023-08-09,Philippines,Cebu City,3
2023-05-26,Philippines,Cebu City,10
2023-05-11,Philippines,Tagaytay City,4
2023-04-18,Philippines,Quezon City,6
2023-04-18,Philippines,Tarlac City,1
2023-11-05,Philippines,Parañaque,1
2023-04-07,Philippines,Tarlac City,2
2023-05-28,Philippines,Tacloban City,1
2023-05-14,Philippines,General Santos City,1
2023-09-19,Philippines,Cordoba,1
2023-05-27,Philippines,Quezon City,6
2023-05-12,Philippines,Bacolod City,4
2023-09-17,Philippines,San Juan,1
2023-03-08,Philippines,Malay,1
2023-03-08,Philippines,Quezon City,1
2023-09-26,Philippines,Cebu City,3
2023-05-21,Philippines,Makati City,14
2023-11-01,Philippines,Vigan City,1
2023-05-12,Philippines,Mandaluyong,2
2023-04-14,Philippines,Davao City,6
2023-08-05,Philippines,Cordoba,2
2023-04-28,Philippines,Vigan City,1
2023-09-12,Philippines,Panglao,1
2023-04-13,Philippines,Lapu-Lapu City,13
2023-04-13,Philippines,Gerona,1
2023-10-06,Philippines,Santa Rosa City,3
2023-04-17,Philippines,Pasay City,9
2023-05-24,Philippines,Mandaluyong,1
2023-04-16,Philippines,Cebu City,3
2023-04-03,Philippines,Bacolod City,4
2023-04-03,Philippines,Daraga,1
2023-06-30,Philippines,Pasay City,5
2023-06-13,Philippines,Iloilo City,3
2023-06-13,Philippines,Antipolo City,2
2023-06-13,Philippines,Cagayan de Oro City,3
2023-03-09,Philippines,Quezon City,5
2023-03-09,Philippines,Iloilo City,3
2023-08-06,Philippines,Manila City,1
2023-06-27,Philippines,Quezon City,1
2023-06-26,Philippines,Parañaque,2
2023-02-21,Philippines,Plaridel,1
2023-05-08,Philippines,Manila City,9
2023-01-17,Philippines,Tacloban City,1
2023-06-15,Philippines,Vigan City,3
2023-06-15,Philippines,Quezon City,4
2023-07-20,Philippines,Mabalacat,1
2023-05-07,Philippines,Davao City,1
2023-06-23,Philippines,Plaridel,1
2023-04-08,Philippines,Makati City,13
2023-04-08,Philippines,Cebu City,2
2023-04-08,Philippines,Iloilo City,1
2023-05-15,Philippines,Puerto Princesa City,2
2023-01-10,Philippines,Makati City,8
2023-05-16,Philippines,Cebu City,7
2023-05-29,Philippines,Moalboal,1
2023-09-05,Philippines,Parañaque,1
2023-05-18,Philippines,Baler,1
2023-06-22,Philippines,Tagaytay City,1
2023-11-07,Philippines,Panglao,2
2023-06-21,Philippines,Calamba City,1
2023-11-06,Philippines,Makati City,14
2023-06-24,Philippines,Ormoc City,1
2023-01-27,Philippines,Manila City,1
2023-05-17,Philippines,Moalboal,2
2023-05-03,Philippines,San Juan,1
2023-08-21,Philippines,Pasig City,8
2023-06-07,Philippines,Tagaytay City,3
2023-03-23,Philippines,Makati City,11
2023-03-23,Philippines,Cordoba,1
2023-02-16,Philippines,Tagaytay City,1
2023-06-06,Philippines,Parañaque,4
2023-02-15,Philippines,Pasig City,5
2023-10-10,Philippines,Davao City,2
2023-02-05,Philippines,Calamba City,2
2023-02-05,Philippines,Tagum City,2
2023-03-26,Philippines,Biñan,1
2023-03-25,Philippines,Manila City,2
2023-06-09,Philippines,Sigma,1
2023-07-15,Philippines,Lapu-Lapu City,11
2023-07-15,Philippines,San Juan,1
2023-02-18,Philippines,Panglao,1
2023-07-29,Philippines,Davao City,1
2023-03-10,Philippines,San Francisco,2
2023-03-24,Philippines,Lapu-Lapu City,16
2023-02-27,Philippines,Davao City,5
2023-06-03,Philippines,Daraga,1
2023-06-03,Philippines,Silang,1
2023-02-12,Philippines,Pasig City,2
2023-06-17,Philippines,Lapu-Lapu City,17
2023-06-17,Philippines,Ormoc City,1
2023-06-17,Philippines,Daraga,2
2023-02-26,Philippines,Tagum City,1
2023-02-26,Philippines,Pagudpud,1
2023-02-11,Philippines,San Juan,3
2023-07-12,Philippines,Puerto Princesa City,2
2023-06-19,Philippines,Tagaytay City,2
2023-03-21,Philippines,Makati City,11
2023-06-04,Philippines,El Nido,1
2023-07-11,Philippines,Pasay City,15
2023-07-11,Philippines,Olongapo City,1
2023-03-20,Philippines,Malay,2
2023-06-18,Philippines,Calamba City,1
2023-06-18,Philippines,Kalookan City,1
2023-02-13,Philippines,Mandaue City,1
2023-08-31,Philippines,Manila City,2
2023-03-18,Philippines,Moalboal,1
2023-03-18,Philippines,Malay,1
2023-08-15,Philippines,San Juan,2
2023-05-31,Philippines,Cebu City,10
2023-09-21,Philippines,Oslob,1
2023-09-21,Philippines,Tarlac City,1
2023-03-17,Philippines,Tagaytay City,1
2023-03-17,Philippines,Subic,1
2023-07-07,Philippines,Santa Catalina,1
2023-03-02,Philippines,Pasay City,2
2023-11-11,Philippines,Baguio City,1
2023-08-03,Philippines,Manila City,4
2023-09-24,Philippines,Quezon City,1
2023-04-12,Philippines,Pagudpud,1
2023-03-19,Philippines,Quezon City,2
2023-09-23,Philippines,Pasay City,3
2023-07-09,Philippines,Angeles City,1
2023-10-27,Philippines,Parañaque,1
2023-04-11,Philippines,Tagaytay City,1
2023-10-13,Philippines,Pasig City,4
2023-08-11,Philippines,Cebu City,3
2023-08-11,Philippines,Lapu-Lapu City,28
2023-08-25,Philippines,Bacolod City,1
2023-04-20,Philippines,San Fernando City,1
2023-03-27,Philippines,Mabalacat,1
2023-02-06,Philippines,Cebu City,2
2023-08-10,Philippines,Cordoba,1
2023-03-13,Philippines,Davao City,3
2023-10-28,Philippines,Makati City,4
2023-11-21,Philippines,Makati City,18
2023-09-20,Philippines,Roxas City,1
2023-10-11,Philippines,Calamba City,1
2023-03-01,Philippines,Makati City,30
2023-10-26,Philippines,Panglao,1
2023-07-06,Philippines,Davao City,5
2023-04-22,Philippines,Pasay City,18
2023-04-22,Philippines,Tarlac City,1
2023-10-12,Philippines,Mandaue City,2
2023-07-19,Philippines,Tagaytay City,2
2023-07-05,Philippines,Tagbilaran City,2
2023-04-19,Philippines,Urdaneta City,1
2023-05-11,Philippines,Lapu-Lapu City,5
2023-05-25,Philippines,Cordoba,1
2023-04-18,Philippines,El Nido,1
2023-04-18,Philippines,Culasi,1
2023-09-29,Philippines,Cebu City,3
2023-04-07,Philippines,San Juan,4
2023-08-08,Philippines,Lapu-Lapu City,22
2023-11-02,Philippines,Mandaue City,1
2023-11-02,Philippines,Dapitan City,2
2023-11-17,Philippines,Panglao,1
2023-06-20,Philippines,Calamba City,1
2023-11-18,Philippines,Cordoba,1
2023-05-13,Philippines,Makati City,13
2023-09-03,Philippines,Panglao,1
2023-11-14,Philippines,Malolos City,1
2023-05-21,Philippines,Iloilo City,1
2023-08-05,Philippines,Malay,1
2023-01-31,Philippines,Bacolod City,1
2023-03-07,Philippines,Quezon City,1
2023-08-18,Philippines,Parañaque,2
2023-04-13,Philippines,Manila City,11
2023-11-13,Philippines,Pasay City,2
2023-04-17,Philippines,Puerto Princesa City,1
2023-04-17,Philippines,Mandaluyong,1
2023-05-24,Philippines,Mandaue City,18
2023-05-24,Philippines,Antipolo City,1
2023-04-16,Philippines,Jordan,1
2023-11-01,Philippines,Cebu City,2
2023-05-23,Philippines,Bacolod City,5
2023-01-30,Philippines,Baguio City,3
2023-04-03,Philippines,Pasig City,2
2023-09-27,Philippines,Cebu City,4
2023-05-22,Philippines,Tuguegarao City,2
2023-01-01,Philippines,Daanbantayan,1
2023-02-22,Philippines,Quezon City,10
2023-05-22,Philippines,Moalboal,1
2023-05-22,Philippines,Plaridel,1
2023-04-02,Philippines,Mandaue City,1
2023-06-26,Philippines,Plaridel,2
2023-01-18,Philippines,Oslob,1
2023-06-11,Philippines,Calamba City,1
2023-06-11,Philippines,Puerto Princesa City,3
2023-06-11,Philippines,Bacolod City,5
2023-06-11,Philippines,El Nido,1
2023-01-29,Philippines,Quezon City,3
2023-05-05,Philippines,Calamba City,1
2023-05-19,Philippines,Makati City,10
2023-02-10,Philippines,Davao City,2
2023-05-19,Philippines,Puerto Princesa City,3
2023-05-08,Philippines,Taguig,2
2023-01-14,Philippines,Makati City,4
2023-01-14,Philippines,Puerto Princesa City,2
2023-06-12,Philippines,Dagupan City,1
2023-06-12,Philippines,Calamba City,1
2023-06-15,Philippines,Lapu-Lapu City,16
2023-04-09,Philippines,Malolos City,1
2023-05-02,Philippines,Mabalacat,1
2023-07-20,Philippines,Tagaytay City,1
2023-01-24,Philippines,San Juan,2
2023-05-15,Philippines,Davao City,2
2023-09-09,Philippines,Parañaque,1
2023-01-10,Philippines,San Juan,4
2023-09-06,Philippines,Mandaluyong,1
2023-07-21,Philippines,Davao City,4
2023-07-21,Philippines,Quezon City,3
2023-01-13,Philippines,Puerto Princesa City,1
2023-01-28,Philippines,Parañaque,1
2023-06-22,Philippines,Quezon City,6
2023-06-22,Philippines,Tagbilaran City,1
2023-06-22,Philippines,Subic,1
2023-11-07,Philippines,Cordoba,2
2023-06-21,Philippines,El Nido,3
2023-11-06,Philippines,Los Baños,1
2023-06-10,Philippines,Malay,1
2023-06-10,Philippines,Legazpi City,1
2023-06-10,Philippines,Daraga,1
2023-09-08,Philippines,Pasay City,15
2023-09-08,Philippines,El Nido,1
2023-07-31,Philippines,Muntinlupa,1
2023-09-07,Philippines,Bacolod City,2
2023-11-08,Philippines,Manila City,1
2023-08-21,Philippines,Lapu-Lapu City,20
2023-07-14,Philippines,Ibaan,1
2023-10-23,Philippines,Mandaue City,1
2023-06-07,Philippines,San Juan,1
2023-08-20,Philippines,Lapu-Lapu City,19
2023-07-13,Philippines,Moalboal,3
2023-02-01,Philippines,Parañaque,2
2023-07-27,Philippines,Manila City,4
2023-02-15,Philippines,Cebu City,4
2023-02-15,Philippines,Parañaque,2
2023-03-26,Philippines,Tarlac City,1
2023-07-16,Philippines,Lapu-Lapu City,22
2023-10-21,Philippines,Pasay City,1
2023-08-22,Philippines,Quezon City,1
2023-08-22,Philippines,San Juan,1
2023-07-01,Philippines,Cebu City,2
2023-07-01,Philippines,Bacolod City,1
2023-06-08,Philippines,Tagaytay City,2
2023-03-24,Philippines,Parañaque,1
2023-02-27,Philippines,Santa Rosa City,2
2023-06-03,Philippines,Olongapo City,2
2023-06-03,Philippines,San Juan,1
2023-02-12,Philippines,Legazpi City,1
2023-06-17,Philippines,San Juan,1
2023-06-17,Philippines,Subic,2
2023-08-30,Philippines,Parañaque,1
2023-06-02,Philippines,Manila City,1
2023-05-09,Philippines,Manila City,12
2023-02-25,Philippines,Pasig City,2
2023-07-12,Philippines,Tagum City,1
2023-06-19,Philippines,San Juan,1
2023-02-28,Philippines,Tuguegarao City,1
2023-01-07,Philippines,Pasay City,4
2023-07-11,Philippines,Mandaue City,3
2023-07-11,Philippines,Davao City,13
2023-06-18,Philippines,Pasay City,10
2023-06-18,Philippines,Silang,1
2023-07-10,Philippines,Vigan City,1
2023-07-25,Philippines,San Juan,1
2023-07-25,Philippines,Malay,1
2023-09-22,Philippines,Mandaue City,1
2023-08-29,Philippines,Davao City,4
2023-05-31,Philippines,Pasay City,10
2023-05-31,Philippines,Iloilo City,1
2023-07-08,Philippines,Parañaque,2
2023-04-24,Philippines,San Juan,1
2023-05-30,Philippines,Bacolod City,5
2023-07-07,Philippines,Cordoba,1
2023-08-14,Philippines,Pasig City,3
2023-03-02,Philippines,Quezon City,1
2023-03-02,Philippines,Baguio City,3
2023-09-10,Philippines,Santa Fe,1
2023-04-23,Philippines,Pasay City,3
2023-04-27,Philippines,Pasay City,14
2023-08-03,Philippines,Mandaue City,1
2023-08-03,Philippines,Quezon City,6
2023-03-19,Philippines,Davao City,5
2023-09-23,Philippines,Cebu City,1
2023-07-09,Philippines,Moalboal,1
2023-10-13,Philippines,Angeles City,1
2023-07-04,Philippines,Calamba City,2
2023-07-04,Philippines,Talisay City,1
2023-08-25,Philippines,Manila City,3
2023-04-20,Philippines,Las Piñas,1
2023-03-28,Philippines,El Nido,1
2023-03-28,Philippines,Bacolod City,1
2023-03-28,Philippines,Panglao,1
2023-04-20,Philippines,Pasay City,9
2023-11-20,Philippines,Dapitan City,2
2023-02-06,Philippines,Naga City,1
2023-08-10,Philippines,Cebu City,6
2023-10-14,Philippines,Davao City,1
2023-08-24,Philippines,Cebu City,12
2023-03-16,Philippines,Tagum City,1
2023-10-25,Philippines,Pasig City,4
2023-09-30,Philippines,Manila City,4
2023-10-11,Philippines,Pasig City,1
2023-02-09,Philippines,Quezon City,2
2023-08-27,Philippines,Manila City,1
2023-07-06,Philippines,Cordoba,3
2023-07-06,Philippines,San Juan,1
2023-04-22,Philippines,Manila City,13
2023-07-05,Philippines,Cagayan de Oro City,4
2023-03-14,Philippines,General Santos City,1
2023-11-04,Philippines,San Juan,1
2023-11-04,Philippines,Makati City,4
2023-09-02,Philippines,Los Baños,1
2023-04-19,Philippines,Dasmariñas,1
2023-08-09,Philippines,Oslob,1
2023-05-11,Philippines,Vigan City,2
2023-04-18,Philippines,Kalibo,1
2023-04-07,Philippines,Tagaytay City,3
2023-11-03,Philippines,Parañaque,1
2023-09-18,Philippines,Makati City,5
2023-01-23,Philippines,Pasay City,2
2023-05-13,Philippines,Iloilo City,2
2023-09-03,Philippines,Malay,1
2023-04-15,Philippines,Quezon City,4
2023-03-08,Philippines,San Juan,1
2023-03-08,Philippines,Tagum City,1
2023-05-21,Philippines,Malay,1
2023-08-19,Philippines,Pasig City,8
2023-04-14,Philippines,Gerona,1
2023-09-11,Philippines,Cebu City,6
2023-09-11,Philippines,Lapu-Lapu City,5
2023-05-20,Philippines,Bacolod City,2
2023-09-25,Philippines,Bacolod City,1
2023-10-09,Philippines,Pasay City,3
2023-04-17,Philippines,Baguio City,1
2023-05-24,Philippines,Oslob,1
2023-01-30,Philippines,Davao City,4
2023-01-30,Philippines,Lapu-Lapu City,4
2023-04-03,Philippines,Pasay City,6
2023-04-03,Philippines,Hinoba-An,1
2023-10-05,Philippines,Makati City,3
2023-06-13,Philippines,Zamboanga City,1
2023-08-06,Philippines,Makati City,7
2023-04-01,Philippines,Davao City,1
2023-05-22,Philippines,Bangui,1
2023-06-01,Philippines,Makati City,14
2023-02-10,Philippines,Makati City,8
2023-10-30,Philippines,Quezon City,1
2023-01-29,Philippines,Lapu-Lapu City,4
2023-07-22,Philippines,Makati City,3
2023-05-19,Philippines,Moalboal,1
2023-01-14,Philippines,Panglao,1
2023-06-14,Philippines,Makati City,18
2023-06-14,Philippines,San Juan,2
2023-06-14,Philippines,Batangas City,1
2023-06-15,Philippines,Daraga,1
2023-06-15,Philippines,Cagayan de Oro City,2
2023-02-21,Philippines,Baguio City,2
2023-04-09,Philippines,Puerto Princesa City,1
2023-05-07,Philippines,Oslob,1
2023-02-23,Philippines,Puerto Princesa City,6
2023-02-23,Philippines,Roxas City,1
2023-02-23,Philippines,Davao City,3
2023-01-24,Philippines,Bacolod City,2
2023-09-09,Philippines,Muntinlupa,2
2023-01-10,Philippines,Davao City,4
2023-05-16,Philippines,Makati City,8
2023-09-06,Philippines,Mandaue City,1
2023-02-24,Philippines,Moalboal,1
2023-05-01,Philippines,Panglao,1
2023-01-13,Philippines,Manila City,1
2023-05-18,Philippines,Lapu-Lapu City,12
2023-06-22,Philippines,Parañaque,5
2023-06-22,Philippines,Baguio City,1
2023-05-04,Philippines,Malay,1
2023-06-24,Philippines,Makilala,1
2023-06-10,Philippines,Mandaue City,1
2023-07-31,Philippines,Panglao,1
2023-07-31,Philippines,Iloilo City,2
2023-03-23,Philippines,Manila City,2
2023-02-16,Philippines,Pasig City,3
2023-07-13,Philippines,Puerto Princesa City,6
2023-07-13,Philippines,Makilala,1
2023-03-22,Philippines,San Juan,6
2023-06-06,Philippines,Daraga,1
2023-07-27,Philippines,Bacolod City,2
2023-02-15,Philippines,El Nido,1
2023-10-10,Philippines,Pasig City,3
2023-03-26,Philippines,San Francisco,1
2023-03-11,Philippines,Manila City,6
2023-02-19,Philippines,Puerto Princesa City,4
2023-02-04,Philippines,Makati City,11
2023-07-15,Philippines,Makilala,1
2023-02-27,Philippines,Lapu-Lapu City,13
2023-02-12,Philippines,Pasay City,5
2023-08-30,Philippines,Manila City,2
2023-01-19,Philippines,San Juan,4
2023-06-02,Philippines,Tagaytay City,3
2023-02-25,Philippines,Makati City,13
2023-05-09,Philippines,Quezon City,8
2023-02-25,Philippines,Bangui,1
2023-02-25,Philippines,Cagayan de Oro City,2
2023-06-05,Philippines,Roxas City,1
2023-07-12,Philippines,Biñan,1
2023-02-14,Philippines,Iloilo City,1
2023-02-14,Philippines,Baguio City,1
2023-06-04,Philippines,Bacolod City,3
2023-03-20,Philippines,Makati City,7
2023-03-20,Philippines,Baguio City,2
2023-02-13,Philippines,Pasay City,7
2023-02-13,Philippines,Cebu City,4
2023-02-13,Philippines,Puerto Princesa City,1
2023-04-25,Philippines,Mabalacat,1
2023-10-17,Philippines,Makati City,2
2023-09-22,Philippines,Davao City,1
2023-03-18,Philippines,Makati City,8
2023-08-29,Philippines,Lapu-Lapu City,15
2023-04-24,Philippines,Makati City,5
2023-11-10,Philippines,Cebu City,1
2023-09-21,Philippines,Cebu City,6
2023-03-17,Philippines,Iloilo City,2
2023-08-14,Philippines,San Juan,2
2023-09-10,Philippines,Malay,1
2023-11-11,Philippines,Dapitan City,1
2023-08-17,Philippines,Manila City,1
2023-03-05,Philippines,Manila City,1
2023-03-05,Philippines,Quezon City,6
2023-04-12,Philippines,Iloilo City,1
2023-03-19,Philippines,Subic,4
2023-10-02,Philippines,Makati City,9
2023-08-16,Philippines,Pasay City,2
2023-08-16,Philippines,Lapu-Lapu City,22
2023-10-13,Philippines,Makati City,3
2023-08-11,Philippines,Vigan City,1
2023-04-20,Philippines,Roxas City,1
2023-03-28,Philippines,Moalboal,1
2023-04-20,Philippines,Tarlac City,4
2023-02-06,Philippines,Lapu-Lapu City,2
2023-08-10,Philippines,Manila City,1
2023-03-16,Philippines,Makati City,10
2023-09-20,Philippines,Vigan City,3
2023-10-11,Philippines,Pasay City,3
2023-03-01,Philippines,Urdaneta City,1
2023-07-06,Philippines,Biñan,1
2023-03-15,Philippines,Pasig City,1
2023-03-15,Philippines,Baler,1
2023-08-26,Philippines,Angeles City,1
2023-10-12,Philippines,El Nido,1
2023-10-12,Philippines,Makati City,8
2023-07-19,Philippines,Davao City,8
2023-07-05,Philippines,Parañaque,6
2023-03-14,Philippines,Subic,1
2023-04-05,Philippines,Cebu City,6
2023-04-05,Philippines,Quezon City,5
2023-04-05,Philippines,San Jose City,1
2023-04-19,Philippines,Davao City,4
2023-05-26,Philippines,Kalibo,1
2023-05-26,Philippines,Iloilo City,1
2023-05-25,Philippines,Antipolo City,1
2023-04-04,Philippines,Mabalacat,1
2023-04-18,Philippines,Makati City,10
2023-08-08,Philippines,Davao City,2
2023-11-02,Philippines,Vigan City,1
2023-05-28,Philippines,Mandaue City,2
2023-09-04,Philippines,Mandaue City,4
2023-09-04,Philippines,Parañaque,3
2023-06-20,Philippines,Makilala,1
2023-09-17,Philippines,Lapu-Lapu City,2
2023-05-27,Philippines,Cebu City,4
2023-04-15,Philippines,Parañaque,11
2023-04-15,Philippines,Santiago,2
2023-04-06,Philippines,Puerto Princesa City,2
2023-05-20,Philippines,Malay,1
2023-09-12,Philippines,Tarlac City,2
2023-04-13,Philippines,Pagudpud,1
2023-04-13,Philippines,Koronadal City,1
2023-04-13,Philippines,Bacolod City,6
2023-05-23,Philippines,Las Piñas,2
2023-09-27,Philippines,San Juan,1
2023-09-27,Philippines,Santa Rosa City,1
2023-06-13,Philippines,Kalibo,1
2023-02-22,Philippines,Tuguegarao City,1
2023-08-06,Philippines,San Juan,1
2023-08-06,Philippines,Quezon City,1
2023-04-02,Philippines,Makati City,12
2023-04-02,Philippines,Davao City,1
2023-04-02,Philippines,Puerto Princesa City,3
2023-04-02,Philippines,San Francisco,1
2023-05-05,Philippines,Pasay City,17
2023-06-01,Philippines,Manila City,3
2023-06-01,Philippines,Olongapo City,1
2023-06-11,Philippines,Iloilo City,3
2023-06-11,Philippines,Dasmariñas,1
2023-07-22,Philippines,Puerto Princesa City,1
2023-03-31,Philippines,Malay,2
2023-03-31,Philippines,Bacolod City,1
2023-06-12,Philippines,Tagbilaran City,1
2023-06-12,Philippines,Bangui,1
2023-06-12,Philippines,Cagayan de Oro City,1
2023-06-14,Philippines,Vigan City,1
2023-06-15,Philippines,Makilala,1
2023-06-28,Philippines,Calamba City,3
2023-07-20,Philippines,Roxas City,1
2023-02-23,Philippines,San Juan,6
2023-02-23,Philippines,Oslob,1
2023-02-23,Philippines,Taguig,2
2023-05-15,Philippines,Iloilo City,1
2023-09-09,Philippines,Quezon City,1
2023-05-16,Philippines,Pasay City,12
2023-05-16,Philippines,Davao City,2
2023-05-29,Philippines,Lapu-Lapu City,14
2023-09-06,Philippines,Cebu City,3
2023-09-06,Philippines,Lapu-Lapu City,5
2023-02-24,Philippines,Mandaue City,1
2023-01-28,Philippines,Makati City,12
2023-06-22,Philippines,Lapu-Lapu City,20
2023-02-20,Philippines,Quezon City,4
2023-02-20,Philippines,Legazpi City,1
2023-06-21,Philippines,Santa Fe,1
2023-06-21,Philippines,Tagaytay City,2
2023-11-06,Philippines,Panglao,1
2023-11-06,Philippines,Parañaque,1
2023-06-24,Philippines,Davao City,5
2023-06-10,Philippines,Taguig,3
2023-01-12,Philippines,Puerto Princesa City,2
2023-01-26,Philippines,Manila City,1
2023-05-17,Philippines,Parañaque,1
2023-05-17,Philippines,Koronadal City,1
2023-07-31,Philippines,Dapitan City,1
2023-11-08,Philippines,Davao City,2
2023-06-07,Philippines,Morong,1
2023-07-28,Philippines,Lapu-Lapu City,10
2023-07-28,Philippines,Panglao,1
2023-02-16,Philippines,Pasay City,16
2023-07-13,Philippines,Silang,2
2023-02-01,Philippines,Manila City,1
2023-03-22,Philippines,Pasay City,4
2023-06-06,Philippines,Tuguegarao City,1
2023-07-27,Philippines,Parañaque,2
2023-02-15,Philippines,Kalibo,1
2023-02-05,Philippines,Pasay City,6
2023-02-19,Philippines,Calamba City,1
2023-02-04,Philippines,Daraga,1
2023-06-09,Philippines,Butuan City,5
2023-03-24,Philippines,Mandaue City,3
2023-02-03,Philippines,Mandaluyong,1
2023-02-03,Philippines,Pasig City,1
2023-06-03,Philippines,Sigma,1
2023-06-03,Philippines,Cagayan de Oro City,2
2023-02-12,Philippines,Davao City,1
2023-02-26,Philippines,Cebu City,8
2023-06-02,Philippines,Cebu City,6
2023-06-02,Philippines,Vigan City,1
2023-06-02,Philippines,Taguig,1
2023-06-16,Philippines,Pasay City,15
2023-06-16,Philippines,Tagaytay City,2
2023-05-09,Philippines,Calamba City,2
2023-02-25,Philippines,Puerto Princesa City,6
2023-01-04,Philippines,Parañaque,1
2023-07-12,Philippines,Pasig City,1
2023-06-19,Philippines,Mandaue City,5
2023-06-19,Philippines,Mambajao,1
2023-06-19,Philippines,El Nido,1
2023-07-26,Philippines,Manila City,1
2023-02-14,Philippines,Taguig,1
2023-03-20,Philippines,Pasay City,2
2023-06-18,Philippines,Tagbilaran City,1
2023-07-10,Philippines,Cebu City,11
2023-02-13,Philippines,Las Piñas,1
2023-08-31,Philippines,San Juan,2
2023-09-22,Philippines,Angeles City,1
2023-03-04,Philippines,Makati City,8
2023-03-04,Philippines,Cebu City,6
2023-07-08,Philippines,Baguio City,1
2023-03-03,Philippines,Roxas City,1
2023-10-18,Philippines,Muntinlupa,1
2023-08-14,Philippines,Pasay City,5
2023-03-06,Philippines,Makati City,19
2023-03-06,Philippines,Kalibo,1
2023-03-06,Philippines,Mambajao,1
2023-10-15,Philippines,Pasay City,1
2023-03-05,Philippines,Malay,1
2023-03-05,Philippines,Antipolo City,1
2023-04-26,Philippines,Ormoc City,1
2023-07-09,Philippines,Quezon City,4
2023-07-09,Philippines,Butuan City,1
2023-07-09,Philippines,Talisay City,1
2023-07-09,Philippines,Calbayog City,1
2023-04-11,Philippines,San Juan,4
2023-04-11,Philippines,Malay,2
2023-04-11,Philippines,Cordoba,1
2023-04-11,Philippines,Tarlac City,2
2023-02-07,Philippines,Makati City,9
2023-03-28,Philippines,Pagudpud,1
2023-07-18,Philippines,Zamboanga City,1
2023-07-03,Philippines,Davao City,8
2023-03-12,Philippines,Lapu-Lapu City,6
2023-03-16,Philippines,Pasay City,4
2023-09-20,Philippines,Cebu City,6
2023-09-30,Philippines,Makati City,13
2023-02-09,Philippines,Baguio City,1
2023-08-27,Philippines,Parañaque,2
2023-07-06,Philippines,Quezon City,2
2023-07-06,Philippines,Koronadal City,1
2023-03-15,Philippines,Davao City,3
2023-08-12,Philippines,Cebu City,5
2023-08-26,Philippines,Makati City,11
2023-10-12,Philippines,Cebu City,5
2023-07-05,Philippines,Olongapo City,1
2023-05-26,Philippines,Asturias,2
2023-05-26,Philippines,Santa Catalina,1
2023-05-11,Philippines,Legazpi City,1
2023-05-11,Philippines,Iloilo City,1
2023-05-11,Philippines,Malay,1
2023-05-25,Philippines,Lapu-Lapu City,18
2023-05-25,Philippines,Kalibo,1
2023-05-10,Philippines,San Juan,1
2023-05-10,Philippines,Mabalacat,1
2023-08-08,Philippines,Pasig City,2
2023-09-29,Philippines,Calamba City,1
2023-09-04,Philippines,Cebu City,7
2023-09-04,Philippines,Davao City,2
2023-05-13,Philippines,Zamboanga City,1
2023-05-13,Philippines,Bacolod City,5
2023-09-19,Philippines,Panglao,1
2023-01-22,Philippines,Manila City,1
2023-05-27,Philippines,Manila City,13
2023-05-27,Philippines,Legazpi City,3
2023-05-27,Philippines,Bacolod City,3
2023-05-27,Philippines,Puerto Princesa City,1
2023-04-06,Philippines,Davao City,3
2023-03-08,Philippines,Makati City,19
2023-03-08,Philippines,Cebu City,3
2023-03-08,Philippines,Iloilo City,5
2023-04-14,Philippines,Tagaytay City,1
2023-04-14,Philippines,Cagayan de Oro City,1
2023-08-05,Philippines,Panglao,1
2023-09-11,Philippines,Malay,1
2023-03-08,Philippines,Baguio City,1
2023-03-07,Philippines,Tacloban City,2
2023-08-04,Philippines,Manila City,4
2023-10-09,Philippines,Roxas City,1
2023-09-28,Philippines,San Juan,1
2023-09-28,Philippines,Parañaque,1
2023-09-28,Philippines,Pasay City,2
2023-09-14,Philippines,Cebu City,7
2023-09-14,Philippines,El Nido,1
2023-05-23,Philippines,Pasig City,2
2023-01-30,Philippines,Makati City,4
2023-04-03,Philippines,Cebu City,3
2023-06-13,Philippines,Baguio City,1
2023-03-09,Philippines,Mandaluyong,1
2023-01-01,Philippines,San Juan,3
2023-02-22,Philippines,Tacloban City,3
2023-02-21,Philippines,Lapu-Lapu City,2
2023-06-01,Philippines,Makilala,1
2023-06-11,Philippines,Makilala,2
2023-06-11,Philippines,Bangui,1
2023-05-19,Philippines,Cagayan de Oro City,1
2023-07-22,Philippines,Calamba City,1
2023-07-22,Philippines,Iloilo City,1
2023-03-31,Philippines,Moalboal,1
2023-06-29,Philippines,Lapu-Lapu City,20
2023-05-08,Philippines,Kalibo,2
2023-06-12,Philippines,Butuan City,1
2023-04-09,Philippines,Calamba City,1
2023-06-23,Philippines,Iloilo City,2
2023-05-02,Philippines,Calamba City,2
2023-03-30,Philippines,Santiago,1
2023-11-09,Philippines,Quezon City,1
2023-07-21,Philippines,Manila City,7
2023-01-28,Philippines,Quezon City,6
2023-05-18,Philippines,Puerto Princesa City,1
2023-06-22,Philippines,Pasay City,8
2023-06-21,Philippines,Makati City,10
2023-06-21,Philippines,Bangui,1
2023-01-27,Philippines,Las Piñas,1
2023-06-10,Philippines,Mabalacat,1
2023-05-17,Philippines,Manila City,4
2023-02-17,Philippines,Lapu-Lapu City,5
2023-04-30,Philippines,Gerona,1
2023-06-07,Philippines,Iloilo City,2
2023-06-07,Philippines,Pasig City,1
2023-07-28,Philippines,Pasig City,3
2023-08-20,Philippines,Manila City,3
2023-07-13,Philippines,Tagaytay City,1
2023-02-05,Philippines,Quezon City,3
2023-08-23,Philippines,Makati City,8
2023-02-19,Philippines,Panglao,1
2023-02-19,Philippines,Iba,2
2023-07-16,Philippines,Cagayan de Oro City,1
2023-06-09,Philippines,Taguig,2
2023-06-09,Philippines,El Nido,1
2023-02-18,Philippines,Roxas City,2
2023-03-10,Philippines,Lapu-Lapu City,6
2023-03-10,Philippines,Roxas City,4
2023-02-27,Philippines,Manila City,3
2023-06-03,Philippines,Pasay City,6
2023-06-03,Philippines,Iloilo City,1
2023-02-12,Philippines,Vigan City,1
2023-01-05,Philippines,Makati City,9
2023-02-25,Philippines,Cebu City,5
2023-05-09,Philippines,Pasay City,11
2023-02-28,Philippines,Mandaue City,2
2023-06-04,Philippines,Dasmariñas,1
2023-03-20,Philippines,Santiago,1
2023-02-13,Philippines,Quezon City,3
2023-03-04,Philippines,Tacloban City,1
2023-03-18,Philippines,Calamba City,2
2023-08-29,Philippines,Malay,1
2023-03-03,Philippines,Tarlac City,1
2023-05-31,Philippines,Baguio City,2
2023-07-08,Philippines,San Juan,2
2023-07-08,Philippines,Lapu-Lapu City,15
2023-04-10,Philippines,Malay,8
2023-04-24,Philippines,Bacolod City,3
2023-04-24,Philippines,Nasugbu,1
2023-04-24,Philippines,Tuguegarao City,1
2023-09-21,Philippines,Santa Lucia,1
2023-07-07,Philippines,Bacolod City,1
2023-11-11,Philippines,San Juan,1
2023-10-29,Philippines,Subic,1
2023-10-29,Philippines,Pasay City,2
2023-08-03,Philippines,Antipolo City,1
2023-08-03,Philippines,Mabalacat,1
2023-08-03,Philippines,Olongapo City,1
2023-10-01,Philippines,Cebu City,7
2023-09-24,Philippines,Lapu-Lapu City,1
2023-03-05,Philippines,Vigan City,1
2023-04-26,Philippines,Kalookan City,1
2023-08-16,Philippines,Quezon City,2
2023-07-04,Philippines,Pasig City,5
2023-11-20,Philippines,Vigan City,1
2023-03-27,Philippines,Cagayan de Oro City,1
2023-02-06,Philippines,Baguio City,1
2023-08-10,Philippines,Lapu-Lapu City,26
2023-03-16,Philippines,Lapu-Lapu City,9
2023-09-20,Philippines,San Juan,1
2023-02-09,Philippines,Antipolo City,1
2023-10-26,Philippines,Ormoc City,1
2023-04-22,Philippines,Malay,1
2023-04-22,Philippines,Mandaluyong,1
2023-08-26,Philippines,Calamba City,3
2023-07-19,Philippines,Pasig City,5
2023-07-19,Philippines,Lapu-Lapu City,24
2023-07-05,Philippines,Urdaneta City,3
2023-04-05,Philippines,Cagayan de Oro City,1
2023-04-19,Philippines,Tacloban City,1
2023-05-11,Philippines,Makilala,1
2023-05-25,Philippines,Subic,1
2023-09-01,Philippines,Malay,2
2023-01-20,Philippines,Davao City,3
2023-04-07,Philippines,Biñan,1
2023-08-08,Philippines,Pasay City,5
2023-11-16,Philippines,Manila City,1
2023-09-04,Philippines,Oslob,1
2023-01-23,Philippines,Roxas City,1
2023-11-17,Philippines,Lapu-Lapu City,2
2023-09-19,Philippines,Makati City,7
2023-05-27,Philippines,Kalookan City,6
2023-05-27,Philippines,Plaridel,1
2023-04-15,Philippines,Lapu-Lapu City,16
2023-04-15,Philippines,Bacolod City,8
2023-04-15,Philippines,Oslob,1
2023-04-06,Philippines,Legazpi City,4
2023-08-19,Philippines,Mandaue City,1
2023-09-11,Philippines,Manila City,5
2023-09-11,Philippines,Tagaytay City,1
2023-09-11,Philippines,Las Piñas,1
2023-04-28,Philippines,Parañaque,3
2023-09-12,Philippines,Makati City,9
2023-03-07,Philippines,Bacolod City,8
2023-08-18,Philippines,Muntinlupa,3
2023-09-28,Philippines,Davao City,1
2023-11-01,Philippines,Quezon City,3
2023-01-30,Philippines,Puerto Princesa City,3
2023-01-30,Philippines,Urdaneta City,2
2023-04-03,Philippines,Makati City,11
2023-03-09,Philippines,Baguio City,2
2023-01-29,Philippines,Pasay City,5
2023-06-14,Philippines,Tagaytay City,3
2023-06-15,Philippines,Bacolod City,2
2023-06-15,Philippines,Nasugbu,1
2023-04-09,Philippines,El Nido,2
2023-06-28,Philippines,Lapu-Lapu City,19
2023-06-28,Philippines,Iloilo City,1
2023-03-30,Philippines,Puerto Princesa City,1
2023-03-30,Philippines,Bacolod City,1
2023-06-23,Philippines,Cebu City,12
2023-01-24,Philippines,Makati City,2
2023-09-09,Philippines,Pasay City,6
2023-05-16,Philippines,Koronadal City,1
2023-01-16,Philippines,Davao City,2
2023-01-25,Philippines,Manila City,2
2023-02-24,Philippines,Bangui,1
2023-02-24,Philippines,Vigan City,1
2023-07-21,Philippines,Cebu City,12
2023-09-05,Philippines,Pasay City,4
2023-01-13,Philippines,Parañaque,1
2023-01-28,Philippines,Pasay City,2
2023-02-20,Philippines,Makati City,12
2023-05-03,Philippines,Lapu-Lapu City,9
2023-05-17,Philippines,Tarlac City,2
2023-09-08,Philippines,Manila City,1
2023-07-30,Philippines,Quezon City,1
2023-05-03,Philippines,Gerona,1
2023-10-23,Philippines,Pasay City,2
2023-06-07,Philippines,Malay,1
2023-08-20,Philippines,Davao City,2
2023-02-16,Philippines,Lapu-Lapu City,9
2023-07-13,Philippines,Manila City,4
2023-06-06,Philippines,Tarlac City,1
2023-03-11,Philippines,Malolos City,1
2023-03-25,Philippines,Lapu-Lapu City,20
2023-03-25,Philippines,Tuguegarao City,1
2023-07-01,Philippines,Moalboal,1
2023-06-08,Philippines,Makati City,22
2023-06-08,Philippines,Quezon City,3
2023-06-03,Philippines,Dapitan City,1
2023-06-03,Philippines,Angeles City,1
2023-02-12,Philippines,Tagum City,2
2023-01-05,Philippines,Las Piñas,1
2023-02-26,Philippines,Pasay City,2
2023-08-30,Philippines,Cebu City,3
2023-07-23,Philippines,Quezon City,1
2023-06-02,Philippines,Panglao,2
2023-02-11,Philippines,Lapu-Lapu City,1
2023-02-25,Philippines,Silang,1
2023-02-25,Philippines,Iba,1
2023-07-12,Philippines,Olongapo City,1
2023-03-21,Philippines,Pagudpud,1
2023-02-28,Philippines,Cebu City,7
2023-06-18,Philippines,San Jose,1
2023-07-10,Philippines,Davao City,9
2023-07-10,Philippines,Tagbilaran City,2
2023-07-10,Philippines,Puerto Princesa City,2
2023-02-13,Philippines,Cordoba,1
2023-08-31,Philippines,Makati City,15
2023-05-31,Philippines,Talisay City,1
2023-07-08,Philippines,Cordoba,1
2023-03-03,Philippines,Quezon City,3
2023-04-10,Philippines,Pasay City,8
2023-10-18,Philippines,Pasig City,4
2023-05-30,Philippines,General Santos City,1
2023-07-07,Philippines,Mandaue City,2
2023-03-02,Philippines,Tagum City,2
2023-09-10,Philippines,Parañaque,1
2023-10-29,Philippines,Cebu City,3
2023-03-06,Philippines,Plaridel,1
2023-10-15,Philippines,San Juan,1
2023-08-03,Philippines,Santa Fe,1
2023-08-03,Philippines,Pasay City,8
2023-08-17,Philippines,Panglao,2
2023-09-24,Philippines,Santa Fe,1
2023-04-12,Philippines,Tagaytay City,1
2023-03-19,Philippines,Pasig City,1
2023-08-11,Philippines,Makati City,7
2023-03-28,Philippines,Mandaue City,2
2023-07-18,Philippines,Sipalay City,1
2023-08-10,Philippines,Pasig City,2
2023-10-28,Philippines,Moalboal,1
2023-07-03,Philippines,Pasig City,1
2023-07-03,Philippines,Quezon City,1
2023-07-03,Philippines,Dapitan City,1
2023-10-14,Philippines,Makati City,2
2023-07-17,Philippines,Cagayan de Oro City,2
2023-07-17,Philippines,Baguio City,1
2023-11-21,Philippines,Mandaue City,1
2023-03-16,Philippines,San Vicente,2
2023-10-11,Philippines,Davao City,4
2023-02-09,Philippines,Calbayog City,1
2023-10-26,Philippines,Quezon City,1
2023-07-06,Philippines,Makilala,2
2023-07-06,Philippines,General Santos City,1
2023-08-12,Philippines,Malay,1
2023-03-29,Philippines,Parañaque,1
2023-03-01,Philippines,Malolos City,2
2023-03-01,Philippines,Cagayan de Oro City,3
2023-07-19,Philippines,Quezon City,1
2023-07-19,Philippines,Legazpi City,1
2023-04-05,Philippines,Pasig City,1
2023-04-19,Philippines,Plaridel,2
2023-09-16,Philippines,Bacolod City,2
2023-05-26,Philippines,Pasig City,1
2023-05-26,Philippines,Puerto Princesa City,1
2023-05-11,Philippines,Las Piñas,1
2023-05-11,Philippines,Sigma,1
2023-05-25,Philippines,Kalookan City,2
2023-01-20,Philippines,Iligan City,1
2023-04-18,Philippines,General Santos City,4
2023-09-29,Philippines,Mandaue City,1
2023-11-05,Philippines,Pasay City,3
2023-11-05,Philippines,Makati City,4
2023-04-07,Philippines,Puerto Princesa City,2
2023-08-08,Philippines,Cebu City,9
2023-08-08,Philippines,San Juan,1
2023-05-28,Philippines,Puerto Princesa City,2
2023-09-04,Philippines,Manila City,3
2023-05-13,Philippines,Lapu-Lapu City,1
2023-09-03,Philippines,San Juan,1
2023-10-07,Philippines,Pasay City,3
2023-01-31,Philippines,Moalboal,1
2023-09-11,Philippines,Pasig City,1
2023-09-11,Philippines,Quezon City,1
2023-04-28,Philippines,San Juan,1
2023-04-28,Philippines,Mandaue City,2
2023-09-12,Philippines,Liloan,1
2023-03-07,Philippines,Santa Lucia,1
2023-08-04,Philippines,Cordoba,2
2023-04-13,Philippines,Sigma,1
2023-09-25,Philippines,Lapu-Lapu City,6
2023-10-06,Philippines,Vigan City,1
2023-09-14,Philippines,Cagayan de Oro City,1
2023-10-06,Philippines,Malay,1
2023-01-30,Philippines,Kalibo,1
2023-01-30,Philippines,Taguig,1
2023-06-13,Philippines,Calamba City,1
2023-06-13,Philippines,Iba,1
2023-04-01,Philippines,Cebu City,3
2023-03-09,Philippines,Puerto Princesa City,3
2023-01-01,Philippines,Makati City,8
2023-09-13,Philippines,Muntinlupa,1
2023-06-27,Philippines,Iloilo City,2
2023-05-05,Philippines,Cebu City,7
2023-05-05,Philippines,Manila City,3
2023-02-21,Philippines,Bacolod City,2
2023-10-30,Philippines,Cebu City,5
2023-05-08,Philippines,Tuguegarao City,3
2023-01-17,Philippines,Muntinlupa,1
2023-06-15,Philippines,Calamba City,2
2023-06-15,Philippines,Legazpi City,1
2023-06-23,Philippines,Pasay City,9
2023-06-28,Philippines,Quezon City,2
2023-06-28,Philippines,Bacolod City,2
2023-05-02,Philippines,Parañaque,2
2023-05-07,Philippines,Makati City,11
2023-03-30,Philippines,San Juan,3
2023-03-30,Philippines,Quezon City,3
2023-02-23,Philippines,Lapu-Lapu City,4
2023-04-08,Philippines,Malay,2
2023-05-29,Philippines,Olongapo City,2
2023-07-21,Philippines,Tuguegarao City,1
2023-06-22,Philippines,Calamba City,2
2023-06-22,Philippines,Plaridel,1
2023-02-20,Philippines,El Nido,1
2023-05-04,Philippines,Pasay City,14
2023-05-04,Philippines,Pasig City,1
2023-06-21,Philippines,Puerto Princesa City,1
2023-06-10,Philippines,El Nido,1
2023-06-10,Philippines,Tuguegarao City,2
2023-06-25,Philippines,Tagbilaran City,1
2023-09-08,Philippines,Makati City,13
2023-11-08,Philippines,Calamba City,1
2023-02-17,Philippines,Makati City,24
2023-06-07,Philippines,Roxas City,2
2023-02-16,Philippines,Kalibo,2
2023-02-16,Philippines,Baguio City,1
2023-07-13,Philippines,Iloilo City,3
2023-07-27,Philippines,Malay,1
2023-02-05,Philippines,Manila City,2
2023-03-26,Philippines,Puerto Princesa City,5
2023-07-16,Philippines,Makati City,11
2023-03-25,Philippines,Calamba City,1
2023-03-25,Philippines,Subic,3
2023-02-18,Philippines,Davao City,5
2023-03-10,Philippines,Makati City,10
2023-03-10,Philippines,Baler,1
2023-02-03,Philippines,Cordoba,2
2023-02-03,Philippines,Legazpi City,1
2023-02-27,Philippines,Vigan City,1
2023-06-03,Philippines,Tagaytay City,1
2023-02-26,Philippines,Puerto Princesa City,5
2023-06-02,Philippines,Cagayan de Oro City,1
2023-05-09,Philippines,Mandaue City,2
2023-02-11,Philippines,Passi City,1
2023-10-20,Philippines,San Juan,1
2023-02-25,Philippines,Antipolo City,1
2023-06-05,Philippines,Biñan,1
2023-07-12,Philippines,San Fernando City,1
2023-06-19,Philippines,Parañaque,4
2023-07-26,Philippines,Makati City,7
2023-10-31,Philippines,Makati City,3
2023-10-31,Philippines,Manila City,1
2023-06-18,Philippines,Pasig City,3
2023-06-18,Philippines,Gerona,2
2023-07-10,Philippines,Quezon City,2
2023-07-25,Philippines,Cebu City,7
2023-03-18,Philippines,Mandaue City,2
2023-08-29,Philippines,Pasig City,2
2023-05-31,Philippines,Cagayan de Oro City,1
2023-05-31,Philippines,Calamba City,1
2023-05-31,Philippines,Malolos City,2
2023-04-24,Philippines,Cebu City,2
2023-10-18,Philippines,Makati City,6
2023-08-14,Philippines,Parañaque,1
2023-08-14,Philippines,Angeles City,2
2023-03-02,Philippines,Tacloban City,1
2023-09-10,Philippines,Makati City,10
2023-08-03,Philippines,Panglao,1
2023-08-03,Philippines,Oslob,1
2023-10-01,Philippines,Davao City,1
2023-03-05,Philippines,Tagum City,1
2023-04-12,Philippines,Pasay City,6
2023-04-26,Philippines,Mandaue City,2
2023-09-23,Philippines,Lapu-Lapu City,8
2023-07-09,Philippines,Davao City,7
2023-07-09,Philippines,Bacolod City,1
2023-07-09,Philippines,Antipolo City,1
2023-07-09,Philippines,Silang,2
2023-10-27,Philippines,Makati City,7
2023-10-13,Philippines,Lapu-Lapu City,3
2023-02-07,Philippines,Pasay City,3
2023-03-28,Philippines,Cordoba,2
2023-03-13,Philippines,Santiago,1
2023-07-17,Philippines,Puerto Princesa City,3
2023-03-12,Philippines,Roxas City,1
2023-03-12,Philippines,Plaridel,1
2023-08-13,Philippines,Cordoba,1
2023-03-01,Philippines,Antipolo City,2
2023-03-29,Philippines,Lapu-Lapu City,11
2023-02-08,Philippines,Pasay City,5
2023-02-08,Philippines,Makati City,15
2023-08-26,Philippines,Parañaque,2
2023-10-12,Philippines,Santa Rosa City,1
2023-07-05,Philippines,Lapu-Lapu City,26
2023-09-02,Philippines,Parañaque,2
2023-08-09,Philippines,Roxas City,1
2023-08-09,Philippines,Calamba City,1
2023-05-26,Philippines,Davao City,3
2023-05-26,Philippines,Passi City,2
2023-05-11,Philippines,San Juan,1
2023-09-01,Philippines,Makati City,4
2023-09-01,Philippines,Mabalacat,1
2023-05-25,Philippines,Angeles City,1
2023-04-04,Philippines,Cebu City,3
2023-01-20,Philippines,Makati City,8
2023-11-16,Philippines,San Juan,2
2023-09-29,Philippines,Pasig City,2
2023-05-10,Philippines,Pasig City,1
2023-05-10,Philippines,Pagudpud,1
2023-11-02,Philippines,Makati City,5
2023-01-23,Philippines,Malay,1
2023-06-20,Philippines,General Santos City,3
2023-09-17,Philippines,Pasay City,1
2023-05-28,Philippines,Roxas City,1
2023-05-13,Philippines,Tagaytay City,3
2023-05-13,Philippines,Parañaque,6
2023-05-14,Philippines,Parañaque,6
2023-01-22,Philippines,Cebu City,3
2023-05-27,Philippines,Baguio City,1
2023-05-12,Philippines,Baguio City,1
2023-05-12,Philippines,El Nido,1
2023-05-12,Philippines,Cagayan de Oro City,1
2023-11-14,Philippines,Manila City,1
2023-04-29,Philippines,Tarlac City,1
2023-05-21,Philippines,Parañaque,1
2023-08-19,Philippines,Cordoba,1
2023-08-19,Philippines,Panglao,3
2023-05-12,Philippines,Bacolor,1
2023-03-07,Philippines,Tagbilaran City,1
2023-08-04,Philippines,Davao City,1
2023-04-13,Philippines,Bangui,1
2023-09-28,Philippines,Las Piñas,1
2023-08-07,Philippines,Makati City,17
2023-05-24,Philippines,Davao City,5
2023-04-16,Philippines,Puerto Princesa City,1
2023-04-16,Philippines,Mandaluyong,1
2023-01-30,Philippines,San Juan,1
2023-04-03,Philippines,Cordoba,6
2023-04-03,Philippines,Mataas Na Kahoy,1
2023-06-30,Philippines,Calamba City,1
2023-05-22,Philippines,Manila City,11
2023-05-06,Philippines,Baguio City,1
2023-05-22,Philippines,Mandaue City,25
2023-05-22,Philippines,Kalookan City,2
2023-05-22,Philippines,Naga City,1
2023-04-02,Philippines,Bacolod City,1
2023-06-27,Philippines,Dumaguete City,1
2023-06-27,Philippines,Tarlac City,1
2023-02-21,Philippines,Moalboal,2
2023-06-01,Philippines,Iloilo City,2
2023-06-11,Philippines,Kalookan City,1
2023-06-11,Philippines,Malay,1
2023-06-11,Philippines,Pasay City,8
2023-01-29,Philippines,Mandaluyong,1
2023-05-08,Philippines,Pasig City,2
2023-06-12,Philippines,Dasmariñas,1
2023-06-14,Philippines,Pasig City,2
2023-06-14,Philippines,San Antonio,1
2023-06-26,Philippines,Baguio City,1
2023-03-30,Philippines,Pasay City,1
2023-03-30,Philippines,Daanbantayan,1
2023-02-23,Philippines,Cebu City,6
2023-01-03,Philippines,Davao City,1
2023-05-16,Philippines,Lapu-Lapu City,8
2023-05-16,Philippines,Dapitan City,1
2023-05-29,Philippines,Bacolod City,4
2023-05-29,Philippines,Cagayan de Oro City,2
2023-07-21,Philippines,Parañaque,5
2023-05-18,Philippines,Dapitan City,1
2023-02-20,Philippines,Gerona,1
2023-02-20,Philippines,Santiago,1
2023-06-25,Philippines,Mandaue City,1
2023-07-30,Philippines,Cebu City,11
2023-02-17,Philippines,Moalboal,1
2023-02-17,Philippines,Pagudpud,1
2023-04-30,Philippines,Manila City,9
2023-06-07,Philippines,Iba,2
2023-06-07,Philippines,Sigma,1
2023-02-02,Philippines,Pasig City,1
2023-08-20,Philippines,Pasay City,2
2023-02-01,Philippines,Davao City,2
2023-06-06,Philippines,Quezon City,1
2023-07-02,Philippines,Puerto Princesa City,1
2023-02-19,Philippines,Nasugbu,1
2023-07-16,Philippines,Panglao,3
2023-03-25,Philippines,Makati City,9
2023-03-25,Philippines,Ormoc City,1
2023-10-21,Philippines,San Juan,2
2023-06-08,Philippines,Mandaluyong,2
2023-03-24,Philippines,Mabalacat,1
2023-01-06,Philippines,Makati City,8
2023-02-27,Philippines,Makati City,17
2023-06-03,Philippines,Malolos City,1
2023-02-12,Philippines,Mandaluyong,1
2023-06-17,Philippines,Baler,1
2023-07-23,Philippines,Carmen,1
2023-06-02,Philippines,Passi City,1
2023-06-16,Philippines,Manila City,10
2023-06-16,Philippines,Mandaluyong,1
2023-06-16,Philippines,Mambajao,1
2023-02-11,Philippines,Cordoba,1
2023-02-11,Philippines,Davao City,2
2023-02-25,Philippines,Mabalacat,4
2023-06-19,Philippines,Batangas City,1
2023-06-19,Philippines,Bacolod City,4
2023-06-19,Philippines,San Fernando City,1
2023-02-14,Philippines,Pasay City,3
2023-02-14,Philippines,Mandaluyong,1
2023-03-21,Philippines,Pasay City,2
2023-06-04,Philippines,Quezon City,4
2023-06-04,Philippines,Manila City,1
2023-07-11,Philippines,Cagayan de Oro City,4
2023-06-18,Philippines,Puerto Princesa City,1
2023-06-18,Philippines,Bacolod City,4
2023-07-10,Philippines,Silang,1
2023-08-01,Philippines,Santa Fe,1
2023-08-01,Philippines,Makati City,16
2023-03-04,Philippines,San Juan,8
2023-05-31,Philippines,Ormoc City,1
2023-07-08,Philippines,Las Piñas,1
2023-04-10,Philippines,Calamba City,1
2023-09-21,Philippines,Quezon City,1
2023-03-02,Philippines,Iba,1
2023-10-15,Philippines,Santa Rosa City,1
2023-10-16,Philippines,Parañaque,1
2023-03-05,Philippines,Davao City,1
2023-04-12,Philippines,Koronadal City,1
2023-08-02,Philippines,Davao City,2
2023-08-16,Philippines,Makati City,13
2023-04-11,Philippines,Makati City,14
2023-02-07,Philippines,Tagaytay City,1
2023-04-20,Philippines,Davao City,6
2023-07-18,Philippines,Pagudpud,1
2023-07-18,Philippines,Bacolod City,1
2023-02-06,Philippines,Puerto Princesa City,2
2023-08-10,Philippines,Makati City,6
2023-08-24,Philippines,Pasig City,2
2023-08-24,Philippines,Makati City,13
2023-07-17,Philippines,Manila City,5
2023-03-12,Philippines,San Juan,3
2023-03-12,Philippines,Baguio City,1
2023-03-16,Philippines,Quezon City,4
2023-09-30,Philippines,Lapu-Lapu City,1
2023-08-27,Philippines,Lapu-Lapu City,22
2023-03-01,Philippines,Tagaytay City,1
2023-03-15,Philippines,Puerto Princesa City,4
2023-08-12,Philippines,Davao City,2
2023-08-12,Philippines,Panglao,1
2023-03-29,Philippines,Quezon City,6
2023-07-05,Philippines,Iloilo City,4
2023-11-19,Philippines,Cebu City,1
2023-11-19,Philippines,Pasay City,1
2023-09-16,Philippines,Lapu-Lapu City,4
2023-05-11,Philippines,Pili,1
2023-09-01,Philippines,Calamba City,1
2023-04-18,Philippines,Cagayan de Oro City,1
2023-05-10,Philippines,Lapu-Lapu City,13
2023-05-10,Philippines,Makilala,1
2023-09-18,Philippines,Cebu City,6
2023-11-18,Philippines,Angeles City,3
2023-05-14,Philippines,Taguig,2
2023-09-19,Philippines,Antipolo City,2
2023-05-27,Philippines,Iloilo City,2
2023-09-03,Philippines,Makati City,2
2023-05-12,Philippines,Mandaue City,9
2023-05-12,Philippines,Calamba City,1
2023-05-12,Philippines,Quezon City,5
2023-04-06,Philippines,Lapu-Lapu City,15
2023-03-08,Philippines,Pasay City,2
2023-09-26,Philippines,Makati City,6
2023-04-14,Philippines,Tacloban City,2
2023-01-31,Philippines,Pasay City,6
2023-04-29,Philippines,Kalookan City,2
2023-05-20,Philippines,Parañaque,2
2023-05-20,Philippines,Panglao,1
2023-04-28,Philippines,Makati City,23
2023-04-28,Philippines,Davao City,3
2023-08-04,Philippines,Pasig City,5
2023-08-18,Philippines,Lapu-Lapu City,16
2023-04-13,Philippines,Tagaytay City,3
2023-05-24,Philippines,Urdaneta City,1
2023-04-16,Philippines,Plaridel,1
2023-02-22,Philippines,El Nido,1
2023-04-16,Philippines,Mataas Na Kahoy,1
2023-04-02,Philippines,Manila City,1
2023-06-26,Philippines,Bacolor,1
2023-02-21,Philippines,Parañaque,5
2023-06-01,Philippines,Tagbilaran City,1
2023-06-11,Philippines,Lapu-Lapu City,34
2023-06-11,Philippines,Vigan City,3
2023-10-30,Philippines,Mandaue City,1
2023-10-30,Philippines,Antipolo City,1
2023-01-29,Philippines,Baguio City,1
2023-02-10,Philippines,San Juan,2
2023-05-08,Philippines,Makati City,16
2023-05-08,Philippines,San Jose City,2
2023-06-12,Philippines,Makati City,6
2023-06-12,Philippines,Malay,1
2023-06-15,Philippines,Malay,1
2023-06-15,Philippines,Gerona,1
2023-06-15,Philippines,San Antonio,1
2023-06-15,Philippines,Parañaque,1
2023-06-26,Philippines,Iloilo City,1
2023-06-23,Philippines,Makati City,5
2023-05-02,Philippines,San Juan,1
2023-02-23,Philippines,Manila City,3
2023-02-23,Philippines,Parañaque,1
2023-05-15,Philippines,Makati City,17
2023-05-16,Philippines,Mabini,1
2023-05-29,Philippines,El Nido,1
2023-09-05,Philippines,Cebu City,7
2023-01-25,Philippines,Lapu-Lapu City,5
2023-09-06,Philippines,Angeles City,1
2023-09-06,Philippines,Bacolod City,6
2023-11-07,Philippines,Pasig City,3
2023-02-20,Philippines,Antipolo City,1
2023-02-20,Philippines,Mandaue City,2
2023-05-04,Philippines,Cordoba,1
2023-06-10,Philippines,Pasig City,3
2023-01-27,Philippines,Urdaneta City,2
2023-06-10,Philippines,Silay City,1
2023-05-17,Philippines,Kalookan City,1
2023-09-08,Philippines,San Juan,1
2023-09-08,Philippines,Panglao,1
2023-09-08,Philippines,Cordoba,2
2023-05-03,Philippines,Moalboal,1
2023-02-17,Philippines,Tagum City,1
2023-02-17,Philippines,Ormoc City,3
2023-06-07,Philippines,Baguio City,1
2023-06-07,Philippines,Tuguegarao City,1
2023-02-02,Philippines,Puerto Princesa City,4
2023-02-02,Philippines,Malay,1
2023-03-23,Philippines,Moalboal,2
2023-03-23,Philippines,Quezon City,3
2023-02-16,Philippines,Cebu City,1
2023-10-24,Philippines,Vigan City,1
2023-07-13,Philippines,Mabalacat,2
2023-03-22,Philippines,Calamba City,2
2023-06-06,Philippines,Manila City,3
2023-06-06,Philippines,Sipalay City,1
2023-02-15,Philippines,Nasugbu,2
2023-08-23,Philippines,Manila City,3
2023-03-26,Philippines,Bacolod City,3
2023-07-16,Philippines,Makilala,1
2023-06-09,Philippines,Baler,3
2023-08-22,Philippines,Davao City,8
2023-03-10,Philippines,Tagbilaran City,1
2023-02-03,Philippines,Parañaque,1
2023-02-27,Philippines,Tacloban City,2
2023-07-24,Philippines,Tacloban City,1
2023-02-12,Philippines,Lapu-Lapu City,4
2023-02-12,Philippines,Plaridel,1
2023-07-23,Philippines,Davao City,5
2023-01-19,Philippines,Quezon City,2
2023-06-02,Philippines,Tuguegarao City,3
2023-06-16,Philippines,Cebu City,8
2023-06-16,Philippines,Cagayan de Oro City,1
2023-02-11,Philippines,Bacolod City,1
2023-02-11,Philippines,Hinoba-An,1
2023-06-05,Philippines,Pagudpud,1
2023-06-04,Philippines,Las Piñas,1
2023-01-07,Philippines,Puerto Princesa City,1
2023-03-20,Philippines,Tagaytay City,1
2023-06-18,Philippines,San Juan,2
2023-06-18,Philippines,Mandaue City,2
2023-07-10,Philippines,San Juan,3
2023-07-10,Philippines,Batangas City,1
2023-04-25,Philippines,Pasay City,6
2023-03-04,Philippines,Vigan City,1
2023-03-03,Philippines,El Nido,2
2023-04-10,Philippines,Iloilo City,1
2023-09-21,Philippines,Iloilo City,1
2023-03-17,Philippines,Makati City,15
2023-10-18,Philippines,Cebu City,2
2023-05-30,Philippines,Mandaue City,3
2023-03-02,Philippines,Davao City,2
2023-09-10,Philippines,Pasay City,7
2023-09-10,Philippines,Quezon City,3
2023-10-19,Philippines,San Juan,2
2023-10-19,Philippines,Makati City,10
2023-11-11,Philippines,Makati City,23
2023-11-11,Philippines,Quezon City,1
2023-03-06,Philippines,Vigan City,2
2023-10-15,Philippines,Cebu City,3
2023-11-22,Philippines,Antipolo City,1
2023-03-05,Philippines,San Vicente,1
2023-04-12,Philippines,Makati City,11
2023-07-09,Philippines,Manila City,10
2023-04-20,Philippines,Vigan City,2
2023-03-27,Philippines,Makati City,12
2023-02-06,Philippines,Quezon City,1
2023-08-10,Philippines,Angeles City,2
2023-07-17,Philippines,Pasay City,7
2023-02-09,Philippines,Mandaue City,1
2023-03-01,Philippines,Tuguegarao City,1
2023-04-22,Philippines,Quezon City,5
2023-04-22,Philippines,Iloilo City,2
2023-10-12,Philippines,Pasig City,2
2023-07-19,Philippines,Cebu City,16
2023-07-05,Philippines,Quezon City,2
2023-03-14,Philippines,Baler,1
2023-04-05,Philippines,Tarlac City,1
2023-09-02,Philippines,Tagaytay City,1
2023-11-19,Philippines,Lapu-Lapu City,2
2023-04-19,Philippines,San Juan,2
2023-08-09,Philippines,Santa Fe,1
2023-05-26,Philippines,Manila City,5
2023-05-26,Philippines,Legazpi City,1
2023-05-25,Philippines,Bacolod City,6
2023-04-18,Philippines,Moalboal,1
2023-04-18,Philippines,San Fernando City,3
2023-05-10,Philippines,Tuguegarao City,1
2023-09-29,Philippines,Quezon City,1
2023-06-20,Philippines,Cebu City,10
2023-06-20,Philippines,Iba,1
2023-01-22,Philippines,Bacolod City,1
2023-09-17,Philippines,Oslob,2
2023-05-14,Philippines,Ormoc City,1
2023-05-27,Philippines,Cagayan de Oro City,2
2023-11-14,Philippines,Quezon City,1
2023-04-15,Philippines,Tuguegarao City,1
2023-04-29,Philippines,Davao City,1
2023-03-08,Philippines,Vigan City,2
2023-03-08,Philippines,Lapu-Lapu City,8
2023-03-08,Philippines,Parañaque,2
2023-08-19,Philippines,Bacolod City,1
2023-09-26,Philippines,Vigan City,1
2023-04-14,Philippines,Makati City,23
2023-04-14,Philippines,Malay,3
2023-04-14,Philippines,Cebu City,4
2023-09-12,Philippines,Parañaque,6
2023-04-13,Philippines,Plaridel,1
2023-08-07,Philippines,Santa Fe,1
2023-04-17,Philippines,Culasi,2
2023-05-24,Philippines,Makilala,1
2023-04-16,Philippines,Mandaue City,3
2023-10-06,Philippines,Cebu City,4
2023-05-23,Philippines,San Juan,1
2023-05-23,Philippines,Bolinao,2
2023-06-13,Philippines,Ormoc City,1
2023-03-09,Philippines,Parañaque,2
2023-02-22,Philippines,Balamban,1
2023-02-22,Philippines,Roxas City,1
2023-05-22,Philippines,Coron,1
2023-04-02,Philippines,Parañaque,1
2023-02-21,Philippines,Dasmariñas,1
2023-06-11,Philippines,Oslob,2
2023-03-31,Philippines,San Juan,1
2023-05-19,Philippines,Davao City,4
2023-05-19,Philippines,Tagaytay City,1
2023-05-08,Philippines,Asturias,1
2023-05-08,Philippines,Talisay City,2
2023-01-17,Philippines,Cebu City,4
2023-01-02,Philippines,Davao City,3
2023-06-12,Philippines,Baguio City,2
2023-06-12,Philippines,Daraga,1
2023-06-15,Philippines,Cebu City,13
2023-07-20,Philippines,Makati City,6
2023-02-23,Philippines,Makati City,15
2023-01-24,Philippines,Lapu-Lapu City,3
2023-01-24,Philippines,Roxas City,2
2023-05-29,Philippines,Pagudpud,1
2023-01-25,Philippines,Pasay City,1
2023-02-24,Philippines,Pasay City,1
2023-01-11,Philippines,San Juan,3
2023-05-01,Philippines,Davao City,1
2023-05-04,Philippines,Cebu City,5
2023-06-21,Philippines,Davao City,9
2023-06-21,Philippines,Parañaque,4
2023-06-21,Philippines,Zamboanga City,1
2023-06-21,Philippines,Tuguegarao City,1
2023-11-06,Philippines,Pasig City,1
2023-06-10,Philippines,Pasay City,5
2023-06-24,Philippines,Urdaneta City,1
2023-01-27,Philippines,Cebu City,3
2023-06-10,Philippines,Las Piñas,1
2023-06-25,Philippines,Taguig,1
2023-07-31,Philippines,Makati City,9
2023-07-31,Philippines,Bacolod City,1
2023-11-08,Philippines,Cordoba,2
2023-02-17,Philippines,Canlaon City,1
2023-08-21,Philippines,Pasay City,2
2023-04-30,Philippines,Parañaque,4
2023-04-30,Philippines,Las Piñas,1
2023-06-07,Philippines,Canlaon City,1
2023-06-07,Philippines,Silay City,1
2023-07-28,Philippines,Parañaque,1
2023-02-01,Philippines,Calamba City,3
2023-03-11,Philippines,Makati City,9
2023-03-25,Philippines,Cebu City,1
2023-06-09,Philippines,Parañaque,1
2023-07-15,Philippines,Iloilo City,1
2023-02-18,Philippines,Pili,1
2023-07-01,Philippines,Kalookan City,6
2023-07-01,Philippines,Lapu-Lapu City,14
2023-03-10,Philippines,Davao City,7
2023-03-10,Philippines,Iba,1
2023-06-08,Philippines,Cebu City,6
2023-06-08,Philippines,Tarlac City,1
2023-02-27,Philippines,Pili,1
2023-01-19,Philippines,Baguio City,1
2023-05-09,Philippines,El Nido,1
2023-02-11,Philippines,Quezon City,3
2023-10-20,Philippines,Quezon City,1
2023-02-25,Philippines,San Juan,3
2023-02-25,Philippines,Asturias,1
2023-06-05,Philippines,Pasig City,1
2023-03-21,Philippines,Puerto Princesa City,4
2023-06-04,Philippines,Parañaque,5
2023-06-04,Philippines,Kalibo,2
2023-06-04,Philippines,Taguig,1
2023-08-31,Philippines,Bacolod City,3
2023-08-15,Philippines,Pasig City,2
2023-03-03,Philippines,Baguio City,1
2023-04-24,Philippines,Subic,1
2023-03-02,Philippines,Calamba City,4
2023-09-10,Philippines,Manila City,1
2023-09-10,Philippines,Baguio City,1
2023-10-29,Philippines,Makati City,5
2023-08-03,Philippines,Pasig City,4
2023-08-03,Philippines,Jordan,1
2023-10-16,Philippines,Pasig City,4
2023-03-19,Philippines,Tuguegarao City,1
2023-08-02,Philippines,Cebu City,8
2023-09-23,Philippines,Malay,2
2023-10-13,Philippines,Davao City,1
2023-10-13,Philippines,Malay,1
2023-02-07,Philippines,Calamba City,1
2023-07-04,Philippines,Pasay City,9
2023-07-04,Philippines,Bacolod City,3
2023-08-25,Philippines,Davao City,1
2023-04-20,Philippines,Tagbilaran City,1
2023-03-28,Philippines,Makati City,17
2023-03-27,Philippines,Pasig City,2
2023-03-13,Philippines,Manila City,1
2023-07-17,Philippines,Pasig City,2
2023-07-17,Philippines,Vigan City,3
2023-02-09,Philippines,Calamba City,1
2023-08-12,Philippines,Oslob,1
2023-04-21,Philippines,Makati City,15
2023-03-14,Philippines,Moalboal,1
2023-03-14,Philippines,Silang,1
2023-04-05,Philippines,San Fernando City,1
2023-01-21,Philippines,San Juan,2
2023-01-21,Philippines,Subic,1
2023-04-19,Philippines,Mandaue City,3
2023-08-09,Philippines,Makati City,8
2023-05-26,Philippines,Sorsogon City,1
2023-09-01,Philippines,Pasay City,6
2023-04-18,Philippines,Canlaon City,1
2023-04-18,Philippines,Jordan,1
2023-04-18,Philippines,Cebu City,3
2023-04-18,Philippines,Iloilo City,1
2023-05-10,Philippines,Malay,2
2023-11-02,Philippines,El Nido,1
2023-01-23,Philippines,Tacloban City,1
2023-06-20,Philippines,Bacolor,2
2023-01-22,Philippines,Kalibo,1
2023-11-18,Philippines,Lapu-Lapu City,2
2023-05-28,Philippines,Cebu City,8
2023-05-13,Philippines,Mandaluyong,3
2023-05-14,Philippines,Mandaue City,16
2023-05-14,Philippines,Tagaytay City,1
2023-05-12,Philippines,Mabalacat,1
2023-04-15,Philippines,Calamba City,1
2023-04-06,Philippines,Panglao,1
2023-04-29,Philippines,Baguio City,1
2023-08-19,Philippines,Cebu City,3
2023-09-26,Philippines,Cordoba,1
2023-06-30,Philippines,Moalboal,1
2023-08-07,Philippines,Manila City,1
2023-04-17,Philippines,Bacolod City,4
2023-09-14,Philippines,Quezon City,3
2023-05-24,Philippines,Ormoc City,2
2023-05-23,Philippines,Lapu-Lapu City,13
2023-04-03,Philippines,Moalboal,1
2023-09-27,Philippines,Malay,1
2023-09-27,Philippines,Manila City,3
2023-06-13,Philippines,Makati City,13
2023-05-22,Philippines,Puerto Princesa City,1
2023-11-12,Philippines,Cordoba,1
2023-02-22,Philippines,Cordoba,1
2023-04-16,Philippines,Cagayan de Oro City,1
2023-05-06,Philippines,Moalboal,1
2023-04-01,Philippines,San Juan,1
2023-04-01,Philippines,Mati City,1
2023-05-22,Philippines,Lapu-Lapu City,17
2023-02-21,Philippines,San Juan,4
2023-06-29,Philippines,Mandaue City,1
2023-06-29,Philippines,Silang,1
2023-01-15,Philippines,San Juan,4
2023-01-17,Philippines,Manila City,1
2023-06-14,Philippines,General Santos City,1
2023-06-15,Philippines,Kalibo,1
2023-02-21,Philippines,Pasig City,1
2023-04-09,Philippines,Manila City,5
2023-04-09,Philippines,Davao City,1
2023-05-07,Philippines,San Juan,1
2023-05-07,Philippines,Silay City,1
2023-05-07,Philippines,Tuguegarao City,1
2023-05-16,Philippines,Mandaue City,14
2023-05-29,Philippines,Antipolo City,1
2023-01-25,Philippines,Puerto Princesa City,1
2023-01-25,Philippines,Iloilo City,1
2023-01-28,Philippines,Lapu-Lapu City,3
2023-06-22,Philippines,San Juan,1
2023-02-20,Philippines,Pasay City,17
2023-06-10,Philippines,Antipolo City,2
2023-09-08,Philippines,Cebu City,2
2023-09-07,Philippines,Lapu-Lapu City,3
2023-07-30,Philippines,Makati City,9
2023-05-03,Philippines,Pasay City,16
2023-07-14,Philippines,Parañaque,1
2023-06-07,Philippines,Davao City,1
2023-06-07,Philippines,Talisay City,1
2023-02-02,Philippines,Pasay City,6
2023-03-23,Philippines,San Juan,4
2023-08-20,Philippines,Bacolod City,1
2023-02-16,Philippines,Puerto Princesa City,1
2023-10-24,Philippines,Pasig City,3
2023-06-06,Philippines,Olongapo City,4
2023-02-15,Philippines,San Juan,3
2023-02-15,Philippines,Roxas City,1
2023-02-05,Philippines,Makati City,15
2023-03-26,Philippines,Subic,1
2023-03-11,Philippines,Davao City,8
2023-02-19,Philippines,Bacolod City,2
2023-03-11,Philippines,Bacolod City,2
2023-10-21,Philippines,Cebu City,5
2023-06-09,Philippines,San Juan,2
2023-02-18,Philippines,Bacolod City,1
2023-10-22,Philippines,Pasig City,5
2023-07-29,Philippines,Pasay City,12
2023-03-10,Philippines,Quezon City,1
2023-02-27,Philippines,Roxas City,1
2023-02-27,Philippines,Urdaneta City,2
2023-06-03,Philippines,Cebu City,9
2023-06-17,Philippines,Mabalacat,1
2023-02-26,Philippines,Baguio City,1
2023-06-02,Philippines,Lapu-Lapu City,14
2023-06-16,Philippines,Makati City,10
2023-05-09,Philippines,Kalookan City,1
2023-02-25,Philippines,Tacloban City,3
2023-06-05,Philippines,Davao City,5
2023-06-05,Philippines,Vigan City,4
2023-06-19,Philippines,Pasay City,7
2023-06-19,Philippines,Malay,5
2023-06-19,Philippines,Lapu-Lapu City,19
2023-06-19,Philippines,Dasmariñas,1
2023-07-11,Philippines,Calamba City,1
2023-04-25,Philippines,Makati City,6
2023-04-25,Philippines,Passi City,1
2023-04-25,Philippines,Quezon City,1
2023-03-04,Philippines,Davao City,2
2023-08-29,Philippines,Moalboal,1
2023-03-03,Philippines,Malay,6
2023-05-31,Philippines,Pagudpud,1
2023-03-03,Philippines,Lapu-Lapu City,20
2023-10-18,Philippines,Manila City,2
2023-05-30,Philippines,Parañaque,5
2023-05-30,Philippines,Calamba City,1
2023-07-07,Philippines,Kidapawan City,1
2023-10-19,Philippines,Malay,2
2023-10-19,Philippines,Cebu City,2
2023-04-23,Philippines,Davao City,1
2023-03-06,Philippines,Muntinlupa,1
2023-08-17,Philippines,Cebu City,7
2023-10-01,Philippines,Lapu-Lapu City,1
2023-03-05,Philippines,Gerona,2
2023-04-12,Philippines,Davao City,4
2023-04-12,Philippines,Nasugbu,1
2023-09-23,Philippines,Makati City,2
2023-04-11,Philippines,El Nido,1
2023-10-13,Philippines,El Nido,1
2023-08-25,Philippines,Cebu City,10
2023-04-20,Philippines,Malolos City,1
2023-04-20,Philippines,Baguio City,1
2023-04-20,Philippines,Cagayan de Oro City,3
2023-10-28,Philippines,Pasig City,1
2023-10-28,Philippines,Davao City,2
2023-08-24,Philippines,Cordoba,4
2023-03-12,Philippines,Iloilo City,1
2023-11-21,Philippines,Davao City,1
2023-10-25,Philippines,Bacolod City,1
2023-09-20,Philippines,Pasay City,3
2023-02-09,Philippines,Pasay City,14
2023-02-09,Philippines,Manila City,1
2023-02-09,Philippines,Lapu-Lapu City,5
2023-07-06,Philippines,Plaridel,1
2023-04-21,Philippines,Lapu-Lapu City,22
2023-07-19,Philippines,Nasugbu,1
2023-07-05,Philippines,Batangas City,1
2023-03-14,Philippines,Pasig City,1
2023-04-05,Philippines,San Juan,2
2023-04-19,Philippines,Cebu City,6
2023-05-26,Philippines,Dasmariñas,3
2023-09-01,Philippines,Mandaue City,1
2023-05-25,Philippines,Silang,1
2023-09-15,Philippines,General Santos City,1
2023-05-28,Philippines,Tuguegarao City,2
2023-09-18,Philippines,Oslob,1
2023-11-17,Philippines,Cebu City,1
2023-05-13,Philippines,Manila City,12
2023-05-14,Philippines,Daraga,1
2023-05-14,Philippines,Bacolod City,1
2023-09-19,Philippines,Oslob,3
2023-09-03,Philippines,Tagaytay City,2
2023-08-19,Philippines,Oslob,1
2023-04-14,Philippines,Iba,1
2023-09-12,Philippines,Malay,1
2023-11-15,Philippines,Oslob,1
2023-11-15,Philippines,Muntinlupa,1
2023-03-07,Philippines,Bacolor,1
2023-04-13,Philippines,Vigan City,3
2023-05-24,Philippines,Iloilo City,1
2023-05-24,Philippines,Parañaque,1
2023-05-24,Philippines,Silang,1
2023-04-16,Philippines,Manila City,13
2023-11-01,Philippines,Cordoba,2
2023-05-23,Philippines,Calamba City,1
2023-05-23,Philippines,Mandaluyong,1
2023-04-03,Philippines,Davao City,2
2023-06-30,Philippines,Tarlac City,1
2023-09-27,Philippines,Oslob,1
2023-10-05,Philippines,Malay,1
2023-10-05,Philippines,Pasay City,1
2023-06-13,Philippines,Kalookan City,1
2023-02-22,Philippines,Santiago,1
2023-05-22,Philippines,Parañaque,7
2023-05-22,Philippines,Bolinao,3
2023-04-02,Philippines,Asturias,4
2023-02-21,Philippines,Cordoba,1
2023-06-01,Philippines,Kalibo,1
2023-06-01,Philippines,Batangas City,1
2023-01-29,Philippines,Cordoba,1
2023-07-22,Philippines,Cebu City,10
2023-06-12,Philippines,Parañaque,3
2023-04-09,Philippines,Malay,3
2023-04-09,Philippines,Makati City,7
2023-07-20,Philippines,Cagayan de Oro City,1
2023-01-03,Philippines,Subic,2
2023-04-08,Philippines,Vigan City,3
2023-04-08,Philippines,Batangas City,1
2023-11-09,Philippines,Santa Fe,1
2023-01-24,Philippines,General Santos City,2
2023-05-16,Philippines,Kalookan City,1
2023-05-16,Philippines,Manila City,6
2023-02-24,Philippines,Quezon City,2
2023-02-24,Philippines,General Santos City,1
2023-02-24,Philippines,Cagayan de Oro City,1
2023-05-01,Philippines,Gerona,2
2023-06-22,Philippines,Mandaue City,4
2023-06-22,Philippines,Passi City,1
2023-06-21,Philippines,Bacolod City,7
2023-01-27,Philippines,San Juan,5
2023-06-25,Philippines,Manila City,2
2023-05-17,Philippines,Iloilo City,2
2023-02-17,Philippines,Quezon City,6
2023-07-14,Philippines,San Juan,2
2023-07-14,Philippines,Puerto Princesa City,2
2023-06-07,Philippines,Makilala,1
2023-02-02,Philippines,Cebu City,1
2023-02-02,Philippines,Moalboal,1
2023-07-13,Philippines,Cebu City,9
2023-07-13,Philippines,El Nido,1
2023-06-06,Philippines,Cebu City,4
2023-02-19,Philippines,Davao City,7
2023-07-16,Philippines,Davao City,4
2023-07-16,Philippines,Iloilo City,3
2023-02-04,Philippines,Moalboal,2
2023-06-09,Philippines,Canlaon City,1
2023-06-09,Philippines,Pasay City,17
2023-08-22,Philippines,Manila City,3
2023-07-01,Philippines,El Nido,1
2023-07-24,Philippines,Mandaue City,1
2023-06-03,Philippines,Dasmariñas,1
2023-02-12,Philippines,Antipolo City,1
2023-06-17,Philippines,Las Piñas,3
2023-07-23,Philippines,Lapu-Lapu City,11
2023-06-02,Philippines,Makilala,1
2023-06-16,Philippines,El Nido,1
2023-02-11,Philippines,Santiago,1
2023-02-25,Philippines,Pasay City,3
2023-07-12,Philippines,Parañaque,2
2023-07-11,Philippines,Tagaytay City,1
2023-07-11,Philippines,Silang,2
2023-03-20,Philippines,San Jose,1
2023-07-25,Philippines,Davao City,2
2023-02-13,Philippines,Lapu-Lapu City,7
2023-03-04,Philippines,Moalboal,2
2023-03-04,Philippines,Roxas City,1
2023-07-08,Philippines,Mabalacat,1
2023-04-10,Philippines,Legazpi City,2
2023-09-21,Philippines,Antipolo City,1
2023-05-30,Philippines,Batangas City,1
2023-03-02,Philippines,Iloilo City,1
2023-03-02,Philippines,General Santos City,2
2023-09-10,Philippines,San Juan,2
2023-03-06,Philippines,Daanbantayan,1
2023-10-15,Philippines,Calamba City,3
2023-08-03,Philippines,San Fernando City,1
2023-09-24,Philippines,Manila City,1
2023-10-16,Philippines,Cebu City,1
2023-04-12,Philippines,Lapu-Lapu City,13
2023-04-26,Philippines,Quezon City,2
2023-04-11,Philippines,Legazpi City,3
2023-04-11,Philippines,Mandaue City,1
2023-04-11,Philippines,Iloilo City,1
2023-03-13,Philippines,Tagum City,1
2023-10-14,Philippines,Malay,1
2023-03-12,Philippines,Cebu City,2
2023-02-08,Philippines,Puerto Princesa City,3
2023-02-08,Philippines,Baguio City,2
2023-07-05,Philippines,Silang,1
2023-09-02,Philippines,Cebu City,5
2023-09-02,Philippines,Manila City,2
2023-04-19,Philippines,Coron,1
2023-05-11,Philippines,Quezon City,8
2023-05-11,Philippines,Butuan City,1
2023-05-11,Philippines,El Nido,2
2023-05-25,Philippines,Quezon City,12
2023-05-25,Philippines,Davao City,7
2023-09-01,Philippines,Lapu-Lapu City,5
2023-05-25,Philippines,Tagbilaran City,2
2023-04-04,Philippines,Antipolo City,1
2023-04-04,Philippines,Ormoc City,1
2023-01-20,Philippines,Quezon City,3
2023-05-10,Philippines,Taguig,3
2023-04-07,Philippines,Moalboal,1
2023-04-07,Philippines,Manila City,2
2023-08-08,Philippines,Makati City,10
2023-05-28,Philippines,Angeles City,1
2023-09-19,Philippines,San Juan,2
2023-04-29,Philippines,Makati City,24
2023-04-29,Philippines,Pasay City,7
2023-04-14,Philippines,Lapu-Lapu City,10
2023-01-31,Philippines,General Santos City,1
2023-11-15,Philippines,Parañaque,2
2023-10-09,Philippines,Cebu City,3
2023-08-07,Philippines,Vigan City,1
2023-05-24,Philippines,Angeles City,1
2023-04-16,Philippines,San Vicente,2
2023-06-30,Philippines,Davao City,1
2023-09-27,Philippines,Canlaon City,1
2023-06-13,Philippines,Quezon City,2
2023-03-09,Philippines,Tagaytay City,1
2023-03-09,Philippines,Urdaneta City,2
2023-01-01,Philippines,Pasay City,3
2023-08-06,Philippines,Lapu-Lapu City,25
2023-09-13,Philippines,Cordoba,1
2023-05-22,Philippines,Asturias,1
2023-02-21,Philippines,Legazpi City,2
2023-06-01,Philippines,Mandaue City,1
2023-06-11,Philippines,Naga City,2
2023-01-29,Philippines,Iloilo City,1
2023-02-10,Philippines,Asturias,1
2023-05-08,Philippines,Lapu-Lapu City,23
2023-01-17,Philippines,San Juan,4
2023-01-17,Philippines,Las Piñas,1
2023-06-14,Philippines,Tuguegarao City,1
2023-05-02,Philippines,Manila City,5
2023-05-02,Philippines,Nasugbu,1
2023-05-07,Philippines,Pasig City,2
2023-06-23,Philippines,Manila City,3
2023-09-06,Philippines,Davao City,2
2023-09-05,Philippines,Panglao,2
2023-06-22,Philippines,Kalibo,1
2023-05-04,Philippines,Calamba City,1
2023-05-03,Philippines,Oslob,1
2023-08-21,Philippines,Tarlac City,1
2023-02-16,Philippines,Mandaluyong,1
2023-06-06,Philippines,Iloilo City,4
2023-06-06,Philippines,Las Piñas,1
2023-02-15,Philippines,Tagum City,2
2023-02-05,Philippines,Gerona,1
2023-07-02,Philippines,Lapu-Lapu City,37
2023-02-19,Philippines,Tuguegarao City,1
2023-07-16,Philippines,Pasig City,1
2023-02-04,Philippines,Cebu City,3
2023-06-09,Philippines,Bacolod City,7
2023-06-09,Philippines,Pagudpud,1
2023-02-18,Philippines,Silang,1
2023-03-10,Philippines,Malay,1
2023-06-08,Philippines,Davao City,4
2023-03-24,Philippines,Quezon City,2
2023-02-27,Philippines,Iloilo City,4
2023-06-03,Philippines,Kalibo,1
2023-06-17,Philippines,Mandaue City,1
2023-02-26,Philippines,Santiago,1
2023-07-23,Philippines,Malay,1
2023-07-23,Philippines,Roxas City,1
2023-06-16,Philippines,Kalookan City,2
2023-06-19,Philippines,Pasig City,7
2023-06-19,Philippines,Silang,1
2023-07-26,Philippines,El Nido,1
2023-06-04,Philippines,Davao City,2
2023-07-11,Philippines,Batangas City,1
2023-03-20,Philippines,Parañaque,1
2023-08-01,Philippines,Pasig City,1
2023-05-31,Philippines,Mandaue City,2
2023-05-31,Philippines,Davao City,2
2023-07-08,Philippines,Mandaue City,1
2023-03-03,Philippines,Pasig City,2
2023-04-10,Philippines,El Nido,1
2023-04-24,Philippines,Mandaue City,1
2023-05-30,Philippines,Moalboal,1
2023-05-30,Philippines,Makilala,2
2023-05-30,Philippines,Quezon City,6
2023-08-14,Philippines,Cebu City,9
2023-03-02,Philippines,El Nido,1
2023-10-19,Philippines,Davao City,1
2023-04-23,Philippines,Quezon City,1
2023-04-27,Philippines,Parañaque,4
2023-03-06,Philippines,Pasay City,1
2023-03-05,Philippines,Kalibo,1
2023-03-05,Philippines,Tacloban City,4
2023-10-27,Philippines,Quezon City,2
2023-04-11,Philippines,Mambajao,1
2023-02-07,Philippines,Lapu-Lapu City,3
2023-08-25,Philippines,San Juan,3
2023-04-20,Philippines,Quezon City,16
2023-04-20,Philippines,Mandaue City,3
2023-07-18,Philippines,Parañaque,2
2023-07-03,Philippines,Cebu City,8
2023-07-17,Philippines,Makati City,7
2023-11-21,Philippines,Cordoba,1
2023-09-20,Philippines,Antipolo City,1
2023-07-06,Philippines,Vigan City,1
2023-07-06,Philippines,Calamba City,1
2023-03-15,Philippines,San Juan,1
2023-03-15,Philippines,Panglao,1
2023-03-15,Philippines,Manila City,1
2023-03-01,Philippines,San Juan,2
2023-02-08,Philippines,Quezon City,3
2023-08-26,Philippines,Cebu City,2
2023-07-05,Philippines,Pasig City,1
2023-03-14,Philippines,Gerona,1
2023-05-26,Philippines,General Santos City,1
2023-05-11,Philippines,Pasay City,15
2023-05-11,Philippines,Nasugbu,1
2023-05-25,Philippines,Cebu City,8
2023-05-25,Philippines,Puerto Princesa City,1
2023-04-04,Philippines,Sigma,1
2023-04-04,Philippines,Silang,2
2023-09-29,Philippines,Manila City,1
2023-11-03,Philippines,Pasay City,1
2023-06-20,Philippines,Tuguegarao City,1
2023-05-14,Philippines,Lapu-Lapu City,10
2023-05-12,Philippines,Pasig City,1
2023-09-17,Philippines,Malay,2
2023-04-15,Philippines,General Santos City,1
2023-04-06,Philippines,Manila City,7
2023-03-08,Philippines,Gerona,2
2023-09-26,Philippines,Manila City,4
2023-04-28,Philippines,Baguio City,1
2023-11-15,Philippines,San Juan,3
2023-04-13,Philippines,Pasay City,12
2023-10-09,Philippines,Makati City,5
2023-04-17,Philippines,Lapu-Lapu City,12
2023-05-24,Philippines,Cebu City,8
2023-04-16,Philippines,Parañaque,4
2023-10-06,Philippines,Panglao,2
2023-04-03,Philippines,San Juan,3
2023-06-13,Philippines,Tacloban City,1
2023-03-09,Philippines,Davao City,7
2023-02-22,Philippines,Puerto Princesa City,1
2023-09-13,Philippines,San Juan,1
2023-04-01,Philippines,Pasay City,2
2023-02-21,Philippines,Pasay City,16
2023-06-01,Philippines,Pasay City,19
2023-02-10,Philippines,Santa Rosa City,1
2023-02-10,Philippines,Cebu City,1
2023-03-31,Philippines,Mataas Na Kahoy,1
2023-01-17,Philippines,Tarlac City,1
2023-06-12,Philippines,Angeles City,2
2023-06-14,Philippines,Santa Fe,1
2023-06-14,Philippines,Tacloban City,1
2023-06-14,Philippines,Baler,1
2023-06-15,Philippines,Coron,1
2023-06-28,Philippines,Mandaue City,1
2023-06-28,Philippines,Makati City,13
2023-06-28,Philippines,Pasay City,3
2023-07-20,Philippines,Mandaluyong,1
2023-07-20,Philippines,Tacloban City,1
2023-04-08,Philippines,Ormoc City,1
2023-04-08,Philippines,Naga City,1
2023-04-08,Philippines,Olongapo City,1
2023-01-24,Philippines,Quezon City,1
2023-05-16,Philippines,Cordoba,1
2023-01-16,Philippines,Puerto Princesa City,1
2023-05-29,Philippines,General Santos City,3
2023-05-15,Philippines,Cebu City,7
2023-09-06,Philippines,Pasig City,3
2023-09-05,Philippines,Mandaue City,2
2023-06-22,Philippines,Mabalacat,2
2023-11-07,Philippines,Cebu City,2
2023-06-21,Philippines,Silang,1
2023-02-17,Philippines,Puerto Princesa City,3
2023-07-14,Philippines,Moalboal,1
2023-03-23,Philippines,Tagum City,1
2023-08-20,Philippines,Makati City,9
2023-02-16,Philippines,Manila City,4
2023-02-16,Philippines,Dasmariñas,1
2023-07-13,Philippines,Pasig City,4
2023-07-13,Philippines,Davao City,18
2023-03-22,Philippines,El Nido,2
2023-06-06,Philippines,Pagudpud,1
2023-02-15,Philippines,Panglao,2
2023-07-02,Philippines,Cebu City,6
2023-02-19,Philippines,Silang,1
2023-07-16,Philippines,Pasay City,10
2023-07-15,Philippines,Pasay City,12
2023-07-29,Philippines,Pasig City,1
2023-03-10,Philippines,Urdaneta City,1
2023-06-08,Philippines,Puerto Princesa City,2
2023-06-08,Philippines,Bangui,1
2023-06-17,Philippines,Makati City,12
2023-07-23,Philippines,Baguio City,1
2023-06-02,Philippines,Bacolod City,3
2023-06-16,Philippines,Kalibo,1
2023-05-09,Philippines,Bangui,1
2023-05-09,Philippines,San Fernando City,1
2023-10-20,Philippines,Manila City,2
2023-07-12,Philippines,Taguig,2
2023-06-05,Philippines,Tagaytay City,6
2023-01-08,Philippines,San Juan,2
2023-07-26,Philippines,Pasig City,1
2023-02-14,Philippines,Mati City,1
2023-03-21,Philippines,Parañaque,1
2023-02-14,Philippines,Tagaytay City,1
2023-02-28,Philippines,Pili,1
2023-02-28,Philippines,Pasay City,5
2023-02-28,Philippines,Ormoc City,1
2023-02-28,Philippines,San Francisco,1
2023-06-04,Philippines,Mandaue City,2
2023-06-04,Philippines,Oslob,1
2023-06-04,Philippines,Tuguegarao City,1
2023-07-11,Philippines,Mabalacat,2
2023-03-20,Philippines,Lapu-Lapu City,7
2023-07-10,Philippines,Baguio City,1
2023-07-10,Philippines,Panglao,1
2023-07-25,Philippines,Quezon City,1
2023-08-29,Philippines,San Juan,2
2023-04-10,Philippines,Manila City,3
2023-04-10,Philippines,Bacolor,1
2023-04-24,Philippines,Manila City,5
2023-04-24,Philippines,Kalookan City,3
2023-04-24,Philippines,San Francisco,1
2023-11-10,Philippines,Pasig City,2
2023-09-21,Philippines,Pasay City,4
2023-05-30,Philippines,Dasmariñas,2
2023-08-28,Philippines,Cebu City,3
2023-03-02,Philippines,Roxas City,3
2023-03-06,Philippines,General Santos City,2
2023-03-06,Philippines,San Vicente,1
2023-11-22,Philippines,Panglao,1
2023-03-05,Philippines,Makati City,13
2023-03-05,Philippines,Baguio City,1
2023-04-26,Philippines,Calamba City,1
2023-07-09,Philippines,Cebu City,13
2023-07-09,Philippines,Baguio City,1
2023-04-11,Philippines,Kalibo,1
2023-04-20,Philippines,Angeles City,1
2023-04-20,Philippines,Tagaytay City,1
2023-03-27,Philippines,Baguio City,1
2023-03-27,Philippines,Subic,1
2023-07-03,Philippines,Lapu-Lapu City,27
2023-09-20,Philippines,General Santos City,1
2023-10-11,Philippines,Makati City,9
2023-02-09,Philippines,Pasig City,2
2023-08-27,Philippines,Makati City,7
2023-07-06,Philippines,Cagayan de Oro City,2
2023-03-01,Philippines,Baler,1
2023-08-26,Philippines,Oslob,1
2023-07-05,Philippines,Makati City,11
2023-09-02,Philippines,Makati City,5
2023-05-26,Philippines,Mandaue City,2
2023-05-26,Philippines,Vigan City,1
2023-05-25,Philippines,Cagayan de Oro City,1
2023-09-15,Philippines,Bacolod City,2
2023-04-18,Philippines,Manila City,7
2023-09-29,Philippines,Santa Rosa City,1
2023-11-05,Philippines,Tarlac City,1
2023-04-07,Philippines,Lapu-Lapu City,11
2023-04-07,Philippines,Mandaluyong,1
2023-08-08,Philippines,Malay,1
2023-05-28,Philippines,Pasay City,13
2023-05-28,Philippines,General Santos City,1
2023-05-28,Philippines,Makati City,8
2023-11-03,Philippines,Bacolod City,2
2023-01-23,Philippines,Davao City,2
2023-11-18,Philippines,Panglao,1
2023-05-28,Philippines,Baguio City,1
2023-05-14,Philippines,Pasig City,1
2023-05-27,Philippines,San Juan,4
2023-05-27,Philippines,General Santos City,1
2023-09-03,Philippines,Davao City,1
2023-09-03,Philippines,Lapu-Lapu City,4
2023-09-17,Philippines,Manila City,1
2023-04-15,Philippines,Cebu City,5
2023-05-12,Philippines,Urdaneta City,2
2023-10-08,Philippines,Davao City,2
2023-09-26,Philippines,Bacolod City,1
2023-04-14,Philippines,Pasay City,16
2023-05-20,Philippines,Quezon City,1
2023-09-12,Philippines,Manila City,2
2023-04-13,Philippines,Cebu City,1
2023-04-13,Philippines,Daraga,1
2023-05-23,Philippines,Baguio City,2
2023-03-09,Philippines,Makilala,1
2023-05-06,Philippines,Pasay City,18
2023-09-13,Philippines,Makati City,11
2023-09-13,Philippines,El Nido,1
2023-06-26,Philippines,Bacolod City,3
2023-02-21,Philippines,Tuguegarao City,1
2023-06-01,Philippines,Gerona,1
2023-06-11,Philippines,Quezon City,5
2023-06-11,Philippines,Antipolo City,2
2023-02-10,Philippines,Calamba City,1
2023-03-31,Philippines,Lapu-Lapu City,12
2023-05-08,Philippines,Iloilo City,5
2023-01-15,Philippines,Cebu City,1
2023-06-15,Philippines,Silay City,1
2023-06-15,Philippines,Olongapo City,1
2023-04-09,Philippines,Pasay City,4
2023-04-09,Philippines,Gerona,1
2023-06-28,Philippines,Malay,1
2023-05-07,Philippines,Manila City,4
2023-02-23,Philippines,Batangas City,1
2023-04-08,Philippines,Antipolo City,2
2023-05-16,Philippines,Moalboal,1
2023-05-29,Philippines,Kalookan City,2
2023-01-25,Philippines,Bacolod City,1
2023-09-06,Philippines,Quezon City,2
2023-02-24,Philippines,Parañaque,1
2023-05-01,Philippines,Parañaque,2
2023-01-28,Philippines,Davao City,3
2023-06-21,Philippines,Pasay City,14
2023-06-10,Philippines,Puerto Princesa City,1
2023-05-17,Philippines,Nasugbu,1
2023-09-07,Philippines,Liloan,1
2023-01-26,Philippines,San Juan,2
2023-04-30,South Korea,Jung,7
2023-02-02,South Korea,Dong,1
2023-10-24,South Korea,Gangnam,2
2023-03-10,South Korea,Jongro,3
2023-03-10,South Korea,Changwon,1
2023-03-24,South Korea,Seodaemun,1
2023-06-17,South Korea,Seodaemun,1
2023-08-31,South Korea,Gangseo,1
2023-11-10,South Korea,Bupyeong,1
2023-03-19,South Korea,Seogwipo,1
2023-10-28,South Korea,Mapo,1
2023-10-14,South Korea,Jung,4
2023-10-14,South Korea,Seodaemun,1
2023-03-14,South Korea,Jung,6
2023-11-04,South Korea,Yeosu,1
2023-09-02,South Korea,Jeju,2
2023-04-19,South Korea,Jeju,1
2023-05-26,South Korea,Yeongdeungpo,1
2023-11-03,South Korea,Suyeong,1
2023-05-27,South Korea,Seodaemun,1
2023-05-21,South Korea,Jung,4
2023-11-01,South Korea,Jung,21
2023-11-01,South Korea,Jeju,1
2023-11-13,South Korea,Jung,8
2023-04-17,South Korea,Haeundae,2
2023-04-16,South Korea,Gangnam,1
2023-01-30,South Korea,Jung,3
2023-06-27,South Korea,Jeonju,1
2023-01-11,South Korea,Jung,2
2023-01-28,South Korea,Mapo,1
2023-09-07,South Korea,Dong,1
2023-04-30,South Korea,Yeongdeungpo,3
2023-02-02,South Korea,Gangnam,1
2023-10-10,South Korea,Dong,2
2023-01-06,South Korea,Seodaemun,1
2023-06-19,South Korea,Dongjak,2
2023-07-26,South Korea,Busanjin,1
2023-10-31,South Korea,Yongsan,1
2023-07-25,South Korea,Gangnam,1
2023-08-31,South Korea,Jung,5
2023-08-01,South Korea,Seocho,1
2023-04-23,South Korea,Jeju,1
2023-03-06,South Korea,Yeongdeungpo,2
2023-08-17,South Korea,Jung,4
2023-10-27,South Korea,Gangnam,1
2023-04-20,South Korea,Haeundae,1
2023-03-28,South Korea,Dong,2
2023-02-06,South Korea,Seongnam,1
2023-10-28,South Korea,Yongin,1
2023-09-30,South Korea,Suyeong,1
2023-10-11,South Korea,Gangnam,1
2023-02-08,South Korea,Gangnam,2
2023-10-12,South Korea,Changwon,1
2023-04-07,South Korea,Gwang-jin,1
2023-08-08,South Korea,Haeundae,1
2023-04-06,South Korea,Seongbuk,1
2023-01-31,South Korea,Haeundae,1
2023-04-29,South Korea,Yeongdeungpo,2
2023-06-13,South Korea,Dong,1
2023-02-10,South Korea,Dong,1
2023-05-05,South Korea,Yongsan,1
2023-03-31,South Korea,Gangnam,1
2023-01-15,South Korea,Yangsan,1
2023-07-20,South Korea,Jung,2
2023-05-01,South Korea,N/A,1
2023-09-05,South Korea,Seogwipo,1
2023-01-28,South Korea,Yeongdeungpo,1
2023-11-06,South Korea,Gangnam,1
2023-06-24,South Korea,Jung,2
2023-04-30,South Korea,Yangsan,1
2023-02-02,South Korea,Jongro,1
2023-10-24,South Korea,Dong,3
2023-07-16,South Korea,Jongro,1
2023-06-09,South Korea,Jongro,1
2023-02-18,South Korea,Jeju,1
2023-10-22,South Korea,Seogwipo,1
2023-06-08,South Korea,Jeju,1
2023-01-04,South Korea,Jung,6
2023-01-08,South Korea,Yongsan,1
2023-01-07,South Korea,Jongro,2
2023-03-04,South Korea,Seodaemun,4
2023-04-10,South Korea,N/A,1
2023-10-19,South Korea,Dong,1
2023-11-11,South Korea,Jung,5
2023-10-15,South Korea,Jeju,2
2023-03-19,South Korea,Jung,4
2023-10-28,South Korea,Jongro,1
2023-10-12,South Korea,Jung,3
2023-03-14,South Korea,Dong,2
2023-09-15,South Korea,Jung,4
2023-04-18,South Korea,Haeundae,1
2023-11-05,South Korea,Jung,5
2023-05-10,South Korea,Jung,11
2023-09-03,South Korea,Jung,4
2023-11-14,South Korea,Jung,4
2023-04-15,South Korea,Dong-daemun,1
2023-04-06,South Korea,Busanjin,1
2023-05-21,South Korea,Gwang-jin,1
2023-05-21,South Korea,Gangnam,1
2023-09-11,South Korea,Haeundae,1
2023-09-28,South Korea,Jeju,1
2023-10-05,South Korea,Songpa,1
2023-04-01,South Korea,Seongbuk,1
2023-04-02,South Korea,Jongro,1
2023-06-01,South Korea,Seodaemun,1
2023-10-30,South Korea,Jongro,1
2023-10-30,South Korea,Seongdong,2
2023-01-29,South Korea,Jung,13
2023-07-20,South Korea,Jeju,1
2023-04-08,South Korea,Haeundae,1
2023-01-25,South Korea,Busanjin,1
2023-09-06,South Korea,Jung,5
2023-06-22,South Korea,Seodaemun,1
2023-06-21,South Korea,Gwang-jin,1
2023-11-06,South Korea,Sasang,1
2023-09-07,South Korea,Gangneung,1
2023-11-08,South Korea,Gangnam,1
2023-04-30,South Korea,Dong,1
2023-07-28,South Korea,Seodaemun,3
2023-03-22,South Korea,Seogwipo,2
2023-06-06,South Korea,Dong,1
2023-07-29,South Korea,Gangnam,1
2023-02-03,South Korea,Jung,2
2023-01-19,South Korea,Suyeong,1
2023-01-08,South Korea,Jongro,1
2023-01-07,South Korea,Seodaemun,1
2023-08-01,South Korea,Jung,1
2023-04-10,South Korea,Dobong,1
2023-04-24,South Korea,Jung,5
2023-05-30,South Korea,Jeju,1
2023-08-03,South Korea,Gangnam,4
2023-03-05,South Korea,Seodaemun,1
2023-03-19,South Korea,Jeju,1
2023-08-25,South Korea,Dong-daemun,1
2023-07-18,South Korea,Busanjin,1
2023-10-25,South Korea,N/A,1
2023-03-29,South Korea,Gangnam,1
2023-04-04,South Korea,Gangnam,2
2023-09-29,South Korea,Gangnam,1
2023-09-29,South Korea,Haeundae,1
2023-05-12,South Korea,Dong,1
2023-01-30,South Korea,Dong,2
2023-04-03,South Korea,Jung,4
2023-08-06,South Korea,Gyeongju,1
2023-08-06,South Korea,Jeju,1
2023-06-27,South Korea,Mapo,1
2023-06-27,South Korea,Jung,4
2023-02-21,South Korea,Nam,1
2023-05-02,South Korea,Jung,4
2023-01-16,South Korea,Seogwipo,1
2023-09-05,South Korea,Jung,7
2023-07-21,South Korea,Dong-daemun,1
2023-01-27,South Korea,Jung,4
2023-06-10,South Korea,Dongjak,2
2023-02-01,South Korea,Jeju,4
2023-03-22,South Korea,Gangnam,1
2023-07-15,South Korea,Haeundae,1
2023-03-10,South Korea,Pohang,1
2023-02-27,South Korea,Jung,7
2023-01-19,South Korea,Jung,7
2023-07-12,South Korea,Seongdong,1
2023-03-21,South Korea,Gangseo,2
2023-07-25,South Korea,Gunsan,2
2023-05-31,South Korea,Jung,4
2023-04-10,South Korea,Seodaemun,1
2023-03-06,South Korea,Changwon,1
2023-10-01,South Korea,Jung,2
2023-10-02,South Korea,Jung,3
2023-10-27,South Korea,Seogwipo,2
2023-03-27,South Korea,Jeju,1
2023-10-28,South Korea,Seodaemun,1
2023-04-22,South Korea,Sasang,1
2023-09-02,South Korea,Dong,1
2023-04-19,South Korea,Jeonju,1
2023-09-26,South Korea,Mapo,2
2023-09-28,South Korea,Seodaemun,1
2023-01-01,South Korea,Jongro,1
2023-02-21,South Korea,Seongbuk,1
2023-10-30,South Korea,Seodaemun,1
2023-07-22,South Korea,Jung,2
2023-11-09,South Korea,Seongdong,1
2023-07-21,South Korea,Seodaemun,5
2023-05-01,South Korea,Seodaemun,2
2023-01-28,South Korea,Jung,6
2023-02-19,South Korea,Seongbuk,1
2023-08-31,South Korea,Dong-daemun,1
2023-04-27,South Korea,Gijang,1
2023-04-12,South Korea,Yongsan,1
2023-04-12,South Korea,Jung,7
2023-03-29,South Korea,Seodaemun,3
2023-09-02,South Korea,Changwon,1
2023-05-26,South Korea,Gangnam,3
2023-05-10,South Korea,Seodaemun,1
2023-05-10,South Korea,Jongro,1
2023-05-13,South Korea,Jung,4
2023-08-19,South Korea,Gangnam,1
2023-04-17,South Korea,Gapyeong,1
2023-04-02,South Korea,Seodaemun,1
2023-05-05,South Korea,Jeju,1
2023-01-18,South Korea,Yangsan,1
2023-01-18,South Korea,Dong,6
2023-03-31,South Korea,Jung,2
2023-05-08,South Korea,Namdong,1
2023-03-30,South Korea,Saha,1
2023-05-01,South Korea,Gijang,1
2023-06-10,South Korea,Seocho,1
2023-07-14,South Korea,Yongsan,1
2023-10-23,South Korea,Jung,4
2023-03-23,South Korea,Seogwipo,2
2023-03-22,South Korea,Jongro,1
2023-06-06,South Korea,Jung,4
2023-03-26,South Korea,Jung,6
2023-01-06,South Korea,Jung,6
2023-06-02,South Korea,Jung,3
2023-05-09,South Korea,Seodaemun,2
2023-01-07,South Korea,Yeongdeungpo,1
2023-07-10,South Korea,Gangnam,1
2023-03-03,South Korea,Haeundae,1
2023-11-10,South Korea,Seongdong,1
2023-11-10,South Korea,Gangnam,1
2023-03-02,South Korea,Seodaemun,1
2023-04-27,South Korea,Jongro,1
2023-04-26,South Korea,Dong,2
2023-09-23,South Korea,Haeundae,1
2023-07-09,South Korea,Daedeok,2
2023-04-20,South Korea,Jung,5
2023-03-28,South Korea,Jung,4
2023-03-12,South Korea,Jung,7
2023-08-27,South Korea,Seodaemun,2
2023-03-01,South Korea,Dong,5
2023-10-26,South Korea,Gangnam,1
2023-04-19,South Korea,Jung,12
2023-09-01,South Korea,Seodaemun,2
2023-01-23,South Korea,Jung,3
2023-05-28,South Korea,Mapo,1
2023-05-27,South Korea,Jongro,1
2023-10-07,South Korea,Yeongdeungpo,2
2023-11-01,South Korea,Seongdong,1
2023-05-20,South Korea,Seodaemun,1
2023-08-18,South Korea,Gwangmyeong,1
2023-08-18,South Korea,Gangnam,1
2023-04-17,South Korea,Jung,4
2023-01-01,South Korea,Hwaseong,1
2023-05-22,South Korea,Jung,2
2023-02-21,South Korea,Yeongdeungpo,1
2023-06-29,South Korea,Jung,3
2023-05-19,South Korea,Haeundae,1
2023-05-08,South Korea,Jung,6
2023-01-17,South Korea,Gangnam,2
2023-07-20,South Korea,Yeongdeungpo,1
2023-02-24,South Korea,Jung,8
2023-05-01,South Korea,Jeonju,1
2023-02-20,South Korea,Gangnam,1
2023-06-25,South Korea,Gwang-jin,1
2023-09-08,South Korea,Jongro,1
2023-02-17,South Korea,Haeundae,1
2023-07-14,South Korea,Jeju,1
2023-10-10,South Korea,Jung,4
2023-07-26,South Korea,Seodaemun,2
2023-03-04,South Korea,Seongdong,2
2023-10-04,South Korea,Haeundae,1
2023-10-15,South Korea,Gangnam,2
2023-08-11,South Korea,Gijang,1
2023-07-17,South Korea,Yeosu,1
2023-03-16,South Korea,Dong,1
2023-08-13,South Korea,Gangnam,2
2023-03-01,South Korea,Jung,10
2023-04-21,South Korea,Haeundae,1
2023-04-05,South Korea,Mapo,1
2023-04-19,South Korea,Gangbuk,1
2023-03-14,South Korea,Jeju,1
2023-04-07,South Korea,Seongbuk,1
2023-08-08,South Korea,Nam,1
2023-09-18,South Korea,Seodaemun,2
2023-01-31,South Korea,Jongro,1
2023-08-07,South Korea,Pohang,3
2023-10-05,South Korea,Seongbuk,1
2023-01-18,South Korea,Jung,9
2023-04-09,South Korea,Seodaemun,1
2023-05-02,South Korea,Jongro,1
2023-11-09,South Korea,Bupyeong,2
2023-11-09,South Korea,Seongbuk,1
2023-09-09,South Korea,Seongdong,2
2023-05-16,South Korea,Haeundae,1
2023-01-27,South Korea,Pohang,1
2023-08-21,South Korea,Gangnam,2
2023-10-23,South Korea,Seongdong,1
2023-07-27,South Korea,Busanjin,1
2023-10-21,South Korea,Seogwipo,1
2023-06-09,South Korea,Seongbuk,1
2023-08-22,South Korea,Haeundae,1
2023-08-22,South Korea,Gangnam,2
2023-07-01,South Korea,Haeundae,1
2023-10-22,South Korea,Jung,1
2023-01-06,South Korea,Jeju,1
2023-06-17,South Korea,Jung,3
2023-01-05,South Korea,Busanjin,1
2023-02-11,South Korea,Haeundae,1
2023-06-19,South Korea,Seongbuk,1
2023-03-04,South Korea,Mapo,1
2023-07-08,South Korea,Seogwipo,1
2023-11-10,South Korea,Jung,7
2023-03-02,South Korea,Jung,17
2023-04-12,South Korea,Gangnam,1
2023-04-12,South Korea,Seodaemun,1
2023-04-26,South Korea,Sasang,1
2023-07-18,South Korea,Gwang-jin,1
2023-02-06,South Korea,Yeongdeungpo,1
2023-10-26,South Korea,Jung,4
2023-04-22,South Korea,Jeju,2
2023-04-05,South Korea,Haeundae,1
2023-04-04,South Korea,Gwang-jin,1
2023-04-18,South Korea,Jeju,1
2023-09-18,South Korea,Jung,5
2023-06-20,South Korea,Seongdong,1
2023-05-13,South Korea,Jeju,1
2023-03-08,South Korea,Jeju,1
2023-10-08,South Korea,Seodaemun,1
2023-04-14,South Korea,Seodaemun,1
2023-04-29,South Korea,Busanjin,1
2023-08-06,South Korea,Seodaemun,1
2023-05-22,South Korea,Yeonje,1
2023-06-11,South Korea,Seongbuk,1
2023-01-15,South Korea,Seodaemun,1
2023-04-09,South Korea,Jongro,1
2023-01-03,South Korea,Dong,1
2023-01-11,South Korea,Busanjin,1
2023-11-06,South Korea,Mapo,1
2023-08-21,South Korea,Jongro,1
2023-10-23,South Korea,Jeju,1
2023-10-24,South Korea,Jung,3
2023-07-13,South Korea,Jung,6
2023-10-10,South Korea,Gangnam,1
2023-07-02,South Korea,Seogwipo,1
2023-07-16,South Korea,Gwang-jin,1
2023-03-25,South Korea,Haeundae,3
2023-06-08,South Korea,Dongjak,1
2023-05-09,South Korea,Gangnam,1
2023-01-08,South Korea,Mapo,1
2023-06-19,South Korea,Geum-cheon,1
2023-03-18,South Korea,Gangnam,2
2023-03-18,South Korea,Gangneung,1
2023-08-15,South Korea,Dongjak,1
2023-03-03,South Korea,Dong,2
2023-04-24,South Korea,Suncheon,1
2023-03-06,South Korea,Jung,5
2023-03-19,South Korea,Gangseo,1
2023-04-26,South Korea,Mapo,1
2023-07-18,South Korea,Gangnam,1
2023-03-16,South Korea,Seogwipo,1
2023-08-13,South Korea,Seodaemun,1
2023-01-21,South Korea,Dong,1
2023-04-18,South Korea,Gangnam,1
2023-01-23,South Korea,Changwon,1
2023-09-17,South Korea,Jung,4
2023-03-07,South Korea,Seodaemun,1
2023-09-14,South Korea,Jung,4
2023-03-09,South Korea,Mapo,1
2023-02-10,South Korea,Jung,7
2023-10-30,South Korea,Gwang-jin,1
2023-01-02,South Korea,Changwon,1
2023-02-21,South Korea,Gangnam,1
2023-04-08,South Korea,Jeju,2
2023-11-09,South Korea,Buk,1
2023-11-09,South Korea,Jung,7
2023-11-09,South Korea,Gangseo,4
2023-09-06,South Korea,Seongdong,1
2023-06-24,South Korea,Seodaemun,1
2023-03-23,South Korea,Jung,7
2023-03-25,South Korea,Gangnam,1
2023-07-15,South Korea,Jung,2
2023-06-08,South Korea,Goyang,1
2023-05-09,South Korea,Jongro,1
2023-07-12,South Korea,Pyeongchang,1
2023-01-08,South Korea,Jung,3
2023-10-02,South Korea,Jeonju,1
2023-04-11,South Korea,Yongsan,2
2023-03-01,South Korea,Yeongdeungpo,1
2023-11-19,South Korea,Seodaemun,1
2023-05-11,South Korea,Jongro,1
2023-01-20,South Korea,Seongbuk,1
2023-11-17,South Korea,Seodaemun,1
2023-04-15,South Korea,Jeju,2
2023-10-07,South Korea,Haeundae,1
2023-10-08,South Korea,Jung,7
2023-04-14,South Korea,Seongdong,2
2023-09-12,South Korea,Buk,1
2023-09-12,South Korea,Gwang-jin,1
2023-09-12,South Korea,Seongdong,3
2023-09-25,South Korea,Jung,5
2023-04-17,South Korea,Gangseo,1
2023-03-09,South Korea,Seogwipo,1
2023-02-10,South Korea,Gangnam,1
2023-01-15,South Korea,Jung,2
2023-01-16,South Korea,Dong,4
2023-01-25,South Korea,Seodaemun,2
2023-07-21,South Korea,Jongro,1
2023-11-06,South Korea,Jung,5
2023-01-27,South Korea,Dong,2
2023-02-16,South Korea,Seongnam,1
2023-02-05,South Korea,Jung,4
2023-08-23,South Korea,Dong,1
2023-03-26,South Korea,Seongbuk,1
2023-06-02,South Korea,Seodaemun,2
2023-04-25,South Korea,Jongro,1
2023-03-03,South Korea,Mapo,1
2023-11-10,South Korea,Jeju,1
2023-09-21,South Korea,Haeundae,2
2023-10-04,South Korea,Jung,6
2023-10-02,South Korea,Seongdong,2
2023-09-23,South Korea,Yeongdeungpo,1
2023-04-11,South Korea,Jung,5
2023-02-07,South Korea,Jongro,1
2023-11-21,South Korea,Seongdong,1
2023-04-22,South Korea,Suyeong,1
2023-05-11,South Korea,Seogwipo,2
2023-04-07,South Korea,Buk,1
2023-08-08,South Korea,Jung,5
2023-01-23,South Korea,Jongro,1
2023-05-13,South Korea,Yeongdeungpo,1
2023-05-12,South Korea,Seodaemun,1
2023-04-06,South Korea,Jung,5
2023-04-28,South Korea,Haeundae,1
2023-08-04,South Korea,Dong,1
2023-05-24,South Korea,Seongbuk,1
2023-06-13,South Korea,Goyang,1
2023-02-22,South Korea,Jeju,1
2023-04-02,South Korea,Changwon,1
2023-06-26,South Korea,Chuncheon,1
2023-02-10,South Korea,Haeundae,1
2023-03-31,South Korea,Jeju,2
2023-06-15,South Korea,Songpa,2
2023-06-15,South Korea,Jung,4
2023-06-28,South Korea,Seongdong,1
2023-05-01,South Korea,Jung,6
2023-06-22,South Korea,Dong,1
2023-08-23,South Korea,Jeju,1
2023-02-04,South Korea,Jung,5
2023-06-17,South Korea,Yeongdeungpo,2
2023-02-26,South Korea,Jung,6
2023-08-29,South Korea,N/A,1
2023-03-03,South Korea,Yongsan,3
2023-10-04,South Korea,Suwon,1
2023-07-07,South Korea,Seongdong,1
2023-10-29,South Korea,Jung,8
2023-11-22,South Korea,Jung,1
2023-03-19,South Korea,Gangnam,1
2023-03-19,South Korea,Gwangsan,1
2023-10-27,South Korea,Jung,15
2023-03-28,South Korea,Seongdong,2
2023-07-18,South Korea,Jongro,1
2023-10-25,South Korea,Jeju,1
2023-02-08,South Korea,Jung,7
2023-07-19,South Korea,Jung,3
2023-04-19,South Korea,Dong-daemun,1
2023-04-04,South Korea,Gangseo,1
2023-04-14,South Korea,Dong,2
2023-05-20,South Korea,Dong,1
2023-10-06,South Korea,Jung,6
2023-04-09,South Korea,Dong,1
2023-01-25,South Korea,Jung,4
2023-02-24,South Korea,Jeju,3
2023-09-05,South Korea,Jeju,1
2023-03-22,South Korea,Mapo,1
2023-07-16,South Korea,Seongbuk,1
2023-08-22,South Korea,Jung,4
2023-03-24,South Korea,Dong,1
2023-08-30,South Korea,Jung,2
2023-06-04,South Korea,Dong,2
2023-06-18,South Korea,Seongbuk,1
2023-07-10,South Korea,Jung,1
2023-02-13,South Korea,Busanjin,2
2023-03-04,South Korea,Gangnam,1
2023-03-03,South Korea,Seongdong,1
2023-08-14,South Korea,Jung,1
2023-10-19,South Korea,Jung,4
2023-08-03,South Korea,Seongbuk,1
2023-03-19,South Korea,Dong,1
2023-03-28,South Korea,Daedeok,2
2023-10-28,South Korea,Seogwipo,2
2023-08-27,South Korea,Pohang,1
2023-08-12,South Korea,Jung,4
2023-11-04,South Korea,Yongsan,1
2023-09-02,South Korea,Haeundae,1
2023-11-03,South Korea,Dong,1
2023-09-18,South Korea,Dobong,1
2023-05-27,South Korea,Jung,5
2023-11-14,South Korea,Dong,1
2023-04-15,South Korea,Dong,3
2023-04-28,South Korea,Yeongdeungpo,6
2023-03-07,South Korea,Yongsan,1
2023-04-13,South Korea,Jung,3
2023-09-28,South Korea,Jung,6
2023-09-28,South Korea,Changwon,1
2023-05-23,South Korea,Dong,1
2023-11-13,South Korea,Seongdong,1
2023-02-21,South Korea,Jung,9
2023-06-01,South Korea,Busanjin,2
2023-06-11,South Korea,Seodaemun,2
2023-05-05,South Korea,Jongro,1
2023-01-10,South Korea,Buk,1
2023-07-30,South Korea,Jung,4
2023-01-26,South Korea,Seodaemun,1
2023-08-21,South Korea,Seongbuk,1
2023-07-14,South Korea,Yeongdeungpo,2
2023-07-13,South Korea,Jeju,2
2023-07-16,South Korea,Seongdong,3
2023-02-03,South Korea,Jongro,1
2023-10-17,South Korea,Jung,3
2023-10-17,South Korea,Gangnam,1
2023-05-31,South Korea,Seodaemun,1
2023-10-04,South Korea,Dong,1
2023-05-30,South Korea,Gangnam,1
2023-10-29,South Korea,Seongbuk,2
2023-04-12,South Korea,Seongdong,2
2023-08-02,South Korea,Jongro,1
2023-02-06,South Korea,Jung,5
2023-08-10,South Korea,Dongjak,1
2023-10-25,South Korea,Jung,4
2023-03-29,South Korea,Dong,2
2023-07-05,South Korea,Seodaemun,1
2023-11-02,South Korea,Seongdong,1
2023-11-03,South Korea,Seogwipo,1
2023-11-18,South Korea,Haeundae,1
2023-09-03,South Korea,Yeongdeungpo,2
2023-11-14,South Korea,Gangnam,1
2023-04-15,South Korea,Gangneung,4
2023-08-19,South Korea,Jongro,2
2023-03-07,South Korea,Jung,14
2023-09-25,South Korea,Seongdong,1
2023-11-12,South Korea,Songpa,1
2023-01-17,South Korea,Jung,6
2023-05-02,South Korea,Haeundae,1
2023-05-07,South Korea,Seongdong,1
2023-08-21,South Korea,Yeongdeungpo,1
2023-07-14,South Korea,Jung,5
2023-06-07,South Korea,Gangnam,1
2023-03-23,South Korea,Dong,1
2023-08-20,South Korea,Jung,7
2023-07-27,South Korea,Gangnam,1
2023-08-23,South Korea,Jung,2
2023-07-01,South Korea,Jung,4
2023-01-06,South Korea,Seongdong,2
2023-10-20,South Korea,Seongbuk,1
2023-10-31,South Korea,Jung,10
2023-02-28,South Korea,Jeju,1
2023-09-21,South Korea,Mapo,1
2023-04-23,South Korea,Haeundae,2
2023-08-11,South Korea,Haeundae,1
2023-08-25,South Korea,Gangnam,2
2023-02-06,South Korea,Gangnam,5
2023-10-25,South Korea,Gangnam,2
2023-09-20,South Korea,Jung,6
2023-10-12,South Korea,Gangnam,1
2023-04-19,South Korea,Yongsan,1
2023-04-04,South Korea,Seongdong,1
2023-11-05,South Korea,Seodaemun,1
2023-11-02,South Korea,Jongro,1
2023-01-23,South Korea,Gimpo,1
2023-11-18,South Korea,Busanjin,1
2023-11-18,South Korea,Yeongdeungpo,1
2023-09-11,South Korea,Jung,2
2023-01-01,South Korea,Seogwipo,1
2023-01-18,South Korea,Seodaemun,2
2023-01-18,South Korea,Mapo,1
2023-06-14,South Korea,Dong-daemun,1
2023-06-15,South Korea,Seodaemun,1
2023-04-09,South Korea,Buk,1
2023-05-29,South Korea,Jung,8
2023-02-24,South Korea,Dong,1
2023-01-13,South Korea,Jongro,1
2023-05-04,South Korea,Dong,1
2023-07-28,South Korea,Jeonju,1
2023-03-22,South Korea,Jung,6
2023-08-23,South Korea,Seogwipo,1
2023-02-04,South Korea,Yeongdeungpo,1
2023-03-25,South Korea,Jeju,1
2023-01-08,South Korea,Seodaemun,1
2023-07-11,South Korea,Jung,3
2023-09-22,South Korea,Jung,6
2023-03-03,South Korea,Jung,14
2023-07-08,South Korea,Jeju,1
2023-10-18,South Korea,Jung,8
2023-07-18,South Korea,Seongdong,1
2023-09-20,South Korea,Gangnam,2
2023-08-27,South Korea,Suwon,1
2023-07-05,South Korea,Jung,2
2023-03-14,South Korea,Jongro,1
2023-04-19,South Korea,Dong,1
2023-09-15,South Korea,Gangnam,3
2023-04-18,South Korea,Jung,2
2023-04-18,South Korea,Gangseo,1
2023-04-07,South Korea,Jung,7
2023-04-07,South Korea,Dong,1
2023-09-04,South Korea,Dong,1
2023-11-03,South Korea,Haeundae,1
2023-05-13,South Korea,Busanjin,2
2023-04-06,South Korea,Dong-daemun,1
2023-08-05,South Korea,Jongro,1
2023-03-09,South Korea,Jung,17
2023-05-06,South Korea,Jeonju,1
2023-05-05,South Korea,Namdong,1
2023-05-08,South Korea,Mapo,1
2023-03-30,South Korea,Jung,11
2023-09-09,South Korea,Jung,2
2023-02-20,South Korea,Jung,4
2023-06-10,South Korea,Jung,3
2023-09-07,South Korea,Jeonju,2
2023-02-02,South Korea,Haeundae,1
2023-10-24,South Korea,Jeju,1
2023-03-26,South Korea,Jeju,1
2023-10-21,South Korea,Haeundae,1
2023-03-10,South Korea,Seongbuk,1
2023-06-08,South Korea,Seodaemun,1
2023-02-25,South Korea,Gyeongju,1
2023-07-12,South Korea,Dong-daemun,1
2023-06-05,South Korea,Jung,3
2023-06-04,South Korea,Goyang,1
2023-01-07,South Korea,Jung,3
2023-06-18,South Korea,Nam,1
2023-04-25,South Korea,Jung,3
2023-09-22,South Korea,Gangnam,1
2023-08-14,South Korea,Gangnam,3
2023-03-06,South Korea,Jongro,2
2023-08-03,South Korea,Jung,4
2023-02-06,South Korea,Haeundae,1
2023-08-10,South Korea,Seongdong,1
2023-10-28,South Korea,Daedeok,1
2023-03-16,South Korea,Jung,5
2023-08-26,South Korea,Jung,6
2023-08-09,South Korea,Seodaemun,1
2023-04-29,South Korea,Seongbuk,2
2023-11-15,South Korea,Jeju,1
2023-04-13,South Korea,Geum-cheon,1
2023-08-07,South Korea,Yeongdeungpo,1
2023-06-01,South Korea,Jung,7
2023-10-30,South Korea,Seogwipo,1
2023-06-14,South Korea,Jung,2
2023-03-30,South Korea,Yongsan,2
2023-03-30,South Korea,Seodaemun,4
2023-09-06,South Korea,Jongro,1
2023-01-11,South Korea,Dong,1
2023-03-22,South Korea,Haeundae,1
2023-02-04,South Korea,Dong,1
2023-02-04,South Korea,Gangnam,1
2023-10-21,South Korea,Yongsan,1
2023-10-21,South Korea,Suwon,1
2023-02-11,South Korea,Sasang,1
2023-03-21,South Korea,Sasang,1
2023-02-28,South Korea,Seodaemun,1
2023-02-13,South Korea,Seongbuk,1
2023-04-24,South Korea,Seongnam,1
2023-10-29,South Korea,Gangnam,1
2023-08-03,South Korea,Haeundae,1
2023-09-24,South Korea,Jeju,1
2023-03-05,South Korea,Jongro,4
2023-04-26,South Korea,Jung,5
2023-03-13,South Korea,Seodaemun,1
2023-03-13,South Korea,Gangnam,3
2023-02-09,South Korea,Jung,8
2023-04-22,South Korea,Jung,7
2023-11-16,South Korea,Jung,6
2023-09-29,South Korea,Jung,4
2023-05-10,South Korea,Gangnam,3
2023-11-02,South Korea,Seogwipo,1
2023-08-19,South Korea,Geum-cheon,1
2023-10-08,South Korea,Jeju,1
2023-09-25,South Korea,Seodaemun,1
2023-10-09,South Korea,Jung,1
2023-03-09,South Korea,Dong,5
2023-08-06,South Korea,Seogwipo,1
2023-08-06,South Korea,Haeundae,1
2023-06-27,South Korea,Dong,1
2023-05-05,South Korea,Jung,3
2023-01-18,South Korea,Haeundae,1
2023-10-30,South Korea,Jeju,3
2023-06-12,South Korea,Goyang,1
2023-01-24,South Korea,Jung,3
2023-01-10,South Korea,Jung,6
2023-11-07,South Korea,Haeundae,1
2023-01-12,South Korea,Seodaemun,3
2023-02-17,South Korea,Hwaseong,1
2023-03-26,South Korea,Yongsan,1
2023-03-10,South Korea,Yeongdeungpo,1
2023-10-31,South Korea,Seogwipo,1
2023-03-21,South Korea,Jongro,2
2023-04-25,South Korea,Haeundae,1
2023-09-21,South Korea,Seongdong,1
2023-03-17,South Korea,Jeju,2
2023-03-17,South Korea,Seodaemun,1
2023-08-14,South Korea,Gangseo,1
2023-04-23,South Korea,Jung,4
2023-09-23,South Korea,Seongbuk,1
2023-07-18,South Korea,Seongbuk,1
2023-08-24,South Korea,Haeundae,2
2023-10-11,South Korea,Dong,2
2023-04-22,South Korea,Yeonje,2
2023-03-29,South Korea,Seongbuk,2
2023-11-19,South Korea,Yeongdeungpo,1
2023-08-09,South Korea,Jung,4
2023-05-11,South Korea,Jeju,1
2023-01-20,South Korea,Gangseo,1
2023-01-20,South Korea,Daedeok,1
2023-11-01,South Korea,Jongro,1
2023-05-20,South Korea,Jung,1
2023-08-18,South Korea,Jeju,1
2023-10-09,South Korea,Yeongdeungpo,3
2023-11-01,South Korea,Dongnae,1
2023-10-05,South Korea,Yongsan,1
2023-11-12,South Korea,Busanjin,1
2023-04-01,South Korea,Yongsan,2
2023-05-19,South Korea,Jung,8
2023-03-30,South Korea,Seongbuk,1
2023-02-23,South Korea,Jung,3
2023-06-23,South Korea,Dong,1
2023-06-23,South Korea,Jung,2
2023-02-24,South Korea,Seodaemun,1
2023-11-06,South Korea,Busanjin,1
2023-11-08,South Korea,Seodaemun,1
2023-02-17,South Korea,Jung,4
2023-01-04,South Korea,Seogwipo,1
2023-01-04,South Korea,Busanjin,1
2023-01-08,South Korea,Busanjin,1
2023-02-14,South Korea,Jung,9
2023-07-10,South Korea,Yeongdeungpo,1
2023-03-18,South Korea,Jongro,1
2023-08-29,South Korea,Seodaemun,1
2023-11-10,South Korea,Gapyeong,2
2023-09-21,South Korea,Jongro,1
2023-03-02,South Korea,Dong,2
2023-04-27,South Korea,Jung,8
2023-08-03,South Korea,Dong-daemun,1
2023-10-27,South Korea,Suyeong,1
2023-04-11,South Korea,Jongro,1
2023-11-20,South Korea,Jung,1
2023-02-06,South Korea,Seodaemun,1
2023-03-13,South Korea,Jeju,1
2023-08-13,South Korea,Seongdong,1
2023-08-12,South Korea,Dong,1
2023-11-04,South Korea,Guro,1
2023-11-19,South Korea,Busanjin,1
2023-01-20,South Korea,Jeju,1
2023-11-18,South Korea,Seongdong,1
2023-04-29,South Korea,Jung,8
2023-01-31,South Korea,Jung,11
2023-04-14,South Korea,Buk,1
2023-04-13,South Korea,Seodaemun,1
2023-09-28,South Korea,Haeundae,1
2023-10-30,South Korea,Haeundae,1
2023-05-08,South Korea,Jongro,1
2023-07-20,South Korea,Nam,1
2023-01-26,South Korea,Dong,2
2023-02-01,South Korea,Mapo,3
2023-02-05,South Korea,Seongdong,1
2023-07-02,South Korea,Anyang,1
2023-03-26,South Korea,Seodaemun,1
2023-08-22,South Korea,Seongbuk,1
2023-01-19,South Korea,Gangnam,2
2023-01-08,South Korea,Jeonju,1
2023-07-26,South Korea,Jung,3
2023-06-04,South Korea,Jung,2
2023-08-01,South Korea,Haeundae,2
2023-03-02,South Korea,Gangseo,1
2023-03-02,South Korea,Yeongdeungpo,2
2023-02-08,South Korea,Seodaemun,1
2023-11-17,South Korea,Haeundae,2
2023-11-13,South Korea,Daedeok,1
2023-05-07,South Korea,Jeju,1
2023-01-03,South Korea,Jung,7
2023-09-05,South Korea,Busanjin,1
2023-11-07,South Korea,Jung,2
2023-05-03,South Korea,Jung,10
2023-07-31,South Korea,Dong,1
2023-09-07,South Korea,Busanjin,1
2023-05-03,South Korea,Dong,1
2023-02-17,South Korea,N/A,2
2023-10-23,South Korea,Gangnam,1
2023-07-28,South Korea,Jeju,1
2023-02-16,South Korea,Dong,1
2023-06-06,South Korea,Yongsan,2
2023-07-02,South Korea,Seodaemun,1
2023-07-15,South Korea,Dong,1
2023-02-12,South Korea,Jeju,2
2023-01-19,South Korea,Haeundae,1
2023-10-20,South Korea,Jung,4
2023-10-20,South Korea,Seogwipo,2
2023-07-12,South Korea,Dongjak,1
2023-03-04,South Korea,Jung,17
2023-09-21,South Korea,Eun-pyeong,1
2023-08-02,South Korea,Seodaemun,1
2023-03-28,South Korea,Yeongdeungpo,1
2023-07-03,South Korea,Gangnam,5
2023-10-25,South Korea,Seongdong,2
2023-08-26,South Korea,Mapo,1
2023-01-21,South Korea,Changwon,1
2023-11-05,South Korea,Jeonju,1
2023-09-04,South Korea,Jung,6
2023-05-13,South Korea,Namdong,1
2023-09-26,South Korea,Seodaemun,2
2023-04-14,South Korea,Gongju,1
2023-01-31,South Korea,Dong,1
2023-11-15,South Korea,Jung,2
2023-09-28,South Korea,Dong-daemun,1
2023-05-23,South Korea,Seongdong,1
2023-03-09,South Korea,Haeundae,1
2023-02-22,South Korea,Jung,3
2023-09-13,South Korea,Jung,4
2023-10-30,South Korea,Jung,1
2023-01-14,South Korea,Seodaemun,1
2023-05-07,South Korea,Pohang,1
2023-01-10,South Korea,Haeundae,1
2023-01-13,South Korea,Busanjin,1
2023-06-25,South Korea,Busanjin,1
2023-07-31,South Korea,Haeundae,1
2023-02-19,South Korea,Jung,5
2023-07-01,South Korea,Busanjin,1
2023-07-24,South Korea,Jung,1
2023-01-04,South Korea,Jeju,2
2023-02-28,South Korea,Busanjin,1
2023-03-04,South Korea,Haeundae,2
2023-03-18,South Korea,Seongbuk,1
2023-08-29,South Korea,Jongro,1
2023-04-10,South Korea,Haeundae,1
2023-10-19,South Korea,Mapo,1
2023-11-11,South Korea,Busanjin,1
2023-04-27,South Korea,Daedeok,3
2023-10-27,South Korea,Haeundae,2
2023-02-07,South Korea,Jung,5
2023-08-25,South Korea,Dong,1
2023-04-20,South Korea,Jongro,2
2023-07-17,South Korea,Gangnam,1
2023-01-21,South Korea,Jung,5
2023-01-20,South Korea,Dong,2
2023-04-07,South Korea,Suwon,1
2023-11-18,South Korea,Yongsan,1
2023-04-28,South Korea,Jung,8
2023-04-28,South Korea,Seongdong,1
2023-09-12,South Korea,Jung,1
2023-08-04,South Korea,Jung,3
2023-10-09,South Korea,Gangnam,1
2023-10-06,South Korea,Seongbuk,2
2023-11-12,South Korea,Haeundae,1
2023-02-22,South Korea,Busanjin,1
2023-04-02,South Korea,Jung,4
2023-02-21,South Korea,Dong,1
2023-02-21,South Korea,Seodaemun,2
2023-01-02,South Korea,Seogwipo,1
2023-04-09,South Korea,Jung,1
2023-01-25,South Korea,Gangnam,1
2023-09-06,South Korea,Dong,1
2023-05-01,South Korea,Dong,2
2023-11-07,South Korea,Sasang,1
2023-07-30,South Korea,Gwang-jin,1
2023-02-18,South Korea,Sasang,1
2023-05-09,South Korea,Jeju,2
2023-02-11,South Korea,Seongbuk,1
2023-10-20,South Korea,Gangnam,1
2023-03-03,South Korea,Busanjin,1
2023-04-27,South Korea,Dong,2
2023-03-19,South Korea,Sokcho,1
2023-04-20,South Korea,Suyeong,1
2023-08-10,South Korea,Jung,4
2023-08-24,South Korea,Jung,6
2023-07-17,South Korea,Seocho,1
2023-03-12,South Korea,Haeundae,3
2023-11-21,South Korea,Seodaemun,1
2023-10-11,South Korea,Seodaemun,1
2023-02-08,South Korea,Busanjin,1
2023-04-21,South Korea,Gangnam,1
2023-04-05,South Korea,Dong,1
2023-05-14,South Korea,Jeonju,1
2023-09-19,South Korea,Seogwipo,1
2023-09-19,South Korea,Seodaemun,1
2023-05-12,South Korea,Jongro,3
2023-09-11,South Korea,Gangnam,1
2023-04-29,South Korea,Gangseo,1
2023-09-12,South Korea,Geoje,1
2023-08-18,South Korea,Seongbuk,1
2023-06-11,South Korea,Jung,1
2023-06-12,South Korea,Seodaemun,1
2023-06-14,South Korea,Seodaemun,1
2023-01-10,South Korea,Seongdong,1
2023-05-16,South Korea,Seogwipo,1
2023-01-11,South Korea,Buk,1
2023-09-08,South Korea,Jung,4
2023-05-03,South Korea,Seodaemun,1
2023-07-28,South Korea,Jung,2
2023-03-25,South Korea,Jung,14
2023-02-03,South Korea,Haeundae,2
2023-01-04,South Korea,Dong,1
2023-10-31,South Korea,Haeundae,1
2023-03-20,South Korea,Dong,1
2023-10-17,South Korea,Gyeongju,1
2023-10-17,South Korea,Seodaemun,2
2023-10-03,South Korea,Daedeok,1
2023-11-10,South Korea,Haeundae,1
2023-05-30,South Korea,Jung,1
2023-09-10,South Korea,Jung,7
2023-10-29,South Korea,Haeundae,2
2023-08-25,South Korea,Haeundae,1
2023-03-13,South Korea,Gwangsan,1
2023-07-03,South Korea,Jung,1
2023-03-29,South Korea,Haeundae,2
2023-03-01,South Korea,Jongro,1
2023-09-02,South Korea,Jung,5
2023-05-26,South Korea,Jung,4
2023-09-01,South Korea,Jung,4
2023-11-16,South Korea,Haeundae,1
2023-05-28,South Korea,Seongdong,1
2023-04-15,South Korea,Seongdong,1
2023-04-28,South Korea,Gyeongju,1
2023-04-02,South Korea,Buk,1
2023-09-09,South Korea,Jongro,1
2023-10-23,South Korea,Dalseong,1
2023-03-22,South Korea,Dong,1
2023-03-11,South Korea,Jung,4
2023-10-21,South Korea,Jung,2
2023-03-10,South Korea,Seodaemun,1
2023-06-16,South Korea,Jung,1
2023-02-25,South Korea,Seodaemun,1
2023-07-12,South Korea,Jung,8
2023-03-21,South Korea,Gwangmyeong,1
2023-02-28,South Korea,Yeonje,1
2023-10-04,South Korea,Jeju,1
2023-03-17,South Korea,Haeundae,1
2023-03-17,South Korea,Dong,2
2023-10-18,South Korea,Seodaemun,1
2023-07-07,South Korea,Jung,3
2023-03-02,South Korea,Pyeongchang,3
2023-11-11,South Korea,Jeju,3
2023-08-17,South Korea,Jeju,1
2023-10-16,South Korea,Changwon,3
2023-03-19,South Korea,Haeundae,2
2023-07-09,South Korea,Jung,5
2023-10-12,South Korea,Seongbuk,1
2023-04-05,South Korea,Seogwipo,1
2023-11-19,South Korea,Seongbuk,1
2023-11-02,South Korea,Seodaemun,2
2023-11-18,South Korea,Seongbuk,2
2023-08-18,South Korea,Jeonju,1
2023-04-17,South Korea,Gangnam,1
2023-06-13,South Korea,Seongbuk,1
2023-09-13,South Korea,Saha,1
2023-06-29,South Korea,Mapo,1
2023-01-02,South Korea,Jung,7
2023-01-25,South Korea,Gangneung,1
2023-05-01,South Korea,Gangnam,1
2023-05-18,South Korea,Jung,4
2023-05-04,South Korea,Jung,1
2023-06-10,South Korea,Dong-daemun,2
2023-09-08,South Korea,Seodaemun,1
2023-11-08,South Korea,Jung,3
2023-02-17,South Korea,Dong,1
2023-03-26,South Korea,Seogwipo,1
2023-06-05,South Korea,Haeundae,1
2023-02-13,South Korea,Gangnam,1
2023-08-31,South Korea,Seodaemun,2
2023-04-25,South Korea,Dong,1
2023-10-17,South Korea,Changwon,1
2023-10-04,South Korea,Namdong,1
2023-08-11,South Korea,Jung,5
2023-03-27,South Korea,Seogwipo,3
2023-08-10,South Korea,Haeundae,2
2023-10-28,South Korea,Gyeongju,1
2023-07-06,South Korea,Jung,1
2023-09-02,South Korea,Gangnam,2
2023-09-01,South Korea,Dong,1
2023-09-04,South Korea,Yeongdeungpo,2
2023-09-19,South Korea,Jung,6
2023-05-12,South Korea,Jung,6
2023-04-15,South Korea,Jung,6
2023-05-21,South Korea,Seodaemun,1
2023-01-31,South Korea,Yeongdeungpo,1
2023-01-31,South Korea,Jeju,1
2023-09-11,South Korea,Seocho,1
2023-04-13,South Korea,Seongbuk,1
2023-09-27,South Korea,Seodaemun,1
2023-02-22,South Korea,Seodaemun,1
2023-01-24,South Korea,Haeundae,1
2023-01-24,South Korea,Dong,1
2023-05-01,South Korea,Jeju,1
2023-09-05,South Korea,Gangnam,1
2023-01-13,South Korea,Jung,5
2023-01-13,South Korea,Yangsan,1
2023-09-08,South Korea,Seongdong,2
2023-09-07,South Korea,Gangnam,1
2023-09-07,South Korea,Yeonsu,1
2023-07-28,South Korea,Gangnam,2
2023-06-09,South Korea,Jung,2
2023-10-31,South Korea,Jeonju,1
2023-02-14,South Korea,Haeundae,1
2023-07-11,South Korea,Seodaemun,1
2023-10-17,South Korea,Daedeok,1
2023-10-03,South Korea,Gangnam,2
2023-08-15,South Korea,Haeundae,2
2023-03-02,South Korea,Suyeong,1
2023-04-23,South Korea,Seodaemun,2
2023-08-03,South Korea,Dong,3
2023-09-24,South Korea,Gangnam,1
2023-07-09,South Korea,Jongro,1
2023-07-09,South Korea,Seogwipo,1
2023-07-18,South Korea,Jung,4
2023-10-28,South Korea,Haeundae,2
2023-03-01,South Korea,Jeju,1
2023-07-06,South Korea,Haeundae,1
2023-03-15,South Korea,Seodaemun,1
2023-08-12,South Korea,Jeju,1
2023-02-08,South Korea,Seongdong,1
2023-09-01,South Korea,Haeundae,1
2023-01-20,South Korea,Saha,1
2023-04-07,South Korea,Jeju,1
2023-09-04,South Korea,Gangnam,1
2023-03-08,South Korea,Dong,3
2023-04-14,South Korea,Jeonju,2
2023-03-07,South Korea,Jeju,1
2023-03-07,South Korea,Gangnam,1
2023-04-01,South Korea,Jung,3
2023-03-09,South Korea,Seodaemun,3
2023-04-01,South Korea,Seodaemun,2
2023-10-30,South Korea,Yongsan,1
2023-06-12,South Korea,Songpa,2
2023-05-07,South Korea,Dong,1
2023-11-07,South Korea,Dong-daemun,1
2023-01-12,South Korea,Jeju,1
2023-10-23,South Korea,Seodaemun,1
2023-02-16,South Korea,Jung,4
2023-01-09,South Korea,Jeju,1
2023-02-18,South Korea,Jung,3
2023-03-10,South Korea,Haeundae,2
2023-06-17,South Korea,Bupyeong,1
2023-01-08,South Korea,Yeosu,1
2023-07-26,South Korea,Jongro,1
2023-10-31,South Korea,Jeju,1
2023-02-28,South Korea,Jung,2
2023-08-29,South Korea,Jung,4
2023-03-03,South Korea,Seongbuk,1
2023-10-04,South Korea,Gangnam,1
2023-03-17,South Korea,Jung,5
2023-10-19,South Korea,Busanjin,1
2023-09-24,South Korea,Jung,7
2023-10-16,South Korea,Jung,9
2023-08-25,South Korea,N/A,1
2023-03-27,South Korea,Gwang-jin,2
2023-10-25,South Korea,Seogwipo,1
2023-09-30,South Korea,Jung,2
2023-03-15,South Korea,Haeundae,1
2023-04-05,South Korea,Jung,7
2023-11-19,South Korea,Jung,4
2023-08-09,South Korea,Dong-daemun,1
2023-04-04,South Korea,Jeju,2
2023-09-15,South Korea,Haeundae,1
2023-11-16,South Korea,Seogwipo,1
2023-09-04,South Korea,Jeju,1
2023-04-06,South Korea,Yongsan,1
2023-11-15,South Korea,Gapyeong,1
2023-05-23,South Korea,Jung,6
2023-11-12,South Korea,Seodaemun,1
2023-01-18,South Korea,Gangseo,2
2023-01-29,South Korea,Dong,1
2023-06-26,South Korea,Haeundae,1
2023-09-09,South Korea,Seogwipo,1
2023-05-01,South Korea,Namdong,1
2023-06-22,South Korea,Jung,1
2023-06-25,South Korea,Jung,2
2023-08-23,South Korea,Seongbuk,1
2023-02-04,South Korea,Seongbuk,1
2023-02-18,South Korea,Dong,3
2023-03-24,South Korea,Jeju,2
2023-02-11,South Korea,Gangseo,1
2023-02-25,South Korea,Dongjak,1
2023-02-14,South Korea,Seongbuk,1
2023-03-06,South Korea,Busanjin,1
2023-10-01,South Korea,Dong,1
2023-03-05,South Korea,Jung,7
2023-04-11,South Korea,Gangnam,1
2023-04-20,South Korea,Gangnam,2
2023-08-10,South Korea,Jeonju,1
2023-03-12,South Korea,Yeonsu,1
2023-10-25,South Korea,Seodaemun,2
2023-09-20,South Korea,Seongdong,1
2023-10-11,South Korea,Jeonju,2
2023-08-13,South Korea,Jung,8
2023-03-01,South Korea,Haeundae,3
2023-03-15,South Korea,Dong,1
2023-07-05,South Korea,Suyeong,1
2023-11-04,South Korea,Gangnam,2
2023-05-11,South Korea,Jung,3
2023-01-23,South Korea,Buk,1
2023-09-17,South Korea,Busanjin,1
2023-05-14,South Korea,Yeongdeungpo,1
2023-04-14,South Korea,Jongro,1
2023-08-05,South Korea,Gangseo,1
2023-05-20,South Korea,Eun-pyeong,1
2023-09-12,South Korea,Jeju,3
2023-08-07,South Korea,Haeundae,2
2023-05-24,South Korea,Dong,1
2023-04-16,South Korea,Jeju,1
2023-11-01,South Korea,Dongjak,2
2023-05-05,South Korea,Geum-cheon,1
2023-01-10,South Korea,Chuncheon,1
2023-01-10,South Korea,Gangnam,2
2023-05-16,South Korea,Jung,7
2023-07-21,South Korea,Jeju,2
2023-01-26,South Korea,Gangnam,1
2023-02-02,South Korea,Jung,6
2023-10-24,South Korea,Haeundae,1
2023-01-09,South Korea,Yeonsu,1
2023-06-06,South Korea,Pyeongchang,1
2023-03-11,South Korea,Seodaemun,2
2023-03-10,South Korea,Jeju,3
2023-03-24,South Korea,Jung,4
2023-06-03,South Korea,Seodaemun,1
2023-06-03,South Korea,Yongsan,1
2023-07-23,South Korea,Jung,2
2023-07-12,South Korea,Dong,1
2023-06-05,South Korea,Jeju,1
2023-01-04,South Korea,Changwon,1
2023-06-19,South Korea,Gangseo,1
2023-06-18,South Korea,Jung,2
2023-03-02,South Korea,Jeju,1
2023-03-02,South Korea,Haeundae,3
2023-10-15,South Korea,Jeonju,1
2023-10-02,South Korea,Dong,3
2023-08-02,South Korea,Jung,2
2023-08-16,South Korea,Dong,1
2023-02-07,South Korea,Busanjin,1
2023-03-27,South Korea,Jung,3
2023-10-11,South Korea,Jung,4
2023-10-11,South Korea,Haeundae,1
2023-04-05,South Korea,Jeonju,1
2023-05-10,South Korea,Seongdong,1
2023-09-19,South Korea,Yeongdeungpo,1
2023-05-20,South Korea,Gangnam,1
2023-06-30,South Korea,Jung,2
2023-11-01,South Korea,Dong,3
2023-05-23,South Korea,Seodaemun,1
2023-11-12,South Korea,Jung,4
2023-01-01,South Korea,Jung,5
2023-01-03,South Korea,Changwon,1
2023-05-29,South Korea,Sasang,1
2023-01-27,South Korea,Gangnam,1
2023-01-12,South Korea,Jung,10
2023-01-26,South Korea,Jung,9
2023-03-23,South Korea,Jeju,2
2023-03-23,South Korea,Busanjin,1
2023-07-29,South Korea,Seongbuk,1
2023-06-08,South Korea,Jung,2
2023-02-27,South Korea,Haeundae,3
2023-01-04,South Korea,Gangnam,1
2023-02-13,South Korea,Jung,5
2023-08-01,South Korea,Dong,1
2023-10-03,South Korea,Jung,4
2023-07-08,South Korea,Dong,1
2023-04-10,South Korea,Jung,8
2023-09-21,South Korea,Jung,5
2023-10-15,South Korea,Jung,3
2023-11-20,South Korea,Yeongdeungpo,2
2023-03-01,South Korea,Seodaemun,1
2023-07-05,South Korea,Busanjin,1
2023-11-04,South Korea,Jung,2
2023-11-04,South Korea,Yeongdeungpo,1
2023-01-21,South Korea,Seodaemun,1
2023-04-19,South Korea,Yuseong,1
2023-04-19,South Korea,Dongnae,1
2023-09-29,South Korea,Yeongdeungpo,1
2023-09-04,South Korea,Seogwipo,2
2023-01-23,South Korea,Busanjin,1
2023-03-08,South Korea,Jung,20
2023-04-14,South Korea,Gijang,1
2023-04-28,South Korea,Dong,1
2023-09-13,South Korea,Seongbuk,1
2023-06-12,South Korea,Gyeyang,1
2023-03-30,South Korea,Haeundae,1
2023-01-25,South Korea,Jeju,2
2023-05-01,South Korea,Jongro,2
2023-02-20,South Korea,Jeju,1
2023-06-10,South Korea,Seodaemun,6
2023-04-30,South Korea,Seodaemun,2
2023-03-23,South Korea,Jinhae,1
2023-07-27,South Korea,Jung,3
2023-03-11,South Korea,Dong,1
2023-07-16,South Korea,Jung,4
2023-02-18,South Korea,Seodaemun,1
2023-07-15,South Korea,Jeju,1
2023-07-24,South Korea,Haeundae,1
2023-02-12,South Korea,Jung,5
2023-01-05,South Korea,Jung,2
2023-02-26,South Korea,Seongdong,1
2023-02-26,South Korea,Yongsan,1
2023-02-26,South Korea,Seongbuk,1
2023-02-11,South Korea,Seodaemun,3
2023-03-20,South Korea,Jung,10
2023-06-18,South Korea,Gwang-jin,1
2023-08-01,South Korea,Gangnam,2
2023-03-18,South Korea,Jeju,1
2023-08-28,South Korea,Jung,6
2023-10-19,South Korea,Gangseo,1
2023-10-15,South Korea,Dong-daemun,1
2023-08-17,South Korea,Seodaemun,2
2023-08-17,South Korea,Gangnam,1
2023-11-22,South Korea,Yeongdeungpo,1
2023-09-23,South Korea,Jung,3
2023-07-09,South Korea,Suyeong,1
2023-08-24,South Korea,Gangnam,1
2023-03-16,South Korea,Gapyeong,1
2023-10-25,South Korea,Dong-daemun,1
2023-09-20,South Korea,Yeongdeungpo,2
2023-09-30,South Korea,Gunsan,1
2023-08-13,South Korea,Jongro,1
2023-04-21,South Korea,Jung,12
2023-04-05,South Korea,Jongro,1
2023-09-17,South Korea,Jeonju,1
2023-05-14,South Korea,Jung,6
2023-03-08,South Korea,Seodaemun,2
2023-09-26,South Korea,Jung,3
2023-09-27,South Korea,Haeundae,3
2023-01-14,South Korea,Haeundae,1
2023-02-20,South Korea,Jeonju,2
2023-09-08,South Korea,N/A,1
2023-07-31,South Korea,Jung,2
2023-07-27,South Korea,Gunsan,4
2023-02-15,South Korea,Jung,5
2023-07-02,South Korea,Jeju,2
2023-03-25,South Korea,Gangneung,1
2023-02-03,South Korea,Yeongdeungpo,1
2023-06-03,South Korea,Jeju,1
2023-06-19,South Korea,Jung,4
2023-02-13,South Korea,Seodaemun,2
2023-05-31,South Korea,Seongdong,2
2023-03-03,South Korea,Yeongdeungpo,1
2023-10-18,South Korea,Yeongdeungpo,1
2023-03-05,South Korea,Seogwipo,1
2023-04-26,South Korea,Haeundae,2
2023-09-23,South Korea,Jeju,1
2023-10-13,South Korea,Jung,1
2023-03-28,South Korea,Gangnam,1
2023-10-26,South Korea,Dong-daemun,1
2023-10-12,South Korea,Busanjin,1
2023-10-12,South Korea,Haeundae,1
2023-04-07,South Korea,Gangnam,1
2023-11-17,South Korea,Jung,5
2023-03-08,South Korea,Dong-daemun,1
2023-04-14,South Korea,Jung,5
2023-04-13,South Korea,Gangnam,1
2023-03-09,South Korea,Jongro,1
2023-03-09,South Korea,Sokcho,1
2023-06-27,South Korea,Gangnam,3
2023-01-17,South Korea,Dong,1
2023-05-15,South Korea,Jung,2
2023-11-07,South Korea,Bupyeong,3
2023-01-27,South Korea,Buk,1
2023-06-17,South Korea,Dong,1
2023-02-11,South Korea,Jeju,3
2023-02-25,South Korea,Dong,2
2023-02-13,South Korea,Jeju,1
2023-03-18,South Korea,Jung,10
2023-08-15,South Korea,Seodaemun,2
2023-08-14,South Korea,Jongro,1
2023-10-01,South Korea,Busanjin,1
2023-10-01,South Korea,Seodaemun,1
2023-03-13,South Korea,Changwon,1
2023-11-21,South Korea,Jung,2
2023-09-20,South Korea,Seogwipo,1
2023-08-12,South Korea,Seodaemun,1
2023-03-01,South Korea,Seongdong,1
2023-07-19,South Korea,Mapo,1
2023-11-02,South Korea,Jeju,2
2023-09-03,South Korea,Seongbuk,1
2023-03-08,South Korea,Jongro,1
2023-04-17,South Korea,Pohang,1
2023-04-17,South Korea,Jungnang,1
2023-01-30,South Korea,Seodaemun,1
2023-01-01,South Korea,Yongsan,2
2023-04-01,South Korea,Changwon,4
2023-10-30,South Korea,Mapo,2
2023-06-29,South Korea,Haeundae,1
2023-01-14,South Korea,Jung,2
2023-01-17,South Korea,Haeundae,1
2023-07-20,South Korea,Seodaemun,1
2023-01-03,South Korea,Jeju,1
2023-09-09,South Korea,Yeongdeungpo,1
2023-01-11,South Korea,Haeundae,1
2023-11-06,South Korea,Dong,1
2023-11-06,South Korea,Seodaemun,1
2023-07-24,South Korea,Gangnam,2
2023-06-03,South Korea,Jongro,1
2023-08-30,South Korea,Hwaseong,1
2023-06-02,South Korea,Dobong,1
2023-07-12,South Korea,Haeundae,2
2023-10-31,South Korea,Jongro,1
2023-10-31,South Korea,Dong-daemun,1
2023-03-21,South Korea,Dong,1
2023-04-25,South Korea,Busanjin,1
2023-04-25,South Korea,Seongdong,1
2023-04-10,South Korea,Jongro,2
2023-10-04,South Korea,Yeongdeungpo,1
2023-10-02,South Korea,Daedeok,1
2023-08-16,South Korea,Jung,3
2023-10-28,South Korea,Jung,8
2023-10-14,South Korea,Gangnam,1
2023-07-17,South Korea,Jung,3
2023-08-27,South Korea,Jung,4
2023-03-29,South Korea,Jung,10
2023-03-01,South Korea,Busanjin,1
2023-07-19,South Korea,Haeundae,1
2023-08-09,South Korea,Gangnam,1
2023-05-25,South Korea,Jung,2
2023-01-20,South Korea,Jung,14
2023-09-29,South Korea,Dongjak,1
2023-11-03,South Korea,Jung,16
2023-09-03,South Korea,Gangnam,1
2023-04-06,South Korea,Seongdong,1
2023-10-05,South Korea,Jung,5
2023-03-31,South Korea,Gwangmyeong,1
2023-06-28,South Korea,Jongro,1
2023-03-30,South Korea,Cheongwon,1
2023-09-09,South Korea,Haeundae,2
2023-01-11,South Korea,Jeju,1
2023-11-07,South Korea,Dong,2
2023-01-26,South Korea,Seongdong,1
2023-06-25,South Korea,Jongro,1
2023-02-16,South Korea,Gangnam,1
2023-03-22,South Korea,Seongdong,1
2023-07-29,South Korea,Jung,4
2023-02-27,South Korea,N/A,1
2023-07-12,South Korea,Dalseong,1
2023-01-07,South Korea,Seongbuk,1
2023-01-07,South Korea,Dong,2
2023-08-31,South Korea,Jongro,2
2023-08-15,South Korea,Jung,3
2023-07-08,South Korea,Jung,2
2023-07-07,South Korea,Gangnam,1
2023-03-02,South Korea,Gangnam,2
2023-09-10,South Korea,Gangnam,1
2023-08-17,South Korea,Seongdong,1
2023-10-01,South Korea,Yeongdeungpo,1
2023-04-12,South Korea,Dobong,2
2023-03-28,South Korea,Jeonju,2
2023-10-28,South Korea,Dongjak,1
2023-10-25,South Korea,Haeundae,1
2023-09-30,South Korea,Dong,2
2023-03-15,South Korea,Jung,4
2023-01-21,South Korea,Jeju,2
2023-01-20,South Korea,Seongdong,1
2023-04-07,South Korea,Haeundae,1
2023-11-02,South Korea,Jung,6
2023-11-03,South Korea,Gangnam,3
2023-01-22,South Korea,Jung,10
2023-04-29,South Korea,Haeundae,1
2023-05-21,South Korea,Mapo,1
2023-08-19,South Korea,Jung,1
2023-09-11,South Korea,Hwaseong,1
2023-08-18,South Korea,Jung,2
2023-08-18,South Korea,Dong,1
2023-05-23,South Korea,Busanjin,1
2023-05-08,South Korea,Haeundae,1
2023-05-02,South Korea,Mapo,1
2023-04-08,South Korea,Yongsan,1
2023-06-22,South Korea,Gwang-jin,1
2023-02-20,South Korea,Seogwipo,1
2023-06-21,South Korea,Jung,2
2023-07-31,South Korea,Gangnam,2
2023-08-21,South Korea,Jung,2
2023-01-09,South Korea,Jung,6
2023-07-02,South Korea,Mapo,2
2023-10-21,South Korea,Dong,1
2023-03-10,South Korea,Mapo,1
2023-06-08,South Korea,Jongro,1
2023-02-11,South Korea,Jung,5
2023-03-21,South Korea,Jung,7
2023-04-24,South Korea,Haeundae,1
2023-04-24,South Korea,Gangseo,1
2023-10-27,South Korea,Mapo,2
2023-10-27,South Korea,Yeongdeungpo,1
2023-07-04,South Korea,Yeosu,1
2023-07-04,South Korea,Gangnam,1
2023-11-20,South Korea,Seodaemun,1
2023-03-13,South Korea,Jung,6
2023-10-28,South Korea,Yongsan,1
2023-04-04,South Korea,Daedeok,1
2023-11-05,South Korea,Seocho,1
2023-08-08,South Korea,Dong-daemun,1
2023-05-13,South Korea,Dong,1
2023-11-01,South Korea,Dong-daemun,1
2023-03-08,South Korea,Gangnam,1
2023-09-12,South Korea,Seocho,1
2023-11-15,South Korea,Yeongdeungpo,2
2023-04-03,South Korea,Busanjin,1
2023-09-27,South Korea,Jung,3
2023-01-01,South Korea,Dongjak,1
2023-04-01,South Korea,Gangnam,2
2023-06-27,South Korea,Yeongdeungpo,1
2023-05-07,South Korea,Jung,3
2023-01-16,South Korea,Jung,5
2023-01-28,South Korea,Dong,1
2023-02-20,South Korea,Dong,1
2023-11-08,South Korea,Bupyeong,2
2023-08-21,South Korea,Haeundae,1
2023-07-02,South Korea,Jung,2
2023-03-26,South Korea,Haeundae,1
2023-02-19,South Korea,Jongro,1
2023-05-09,South Korea,Yangcheon,1
2023-10-31,South Korea,Gangnam,2
2023-02-28,South Korea,Seongdong,2
2023-07-25,South Korea,Jung,1
2023-04-10,South Korea,Yongsan,1
2023-08-25,South Korea,Jung,1
2023-04-04,South Korea,Jung,1
2023-11-02,South Korea,Gangnam,1
2023-11-16,South Korea,Seongdong,1
2023-10-07,South Korea,Jung,1
2023-04-29,South Korea,Yangyang,1
2023-09-12,South Korea,Seodaemun,1
2023-04-16,South Korea,Jung,9
2023-05-23,South Korea,Jeju,1
2023-11-12,South Korea,Jeju,1
2023-01-01,South Korea,Gwang-jin,1
2023-08-06,South Korea,Jung,7
2023-06-27,South Korea,Haeundae,1
2023-06-26,South Korea,Jung,6
2023-06-12,South Korea,Jung,4
2023-06-15,South Korea,Haeundae,1
2023-02-21,South Korea,Sasang,1
2023-05-16,South Korea,Dong,2
2023-09-06,South Korea,Yeongdeungpo,1
2023-06-25,South Korea,Seodaemun,1
2023-07-28,South Korea,Dong,1
2023-03-23,South Korea,Haeundae,2
2023-07-01,South Korea,Pyeongchang,1
2023-10-22,South Korea,Gangnam,1
2023-03-10,South Korea,Jung,30
2023-06-19,South Korea,Dong-daemun,1
2023-02-28,South Korea,Dong,2
2023-10-03,South Korea,Haeundae,1
2023-03-18,South Korea,Haeundae,1
2023-08-15,South Korea,Sokcho,1
2023-08-15,South Korea,Dong,1
2023-04-24,South Korea,Dong,2
2023-04-23,South Korea,Jeonju,1
2023-11-11,South Korea,Pyeongchang,1
2023-04-11,South Korea,Yeongdeungpo,3
2023-08-10,South Korea,Yongsan,1
2023-11-21,South Korea,Gangnam,1
2023-03-16,South Korea,Seongdong,3
2023-07-06,South Korea,Seodaemun,2
2023-03-14,South Korea,Mapo,1
2023-04-04,South Korea,Yongsan,2
2023-11-02,South Korea,Haeundae,1
2023-05-28,South Korea,Jung,2
2023-11-18,South Korea,Jung,5
2023-09-17,South Korea,Haeundae,1
2023-05-27,South Korea,Gangnam,1
2023-05-21,South Korea,Geum-cheon,1
2023-04-28,South Korea,Seodaemun,1
2023-09-25,South Korea,Yeongdeungpo,1
2023-10-06,South Korea,Yeonsu,1
2023-08-07,South Korea,Jung,1
2023-04-16,South Korea,Seogwipo,1
2023-06-13,South Korea,Jung,7
2023-05-22,South Korea,Seodaemun,1
2023-10-30,South Korea,Changwon,2
2023-01-29,South Korea,Seongbuk,2
2023-01-17,South Korea,Seongbuk,1
2023-06-12,South Korea,Seongdong,1
2023-06-23,South Korea,Seongbuk,1
2023-04-08,South Korea,Mapo,1
2023-11-06,South Korea,Jeju,2
2023-09-07,South Korea,Jung,5
2023-06-07,South Korea,Jung,3
2023-08-20,South Korea,Seocho,3
2023-07-13,South Korea,Haeundae,1
2023-02-01,South Korea,Jung,12
2023-02-15,South Korea,Seodaemun,1
2023-02-15,South Korea,Seongnam,1
2023-02-19,South Korea,Seongdong,1
2023-10-21,South Korea,Seodaemun,1
2023-10-22,South Korea,Dong-daemun,3
2023-07-24,South Korea,Daedeok,1
2023-06-03,South Korea,Jung,1
2023-02-12,South Korea,Seogwipo,1
2023-07-23,South Korea,Gangnam,2
2023-10-20,South Korea,Namdong,1
2023-02-14,South Korea,Mapo,1
2023-03-20,South Korea,Busanjin,1
2023-03-03,South Korea,Seodaemun,1
2023-04-12,South Korea,Dong-daemun,2
2023-10-02,South Korea,Haeundae,2
2023-03-28,South Korea,Dong-daemun,1
2023-11-21,South Korea,Haeundae,2
2023-07-19,South Korea,Dong,2
2023-11-04,South Korea,Jeju,1
2023-05-11,South Korea,Seocho,1
2023-05-28,South Korea,Yongsan,1
2023-09-19,South Korea,Pyeongchang,1
2023-04-29,South Korea,N/A,1
2023-05-24,South Korea,Jung,6
2023-02-10,South Korea,Seongbuk,1
2023-05-02,South Korea,Yeongdeungpo,1
2023-01-03,South Korea,Pyeongchang,2
2023-01-24,South Korea,Seongbuk,1
2023-01-13,South Korea,Jeju,1
2023-05-09,Switzerland,Bülach,1
2023-05-09,Switzerland,Zürich,1
2023-10-11,Switzerland,Genève,1
2023-08-12,Switzerland,Zürich,1
2023-10-12,Switzerland,Luzern,1
2023-06-20,Switzerland,Bülach,2
2023-01-11,Switzerland,Visp,1
2023-09-05,Switzerland,Interlaken,1
2023-02-18,Switzerland,Zürich,1
2023-10-17,Switzerland,Bern,1
2023-04-10,Switzerland,Luzern,2
2023-10-29,Switzerland,Obwalden,1
2023-10-01,Switzerland,Visp,1
2023-03-28,Switzerland,Bern,1
2023-03-28,Switzerland,Zürich,1
2023-10-28,Switzerland,Luzern,2
2023-03-16,Switzerland,Genève,2
2023-09-20,Switzerland,Luzern,1
2023-08-09,Switzerland,Aarberg,1
2023-11-05,Switzerland,Luzern,2
2023-09-17,Switzerland,Luzern,1
2023-08-19,Switzerland,Bern,1
2023-04-03,Switzerland,Zürich,1
2023-09-27,Switzerland,Zürich,1
2023-03-30,Switzerland,Interlaken,2
2023-07-30,Switzerland,Zürich,3
2023-08-23,Switzerland,Interlaken,1
2023-10-22,Switzerland,Zürich,1
2023-06-03,Switzerland,Interlaken,1
2023-08-14,Switzerland,Genève,1
2023-08-17,Switzerland,Interlaken,3
2023-11-22,Switzerland,Bülach,1
2023-08-25,Switzerland,Nidwalden,1
2023-11-20,Switzerland,Genève,1
2023-03-01,Switzerland,Dielsdorf,1
2023-10-12,Switzerland,Zürich,1
2023-11-04,Switzerland,Bülach,1
2023-08-08,Switzerland,Interlaken,1
2023-01-25,Switzerland,Interlaken,2
2023-01-26,Switzerland,Zürich,1
2023-07-24,Switzerland,Zürich,1
2023-10-20,Switzerland,Genève,2
2023-07-25,Switzerland,Zürich,1
2023-10-03,Switzerland,Bülach,2
2023-10-16,Switzerland,Zürich,1
2023-04-04,Switzerland,Sursee,1
2023-11-05,Switzerland,Bern,1
2023-04-29,Switzerland,Zürich,1
2023-02-22,Switzerland,Luzern,1
2023-05-07,Switzerland,Zürich,1
2023-06-10,Switzerland,Winterthur,1
2023-03-20,Switzerland,Luzern,2
2023-03-03,Switzerland,Bern,2
2023-10-18,Switzerland,Lausanne,1
2023-10-11,Switzerland,Interlaken,1
2023-09-02,Switzerland,Basel,1
2023-04-19,Switzerland,Interlaken,3
2023-05-25,Switzerland,Visp,1
2023-10-08,Switzerland,Zürich,1
2023-08-18,Switzerland,Zürich,2
2023-06-12,Switzerland,Interlaken,1
2023-02-26,Switzerland,Visp,1
2023-10-27,Switzerland,Genève,1
2023-11-20,Switzerland,Visp,1
2023-09-30,Switzerland,Interlaken,1
2023-09-16,Switzerland,Zürich,1
2023-11-16,Switzerland,Genève,2
2023-09-04,Switzerland,Interlaken,2
2023-11-17,Switzerland,Luzern,1
2023-05-20,Switzerland,Zürich,1
2023-09-21,Switzerland,Bern,2
2023-08-14,Switzerland,Zürich,1
2023-03-02,Switzerland,Visp,1
2023-07-04,Switzerland,La Sarine,1
2023-03-28,Switzerland,Interlaken,2
2023-11-21,Switzerland,Bülach,1
2023-10-11,Switzerland,Zürich,1
2023-01-20,Switzerland,Zürich,1
2023-09-15,Switzerland,Bülach,1
2023-09-04,Switzerland,Zürich,2
2023-08-04,Switzerland,Bülach,2
2023-05-03,Switzerland,Interlaken,1
2023-11-08,Switzerland,Zürich,2
2023-04-30,Switzerland,Lugano,2
2023-10-10,Switzerland,Zürich,1
2023-08-03,Switzerland,Bülach,1
2023-08-16,Switzerland,Zürich,1
2023-08-10,Switzerland,Bülach,1
2023-11-17,Switzerland,Dielsdorf,2
2023-06-20,Switzerland,Interlaken,1
2023-11-14,Switzerland,Zürich,3
2023-11-13,Switzerland,Luzern,1
2023-05-06,Switzerland,Zürich,1
2023-09-13,Switzerland,Bern,1
2023-05-29,Switzerland,Dielsdorf,1
2023-07-28,Switzerland,Luzern,1
2023-06-06,Switzerland,Bern,1
2023-10-31,Switzerland,Luzern,2
2023-10-04,Switzerland,Zürich,2
2023-08-17,Switzerland,Zürich,1
2023-03-05,Switzerland,Interlaken,1
2023-08-16,Switzerland,Luzern,1
2023-05-25,Switzerland,Lausanne,1
2023-05-10,Switzerland,Visp,2
2023-05-24,Switzerland,Zürich,1
2023-10-06,Switzerland,Genève,1
2023-02-19,Switzerland,Zürich,1
2023-02-26,Switzerland,Interlaken,1
2023-10-20,Switzerland,Interlaken,2
2023-03-04,Switzerland,Visp,1
2023-04-27,Switzerland,Interlaken,1
2023-08-13,Switzerland,Zürich,1
2023-04-04,Switzerland,Bülach,1
2023-04-07,Switzerland,Plessur,1
2023-11-02,Switzerland,Genève,1
2023-01-23,Switzerland,Zürich,1
2023-04-16,Switzerland,Zürich,1
2023-05-23,Switzerland,Interlaken,2
2023-01-18,Switzerland,Visp,1
2023-04-08,Switzerland,Visp,1
2023-11-08,Switzerland,Bülach,2
2023-10-03,Switzerland,Interlaken,1
2023-09-21,Switzerland,Bülach,2
2023-09-21,Switzerland,Luzern,1
2023-04-11,Switzerland,Genève,1
2023-05-27,Switzerland,Zürich,1
2023-09-17,Switzerland,Bülach,1
2023-08-07,Switzerland,Basel,1
2023-05-22,Switzerland,Visp,1
2023-10-30,Switzerland,Zürich,1
2023-07-21,Switzerland,Bern,1
2023-11-06,Switzerland,Bern,1
2023-03-10,Switzerland,Interlaken,2
2023-03-10,Switzerland,Zürich,1
2023-07-23,Switzerland,Bülach,1
2023-05-09,Switzerland,Interlaken,1
2023-03-04,Switzerland,Zürich,1
2023-10-18,Switzerland,Genève,1
2023-03-02,Switzerland,Pays-d'Enhaut,1
2023-11-11,Switzerland,Visp,1
2023-08-26,Switzerland,Zürich,1
2023-04-04,Switzerland,Interlaken,8
2023-04-07,Switzerland,Visp,2
2023-11-13,Switzerland,Dielsdorf,2
2023-01-10,Switzerland,Zürich,1
2023-05-15,Switzerland,Zürich,1
2023-01-25,Switzerland,Basel,1
2023-05-17,Switzerland,Zürich,1
2023-05-03,Switzerland,Bern,1
2023-02-19,Switzerland,Interlaken,1
2023-01-05,Switzerland,Visp,1
2023-09-22,Switzerland,Luzern,2
2023-03-04,Switzerland,Interlaken,2
2023-03-05,Switzerland,Visp,1
2023-08-10,Switzerland,Interlaken,1
2023-03-13,Switzerland,Bern,1
2023-11-03,Switzerland,Luzern,4
2023-03-09,Switzerland,Zürich,2
2023-06-15,Switzerland,Genève,1
2023-06-15,Switzerland,Bülach,1
2023-11-09,Switzerland,Visp,1
2023-06-18,Switzerland,Interlaken,1
2023-04-12,Switzerland,Bern,1
2023-10-14,Switzerland,Genève,1
2023-10-25,Switzerland,Bülach,2
2023-03-14,Switzerland,Bern,2
2023-11-19,Switzerland,Genève,1
2023-04-15,Switzerland,Lugano,1
2023-01-31,Switzerland,Bülach,1
2023-10-09,Switzerland,Interlaken,1
2023-01-01,Switzerland,Bern,1
2023-01-15,Switzerland,Zürich,1
2023-05-29,Switzerland,Zürich,1
2023-10-17,Switzerland,Luzern,2
2023-05-30,Switzerland,Zürich,1
2023-10-29,Switzerland,Basel,1
2023-10-29,Switzerland,Zürich,1
2023-04-27,Switzerland,Pays-d'Enhaut,1
2023-08-16,Switzerland,Bern,1
2023-10-25,Switzerland,Luzern,2
2023-04-07,Switzerland,Interlaken,1
2023-11-02,Switzerland,Luzern,2
2023-11-03,Switzerland,Bülach,1
2023-01-22,Switzerland,Pays-d'Enhaut,1
2023-11-01,Switzerland,Zürich,1
2023-06-23,Switzerland,Genève,1
2023-01-25,Switzerland,Plessur,1
2023-02-01,Switzerland,Zürich,2
2023-07-27,Switzerland,Zürich,1
2023-04-25,Switzerland,Bern,1
2023-09-10,Switzerland,Interlaken,1
2023-08-16,Switzerland,Visp,1
2023-10-14,Switzerland,Bern,1
2023-10-26,Switzerland,Zürich,2
2023-10-26,Switzerland,Lausanne,1
2023-10-26,Switzerland,Dielsdorf,2
2023-03-15,Switzerland,Genève,1
2023-09-02,Switzerland,Genève,1
2023-11-17,Switzerland,Genève,1
2023-05-28,Switzerland,Interlaken,2
2023-03-07,Switzerland,Zürich,2
2023-01-15,Switzerland,Obwalden,1
2023-10-17,Switzerland,Aigle,1
2023-10-19,Switzerland,Bern,1
2023-10-15,Switzerland,Luzern,1
2023-07-04,Switzerland,Bern,1
2023-04-21,Switzerland,Interlaken,1
2023-08-09,Switzerland,Visp,1
2023-01-30,Switzerland,Zürich,3
2023-06-11,Switzerland,Plessur,1
2023-01-02,Switzerland,Interlaken,1
2023-06-23,Switzerland,Zürich,1
2023-01-12,Switzerland,Zürich,2
2023-02-02,Switzerland,Zürich,1
2023-10-24,Switzerland,Bülach,4
2023-01-05,Switzerland,Pays-d'Enhaut,1
2023-06-16,Switzerland,Zürich,1
2023-11-11,Switzerland,Bülach,1
2023-04-27,Switzerland,Zürich,1
2023-07-19,Switzerland,Interlaken,1
2023-01-14,Switzerland,Luzern,1
2023-01-03,Switzerland,Visp,1
2023-06-23,Switzerland,Visp,1
2023-06-06,Switzerland,Interlaken,1
2023-08-10,Switzerland,Genève,1
2023-08-10,Switzerland,Zürich,1
2023-10-07,Switzerland,Zürich,2
2023-09-13,Switzerland,Thun,1
2023-05-29,Switzerland,Interlaken,1
2023-02-20,Switzerland,Bern,1
2023-03-22,Switzerland,Bülach,1
2023-06-06,Switzerland,Bülach,1
2023-10-18,Switzerland,Visp,1
2023-10-18,Switzerland,Luzern,1
2023-08-16,Switzerland,Interlaken,1
2023-10-28,Switzerland,Zürich,1
2023-09-01,Switzerland,Visp,1
2023-11-02,Switzerland,Thun,1
2023-08-19,Switzerland,Bülach,1
2023-09-11,Switzerland,Interlaken,1
2023-04-28,Switzerland,Bülach,1
2023-04-28,Switzerland,Basel,1
2023-08-06,Switzerland,Interlaken,1
2023-10-30,Switzerland,Bülach,1
2023-02-23,Switzerland,Luzern,1
2023-10-24,Switzerland,Interlaken,3
2023-01-09,Switzerland,Zürich,1
2023-07-26,Switzerland,Bern,1
2023-10-03,Switzerland,Zürich,2
2023-10-04,Switzerland,Visp,1
2023-10-02,Switzerland,Luzern,1
2023-08-16,Switzerland,Genève,1
2023-03-27,Switzerland,Lausanne,1
2023-10-25,Switzerland,Bern,1
2023-10-11,Switzerland,Luzern,1
2023-08-04,Switzerland,Luzern,1
2023-04-02,Switzerland,Dielsdorf,1
2023-07-31,Switzerland,Interlaken,1
2023-07-27,Switzerland,Bülach,1
2023-06-03,Switzerland,Zürich,1
2023-10-15,Switzerland,Bülach,1
2023-08-17,Switzerland,Plessur,1
2023-10-28,Switzerland,Interlaken,2
2023-10-28,Switzerland,Pays-d'Enhaut,1
2023-10-25,Switzerland,Interlaken,1
2023-09-20,Switzerland,Winterthur,1
2023-09-29,Switzerland,Zürich,3
2023-11-17,Switzerland,Zürich,1
2023-01-17,Switzerland,Zürich,2
2023-11-06,Switzerland,Visp,1
2023-11-06,Switzerland,Basel,1
2023-06-19,Switzerland,Luzern,1
2023-06-18,Switzerland,Bülach,1
2023-08-01,Switzerland,Zürich,1
2023-08-11,Switzerland,Basel,1
2023-03-28,Switzerland,Basel,1
2023-09-20,Switzerland,Genève,2
2023-04-22,Switzerland,Bern,1
2023-10-12,Switzerland,Basel,1
2023-04-18,Switzerland,Bülach,1
2023-10-07,Switzerland,Interlaken,1
2023-09-09,Switzerland,Zürich,2
2023-05-17,Switzerland,Genève,1
2023-10-23,Switzerland,Luzern,2
2023-07-24,Switzerland,Interlaken,1
2023-06-18,Switzerland,Genève,1
2023-04-12,Switzerland,Interlaken,3
2023-10-27,Switzerland,Zürich,1
2023-03-01,Switzerland,Luzern,1
2023-11-04,Switzerland,Dielsdorf,1
2023-05-25,Switzerland,Zürich,1
2023-11-02,Switzerland,Zürich,3
2023-11-17,Switzerland,Interlaken,1
2023-03-08,Switzerland,Interlaken,2
2023-05-21,Switzerland,Genève,1
2023-08-06,Switzerland,Bülach,1
2023-03-31,Switzerland,Zürich,1
2023-04-08,Switzerland,Bülach,1
2023-05-03,Switzerland,Zürich,1
2023-10-23,Switzerland,Bülach,1
2023-10-19,Switzerland,Luzern,1
2023-10-19,Switzerland,Bülach,1
2023-04-23,Switzerland,Bülach,1
2023-10-29,Switzerland,Visp,3
2023-10-29,Switzerland,Genève,2
2023-11-22,Switzerland,Zürich,1
2023-11-21,Switzerland,Genève,1
2023-08-27,Switzerland,Zürich,1
2023-10-26,Switzerland,Interlaken,4
2023-09-01,Switzerland,Bülach,2
2023-09-15,Switzerland,Zürich,6
2023-11-16,Switzerland,Dielsdorf,1
2023-03-08,Switzerland,Bern,1
2023-11-12,Switzerland,Genève,1
2023-01-14,Switzerland,Basel,1
2023-01-12,Switzerland,Bern,1
2023-10-20,Switzerland,Zürich,1
2023-02-28,Switzerland,Zürich,4
2023-04-26,Switzerland,Bülach,1
2023-10-14,Switzerland,Interlaken,3
2023-10-25,Switzerland,Zürich,6
2023-01-20,Switzerland,Interlaken,1
2023-05-27,Switzerland,Genève,1
2023-09-14,Switzerland,Bülach,1
2023-09-05,Switzerland,Bülach,1
2023-06-25,Switzerland,Bülach,1
2023-09-08,Switzerland,Appenzell Ausserrhoden,1
2023-07-27,Switzerland,Genève,1
2023-08-30,Switzerland,Genève,1
2023-09-20,Switzerland,Dielsdorf,1
2023-11-18,Switzerland,Bülach,1
2023-04-16,Switzerland,Genève,1
2023-06-29,Switzerland,Interlaken,1
2023-09-08,Switzerland,Visp,1
2023-10-24,Switzerland,Luzern,2
2023-10-10,Switzerland,Luzern,2
2023-11-10,Switzerland,Zürich,1
2023-10-27,Switzerland,Brig,4
2023-02-07,Switzerland,Interlaken,1
2023-04-20,Switzerland,Bülach,2
2023-10-12,Switzerland,Visp,2
2023-09-13,Switzerland,Interlaken,1
2023-09-13,Switzerland,Zürich,3
2023-10-30,Switzerland,Dielsdorf,1
2023-01-17,Switzerland,Genève,1
2023-05-18,Switzerland,Bern,1
2023-10-21,Switzerland,Interlaken,2
2023-03-10,Switzerland,Bern,1
2023-03-10,Switzerland,Pays-d'Enhaut,1
2023-06-17,Switzerland,Bern,1
2023-11-10,Switzerland,Bülach,1
2023-08-16,Switzerland,Maloja,1
2023-08-10,Switzerland,Luzern,1
2023-08-10,Switzerland,Bern,1
2023-09-04,Switzerland,Sankt Gallen,2
2023-09-04,Switzerland,Bülach,1
2023-09-03,Switzerland,Basel,1
2023-04-28,Switzerland,Genève,1
2023-04-13,Switzerland,Visp,2
2023-01-03,Switzerland,Bülach,1
2023-01-05,Switzerland,Zürich,1
2023-07-26,Switzerland,Zürich,2
2023-11-10,Switzerland,Genève,1
2023-03-06,Switzerland,Obwalden,2
2023-09-30,Switzerland,Dielsdorf,1
2023-11-03,Switzerland,Zürich,1
2023-09-12,Switzerland,Luzern,1
2023-01-13,Switzerland,Luzern,1
2023-11-06,Switzerland,Genève,1
2023-01-27,Switzerland,Dielsdorf,1
2023-03-11,Switzerland,Interlaken,1
2023-06-09,Switzerland,Zürich,1
2023-07-24,Switzerland,Genève,1
2023-10-20,Switzerland,Bern,1
2023-10-04,Switzerland,Bülach,1
2023-10-04,Switzerland,Luzern,1
2023-08-28,Switzerland,Bülach,1
2023-03-06,Switzerland,Zürich,3
2023-10-02,Switzerland,Bern,1
2023-09-20,Switzerland,Visp,1
2023-10-11,Switzerland,Bülach,1
2023-03-14,Switzerland,Luzern,1
2023-04-19,Switzerland,Dielsdorf,1
2023-11-16,Switzerland,Luzern,1
2023-11-15,Switzerland,Luzern,1
2023-07-25,Switzerland,Genève,1
2023-08-31,Switzerland,Interlaken,2
2023-04-21,Switzerland,Zürich,1
2023-08-09,Switzerland,Winterthur,1
2023-10-05,Switzerland,Bülach,1
2023-09-13,Switzerland,Lausanne,1
2023-10-21,Switzerland,Bülach,4
2023-05-30,Switzerland,Bülach,1
2023-09-24,Switzerland,Bülach,1
2023-10-26,Switzerland,Pays-d'Enhaut,1
2023-05-12,Switzerland,Luzern,1
2023-08-18,Switzerland,Dielsdorf,1
2023-03-09,Switzerland,Luzern,1
2023-01-01,Switzerland,Luzern,1
2023-09-13,Switzerland,Meilen,1
2023-05-07,Switzerland,Pays-d'Enhaut,1
2023-06-23,Switzerland,Martigny,1
2023-06-07,Switzerland,Genève,2
2023-08-15,Switzerland,Bülach,1
2023-09-21,Switzerland,Genève,2
2023-08-11,Switzerland,Bern,1
2023-09-20,Switzerland,Bülach,1
2023-11-05,Switzerland,Zürich,1
2023-10-07,Switzerland,Genève,1
2023-03-07,Switzerland,Meilen,1
2023-05-23,Switzerland,Zürich,1
2023-01-14,Switzerland,Zürich,1
2023-04-09,Switzerland,Interlaken,1
2023-09-07,Switzerland,Interlaken,1
2023-04-30,Switzerland,Bern,1
2023-07-28,Switzerland,Zürich,1
2023-06-09,Switzerland,Winterthur,1
2023-09-21,Switzerland,Interlaken,1
2023-10-04,Switzerland,Dielsdorf,1
2023-10-29,Switzerland,Interlaken,1
2023-09-30,Switzerland,Pays-d'Enhaut,1
2023-05-10,Switzerland,Dielsdorf,1
2023-08-08,Switzerland,Zürich,1
2023-11-18,Switzerland,Basel,1
2023-11-15,Switzerland,Zürich,1
2023-11-01,Switzerland,Dielsdorf,1
2023-11-06,Switzerland,Zürich,1
2023-08-14,Switzerland,Luzern,1
2023-03-02,Switzerland,Interlaken,1
2023-04-20,Switzerland,Luzern,1
2023-11-21,Switzerland,Zürich,2
2023-09-18,Switzerland,Basel,1
2023-05-12,Switzerland,Bülach,2
2023-10-09,Switzerland,Bülach,1
2023-09-13,Switzerland,Genève,1
2023-01-28,Switzerland,Zürich,1
2023-07-28,Switzerland,Bülach,1
2023-02-02,Switzerland,Dielsdorf,1
2023-03-10,Switzerland,Genève,1
2023-02-13,Switzerland,Interlaken,1
2023-04-23,Switzerland,Zürich,1
2023-11-18,Switzerland,Zürich,2
2023-11-13,Switzerland,Interlaken,1
2023-11-08,Switzerland,Luzern,2
2023-08-01,Switzerland,Lugano,1
2023-09-17,Switzerland,Zürich,1
2023-03-08,Switzerland,Bülach,1
2023-11-13,Switzerland,Zürich,2
2023-01-26,Switzerland,Genève,2
2023-03-05,Switzerland,Dielsdorf,1
2023-04-11,Switzerland,Visp,1
2023-10-11,Switzerland,Dielsdorf,1
2023-10-26,Switzerland,Plessur,1
2023-04-29,Switzerland,Pays-d'Enhaut,1
2023-04-16,Switzerland,Niedersimmental,2
2023-10-05,Switzerland,Genève,1
2023-06-14,Switzerland,Zürich,1
2023-11-09,Switzerland,Bülach,1
2023-10-23,Switzerland,Interlaken,1
2023-07-27,Switzerland,Dielsdorf,1
2023-03-10,Switzerland,Bülach,1
2023-03-24,Switzerland,Bülach,1
2023-03-04,Switzerland,Luzern,1
2023-10-15,Switzerland,Zürich,2
2023-10-26,Switzerland,Genève,1
2023-03-01,Switzerland,Interlaken,2
2023-11-19,Switzerland,Luzern,1
2023-06-20,Switzerland,Zürich,1
2023-11-14,Switzerland,Genève,1
2023-08-06,Switzerland,Zürich,1
2023-01-09,Switzerland,Visp,2
2023-02-27,Switzerland,Zürich,1
2023-03-03,Switzerland,Zürich,1
2023-09-21,Switzerland,Zürich,3
2023-10-15,Switzerland,Interlaken,1
2023-04-26,Switzerland,Bern,2
2023-11-12,Switzerland,Zürich,2
2023-05-22,Switzerland,Bülach,1
2023-01-17,Switzerland,Luzern,1
2023-01-03,Switzerland,Zürich,2
2023-04-08,Switzerland,Interlaken,1
2023-09-05,Switzerland,Genève,1
2023-07-02,Switzerland,Zürich,1
2023-08-29,Switzerland,Zürich,1
2023-10-19,Switzerland,Thun,2
2023-09-23,Switzerland,Zug,1
2023-11-04,Switzerland,Lugano,1
2023-09-29,Switzerland,Visp,1
2023-09-17,Switzerland,Interlaken,1
2023-08-07,Switzerland,Obwalden,1
2023-06-13,Switzerland,Zürich,1
2023-01-18,Switzerland,Luzern,1
2023-11-07,Switzerland,Zürich,1
2023-03-21,Saudi Arabia,Al Madinah Al Munawwarah,1
2023-05-30,Saudi Arabia,Al Madinah Al Munawwarah,1
2023-10-01,Saudi Arabia,N/A,1
2023-03-29,Saudi Arabia,Al Madinah Al Munawwarah,1
2023-06-20,Saudi Arabia,Al Madinah Al Munawwarah,1
2023-04-29,Saudi Arabia,Jeddah,1
2023-09-14,Saudi Arabia,N/A,4
2023-09-28,Saudi Arabia,N/A,4
2023-04-08,Saudi Arabia,Jeddah,1
2023-01-27,Saudi Arabia,Al Madinah Al Munawwarah,1
2023-08-21,Saudi Arabia,Jeddah,1
2023-10-10,Saudi Arabia,N/A,1
2023-06-02,Saudi Arabia,Al Madinah Al Munawwarah,1
2023-10-04,Saudi Arabia,N/A,3
2023-11-11,Saudi Arabia,Al Madinah Al Munawwarah,3
2023-09-18,Saudi Arabia,N/A,5
2023-09-27,Saudi Arabia,Al Madinah Al Munawwarah,2
2023-11-12,Saudi Arabia,N/A,4
2023-06-12,Saudi Arabia,N/A,3
2023-08-20,Saudi Arabia,Jeddah,1
2023-03-25,Saudi Arabia,N/A,3
2023-07-23,Saudi Arabia,Al Madinah Al Munawwarah,1
2023-03-04,Saudi Arabia,Jeddah,1
2023-03-04,Saudi Arabia,Al Madinah Al Munawwarah,1
2023-03-03,Saudi Arabia,Jeddah,1
2023-08-28,Saudi Arabia,N/A,7
2023-10-16,Saudi Arabia,N/A,2
2023-10-25,Saudi Arabia,Jeddah,1
2023-03-01,Saudi Arabia,N/A,1
2023-11-02,Saudi Arabia,Al Madinah Al Munawwarah,1
2023-05-12,Saudi Arabia,Al Madinah Al Munawwarah,1
2023-11-13,Saudi Arabia,Al Madinah Al Munawwarah,1
2023-06-15,Saudi Arabia,N/A,1
2023-05-02,Saudi Arabia,N/A,5
2023-08-23,Saudi Arabia,N/A,3
2023-06-17,Saudi Arabia,N/A,3
2023-03-20,Saudi Arabia,Al Madinah Al Munawwarah,1
2023-10-03,Saudi Arabia,N/A,3
2023-03-19,Saudi Arabia,Al Madinah Al Munawwarah,6
2023-09-23,Saudi Arabia,Jeddah,1
2023-08-02,Saudi Arabia,N/A,1
2023-03-28,Saudi Arabia,Jeddah,1
2023-08-13,Saudi Arabia,Jeddah,1
2023-08-12,Saudi Arabia,Al Madinah Al Munawwarah,1
2023-11-04,Saudi Arabia,Al Madinah Al Munawwarah,3
2023-09-16,Saudi Arabia,N/A,1
2023-05-13,Saudi Arabia,N/A,2
2023-05-14,Saudi Arabia,Jeddah,1
2023-05-12,Saudi Arabia,N/A,2
2023-11-12,Saudi Arabia,Al Madinah Al Munawwarah,2
2023-05-06,Saudi Arabia,N/A,1
2023-05-16,Saudi Arabia,Al Madinah Al Munawwarah,1
2023-02-24,Saudi Arabia,Al Madinah Al Munawwarah,1
2023-07-10,Saudi Arabia,N/A,8
2023-04-24,Saudi Arabia,Al Madinah Al Munawwarah,1
2023-10-19,Saudi Arabia,N/A,1
2023-08-16,Saudi Arabia,N/A,1
2023-11-20,Saudi Arabia,Al Madinah Al Munawwarah,1
2023-08-24,Saudi Arabia,Al Madinah Al Munawwarah,1
2023-07-06,Saudi Arabia,Al Madinah Al Munawwarah,1
2023-01-22,Saudi Arabia,N/A,1
2023-10-09,Saudi Arabia,N/A,2
2023-10-06,Saudi Arabia,Jeddah,1
2023-06-22,Saudi Arabia,N/A,1
2023-06-19,Saudi Arabia,N/A,3
2023-06-18,Saudi Arabia,Al Madinah Al Munawwarah,1
2023-09-22,Saudi Arabia,Al Madinah Al Munawwarah,2
2023-07-07,Saudi Arabia,N/A,4
2023-10-15,Saudi Arabia,N/A,4
2023-08-24,Saudi Arabia,Jeddah,1
2023-02-09,Saudi Arabia,Jeddah,2
2023-10-26,Saudi Arabia,N/A,2
2023-03-15,Saudi Arabia,N/A,2
2023-11-18,Saudi Arabia,Jeddah,1
2023-02-22,Saudi Arabia,N/A,2
2023-01-29,Saudi Arabia,N/A,1
2023-05-08,Saudi Arabia,N/A,2
2023-06-14,Saudi Arabia,N/A,4
2023-05-29,Saudi Arabia,Jeddah,1
2023-01-25,Saudi Arabia,N/A,1
2023-01-25,Saudi Arabia,Al Madinah Al Munawwarah,1
2023-06-25,Saudi Arabia,Jeddah,1
2023-02-17,Saudi Arabia,Jeddah,1
2023-01-09,Saudi Arabia,Al Madinah Al Munawwarah,2
2023-08-29,Saudi Arabia,Jeddah,1
2023-10-19,Saudi Arabia,Al Madinah Al Munawwarah,1
2023-04-11,Saudi Arabia,Al Madinah Al Munawwarah,1
2023-08-25,Saudi Arabia,N/A,3
2023-09-03,Saudi Arabia,N/A,5
2023-10-09,Saudi Arabia,Al Madinah Al Munawwarah,1
2023-04-17,Saudi Arabia,N/A,2
2023-02-16,Saudi Arabia,N/A,1
2023-02-19,Saudi Arabia,N/A,1
2023-04-11,Saudi Arabia,Jeddah,2
2023-10-13,Saudi Arabia,N/A,4
2023-08-10,Saudi Arabia,N/A,2
2023-05-28,Saudi Arabia,N/A,1
2023-08-05,Saudi Arabia,Al Madinah Al Munawwarah,1
2023-09-28,Saudi Arabia,Jeddah,1
2023-01-28,Saudi Arabia,N/A,5
2023-08-29,Saudi Arabia,N/A,3
2023-01-23,Saudi Arabia,N/A,1
2023-09-25,Saudi Arabia,N/A,2
2023-04-02,Saudi Arabia,N/A,3
2023-10-23,Saudi Arabia,Jeddah,1
2023-01-09,Saudi Arabia,Jeddah,3
2023-06-09,Saudi Arabia,Al Madinah Al Munawwarah,6
2023-03-24,Saudi Arabia,Jeddah,1
2023-01-06,Saudi Arabia,Al Madinah Al Munawwarah,1
2023-01-07,Saudi Arabia,N/A,1
2023-07-09,Saudi Arabia,Jeddah,1
2023-03-13,Saudi Arabia,Jeddah,1
2023-09-29,Saudi Arabia,Jeddah,1
2023-05-20,Saudi Arabia,N/A,1
2023-09-13,Saudi Arabia,N/A,4
2023-05-18,Saudi Arabia,Al Madinah Al Munawwarah,1
2023-01-09,Saudi Arabia,N/A,2
2023-10-10,Saudi Arabia,Al Madinah Al Munawwarah,2
2023-11-10,Saudi Arabia,Al Madinah Al Munawwarah,2
2023-07-19,Saudi Arabia,N/A,3
2023-05-25,Saudi Arabia,Jeddah,1
2023-01-22,Saudi Arabia,Al Madinah Al Munawwarah,1
2023-04-15,Saudi Arabia,Al Madinah Al Munawwarah,1
2023-03-07,Saudi Arabia,N/A,1
2023-09-27,Saudi Arabia,Jeddah,1
2023-06-23,Saudi Arabia,N/A,1
2023-07-14,Saudi Arabia,N/A,1
2023-07-02,Saudi Arabia,N/A,3
2023-03-26,Saudi Arabia,Jeddah,1
2023-07-15,Saudi Arabia,Jeddah,2
2023-03-20,Saudi Arabia,Jeddah,1
2023-03-28,Saudi Arabia,Al Madinah Al Munawwarah,2
2023-08-26,Saudi Arabia,Al Madinah Al Munawwarah,1
2023-04-04,Saudi Arabia,Al Madinah Al Munawwarah,3
2023-01-20,Saudi Arabia,N/A,7
2023-04-18,Saudi Arabia,N/A,1
2023-09-18,Saudi Arabia,Jeddah,1
2023-08-18,Saudi Arabia,N/A,2
2023-05-15,Saudi Arabia,N/A,1
2023-07-31,Saudi Arabia,N/A,1
2023-03-27,Saudi Arabia,Al Madinah Al Munawwarah,2
2023-10-14,Saudi Arabia,N/A,2
2023-11-01,Saudi Arabia,Al Madinah Al Munawwarah,2
2023-06-29,Saudi Arabia,Jeddah,1
2023-06-23,Saudi Arabia,Jeddah,2
2023-03-26,Saudi Arabia,Al Madinah Al Munawwarah,2
2023-07-12,Saudi Arabia,N/A,1
2023-09-22,Saudi Arabia,N/A,1
2023-10-18,Saudi Arabia,N/A,2
2023-05-30,Saudi Arabia,N/A,3
2023-10-26,Saudi Arabia,Al Madinah Al Munawwarah,1
2023-08-26,Saudi Arabia,N/A,5
2023-04-21,Saudi Arabia,Al Madinah Al Munawwarah,2
2023-04-21,Saudi Arabia,N/A,2
2023-08-09,Saudi Arabia,N/A,1
2023-05-11,Saudi Arabia,N/A,1
2023-08-08,Saudi Arabia,Al Madinah Al Munawwarah,1
2023-11-15,Saudi Arabia,Jeddah,1
2023-05-05,Saudi Arabia,N/A,1
2023-02-21,Saudi Arabia,Al Madinah Al Munawwarah,1
2023-05-08,Saudi Arabia,Jeddah,2
2023-02-23,Saudi Arabia,N/A,1
2023-01-24,Saudi Arabia,N/A,1
2023-11-06,Saudi Arabia,N/A,1
2023-03-06,Saudi Arabia,Jeddah,1
2023-07-04,Saudi Arabia,Jeddah,1
2023-11-20,Saudi Arabia,Jeddah,1
2023-03-27,Saudi Arabia,N/A,2
2023-05-26,Saudi Arabia,N/A,1
2023-11-05,Saudi Arabia,N/A,2
2023-05-19,Saudi Arabia,N/A,1
2023-11-09,Saudi Arabia,Al Madinah Al Munawwarah,4
2023-01-16,Saudi Arabia,N/A,4
2023-03-22,Saudi Arabia,N/A,2
2023-06-06,Saudi Arabia,Al Madinah Al Munawwarah,1
2023-08-28,Saudi Arabia,Al Madinah Al Munawwarah,2
2023-08-17,Saudi Arabia,N/A,2
2023-10-13,Saudi Arabia,Al Madinah Al Munawwarah,3
2023-10-28,Saudi Arabia,N/A,2
2023-09-04,Saudi Arabia,Al Madinah Al Munawwarah,1
2023-11-01,Saudi Arabia,N/A,2
2023-09-11,Saudi Arabia,N/A,2
2023-04-28,Saudi Arabia,Jeddah,1
2023-05-24,Saudi Arabia,Al Madinah Al Munawwarah,2
2023-05-23,Saudi Arabia,Al Madinah Al Munawwarah,1
2023-02-10,Saudi Arabia,N/A,1
2023-05-16,Saudi Arabia,N/A,2
2023-05-29,Saudi Arabia,Al Madinah Al Munawwarah,1
2023-11-07,Saudi Arabia,N/A,1
2023-01-12,Saudi Arabia,N/A,6
2023-06-07,Saudi Arabia,N/A,2
2023-07-27,Saudi Arabia,N/A,1
2023-02-12,Saudi Arabia,N/A,2
2023-07-08,Saudi Arabia,Al Madinah Al Munawwarah,1
2023-03-02,Saudi Arabia,N/A,3
2023-08-24,Saudi Arabia,N/A,4
2023-09-20,Saudi Arabia,Al Madinah Al Munawwarah,2
2023-10-12,Saudi Arabia,Al Madinah Al Munawwarah,1
2023-11-01,Saudi Arabia,Jeddah,2
2023-07-20,Saudi Arabia,N/A,1
2023-07-16,Saudi Arabia,N/A,1
2023-02-13,Saudi Arabia,N/A,2
2023-11-21,Saudi Arabia,N/A,2
2023-10-11,Saudi Arabia,N/A,3
2023-09-14,Saudi Arabia,Al Madinah Al Munawwarah,1
2023-06-28,Saudi Arabia,N/A,1
2023-05-02,Saudi Arabia,Al Madinah Al Munawwarah,4
2023-11-09,Saudi Arabia,N/A,2
2023-07-02,Saudi Arabia,Al Madinah Al Munawwarah,4
2023-10-21,Saudi Arabia,N/A,2
2023-02-28,Saudi Arabia,Al Madinah Al Munawwarah,1
2023-11-11,Saudi Arabia,N/A,2
2023-10-15,Saudi Arabia,Al Madinah Al Munawwarah,1
2023-03-27,Saudi Arabia,Jeddah,1
2023-04-21,Saudi Arabia,Jeddah,1
2023-08-08,Saudi Arabia,Jeddah,1
2023-09-12,Saudi Arabia,N/A,1
2023-07-22,Saudi Arabia,N/A,2
2023-05-08,Saudi Arabia,Al Madinah Al Munawwarah,1
2023-05-01,Saudi Arabia,N/A,2
2023-07-14,Saudi Arabia,Al Madinah Al Munawwarah,1
2023-07-01,Saudi Arabia,N/A,4
2023-06-08,Saudi Arabia,Jeddah,1
2023-06-17,Saudi Arabia,Jeddah,2
2023-02-13,Saudi Arabia,Jeddah,1
2023-08-03,Saudi Arabia,N/A,1
2023-10-27,Saudi Arabia,N/A,2
2023-11-21,Saudi Arabia,Jeddah,1
2023-07-19,Saudi Arabia,Jeddah,1
2023-04-13,Saudi Arabia,N/A,1
2023-04-16,Saudi Arabia,Al Madinah Al Munawwarah,1
2023-02-10,Saudi Arabia,Al Madinah Al Munawwarah,1
2023-06-15,Saudi Arabia,Al Madinah Al Munawwarah,1
2023-06-26,Saudi Arabia,N/A,2
2023-05-07,Saudi Arabia,N/A,2
2023-10-24,Saudi Arabia,N/A,2
2023-08-30,Saudi Arabia,N/A,4
2023-07-11,Saudi Arabia,Al Madinah Al Munawwarah,1
2023-11-19,Saudi Arabia,Jeddah,1
2023-04-07,Saudi Arabia,N/A,5
2023-11-02,Saudi Arabia,N/A,1
2023-09-28,Saudi Arabia,Al Madinah Al Munawwarah,1
2023-01-30,Saudi Arabia,N/A,7
2023-06-10,Saudi Arabia,Al Madinah Al Munawwarah,1
2023-07-24,Saudi Arabia,N/A,1
2023-02-11,Saudi Arabia,N/A,2
2023-02-14,Saudi Arabia,N/A,5
2023-03-17,Saudi Arabia,Jeddah,1
2023-10-19,Saudi Arabia,Jeddah,1
2023-04-12,Saudi Arabia,Jeddah,3
2023-09-20,Saudi Arabia,N/A,1
2023-07-06,Saudi Arabia,N/A,7
2023-05-14,Saudi Arabia,Al Madinah Al Munawwarah,1
2023-01-01,Saudi Arabia,N/A,4
2023-06-27,Saudi Arabia,Al Madinah Al Munawwarah,1
2023-07-21,Saudi Arabia,N/A,1
2023-08-21,Saudi Arabia,N/A,1
2023-07-11,Saudi Arabia,N/A,3
2023-07-09,Saudi Arabia,N/A,2
2023-07-04,Saudi Arabia,N/A,8
2023-04-19,Saudi Arabia,N/A,2
2023-09-25,Saudi Arabia,Jeddah,1
2023-06-26,Saudi Arabia,Jeddah,1
2023-02-01,Saudi Arabia,N/A,2
2023-01-06,Saudi Arabia,N/A,4
2023-01-05,Saudi Arabia,N/A,1
2023-06-05,Saudi Arabia,N/A,1
2023-10-31,Saudi Arabia,N/A,2
2023-08-31,Saudi Arabia,N/A,7
2023-08-14,Saudi Arabia,N/A,3
2023-09-10,Saudi Arabia,Al Madinah Al Munawwarah,2
2023-03-05,Saudi Arabia,N/A,2
2023-10-27,Saudi Arabia,Jeddah,1
2023-10-27,Saudi Arabia,Al Madinah Al Munawwarah,1
2023-07-03,Saudi Arabia,N/A,7
2023-04-05,Saudi Arabia,Al Madinah Al Munawwarah,2
2023-11-17,Saudi Arabia,N/A,2
2023-05-14,Saudi Arabia,N/A,1
2023-05-21,Saudi Arabia,Al Madinah Al Munawwarah,2
2023-08-07,Saudi Arabia,N/A,3
2023-05-04,Saudi Arabia,Jeddah,1
2023-07-13,Saudi Arabia,N/A,3
2023-02-05,Saudi Arabia,N/A,2
2023-06-16,Saudi Arabia,N/A,6
2023-10-18,Saudi Arabia,Jeddah,1
2023-08-14,Saudi Arabia,Jeddah,1
2023-10-29,Saudi Arabia,N/A,5
2023-10-25,Saudi Arabia,N/A,1
2023-10-08,Saudi Arabia,Al Madinah Al Munawwarah,2
2023-03-09,Saudi Arabia,Jeddah,1
2023-02-23,Saudi Arabia,Al Madinah Al Munawwarah,2
2023-10-20,Saudi Arabia,Al Madinah Al Munawwarah,1
2023-10-03,Saudi Arabia,Jeddah,1
2023-08-25,Saudi Arabia,Al Madinah Al Munawwarah,3
2023-04-19,Saudi Arabia,Al Madinah Al Munawwarah,1
2023-09-26,Saudi Arabia,N/A,3
2023-04-28,Saudi Arabia,N/A,2
2023-02-20,Saudi Arabia,N/A,2
2023-10-22,Saudi Arabia,N/A,1
2023-02-03,Saudi Arabia,N/A,3
2023-10-31,Saudi Arabia,Al Madinah Al Munawwarah,2
2023-03-21,Saudi Arabia,N/A,3
2023-10-03,Saudi Arabia,Al Madinah Al Munawwarah,1
2023-04-24,Saudi Arabia,N/A,2
2023-09-10,Saudi Arabia,N/A,2
2023-04-26,Saudi Arabia,N/A,1
2023-10-25,Saudi Arabia,Al Madinah Al Munawwarah,2
2023-09-08,Saudi Arabia,N/A,1
2023-04-25,Saudi Arabia,Jeddah,1
2023-08-29,Saudi Arabia,Al Madinah Al Munawwarah,1
2023-03-17,Saudi Arabia,N/A,1
2023-08-28,Saudi Arabia,Jeddah,1
2023-03-19,Saudi Arabia,N/A,5
2023-04-22,Saudi Arabia,N/A,5
2023-04-05,Saudi Arabia,N/A,2
2023-05-21,Saudi Arabia,N/A,1
2023-08-19,Saudi Arabia,N/A,1
2023-09-06,Saudi Arabia,N/A,3
2023-05-01,Saudi Arabia,Al Madinah Al Munawwarah,1
2023-01-26,Saudi Arabia,N/A,4
2023-07-07,Saudi Arabia,Al Madinah Al Munawwarah,1
2023-11-20,Saudi Arabia,N/A,6
2023-02-06,Saudi Arabia,N/A,2
2023-11-21,Saudi Arabia,Al Madinah Al Munawwarah,2
2023-04-15,Saudi Arabia,N/A,3
2023-08-19,Saudi Arabia,Jeddah,1
2023-01-31,Saudi Arabia,Jeddah,1
2023-11-07,Saudi Arabia,Jeddah,2
2023-09-23,Saudi Arabia,Al Madinah Al Munawwarah,1
2023-06-20,Saudi Arabia,N/A,3
2023-04-06,Saudi Arabia,N/A,3
2023-01-03,Saudi Arabia,N/A,1
2023-11-08,Saudi Arabia,Al Madinah Al Munawwarah,2
2023-03-22,Saudi Arabia,Jeddah,1
2023-07-23,Saudi Arabia,Jeddah,1
2023-06-02,Saudi Arabia,N/A,1
2023-01-04,Saudi Arabia,Al Madinah Al Munawwarah,1
2023-02-14,Saudi Arabia,Jeddah,1
2023-01-07,Saudi Arabia,Al Madinah Al Munawwarah,1
2023-09-23,Saudi Arabia,N/A,3
2023-02-08,Saudi Arabia,Jeddah,1
2023-11-02,Saudi Arabia,Jeddah,1
2023-02-21,Saudi Arabia,N/A,4
2023-06-29,Saudi Arabia,Al Madinah Al Munawwarah,1
2023-01-17,Saudi Arabia,N/A,1
2023-05-07,Saudi Arabia,Jeddah,1
2023-09-09,Saudi Arabia,N/A,2
2023-02-26,Saudi Arabia,Jeddah,2
2023-03-21,Saudi Arabia,Jeddah,1
2023-03-20,Saudi Arabia,N/A,2
2023-11-22,Saudi Arabia,Al Madinah Al Munawwarah,1
2023-07-04,Saudi Arabia,Al Madinah Al Munawwarah,3
2023-04-29,Saudi Arabia,N/A,3
2023-09-12,Saudi Arabia,Jeddah,1
2023-01-18,Saudi Arabia,Jeddah,1
2023-06-11,Saudi Arabia,N/A,2
2023-10-30,Saudi Arabia,N/A,4
2023-01-02,Saudi Arabia,N/A,1
2023-02-18,Saudi Arabia,Al Madinah Al Munawwarah,1
2023-07-01,Saudi Arabia,Jeddah,1
2023-07-26,Saudi Arabia,Al Madinah Al Munawwarah,1
2023-07-10,Saudi Arabia,Al Madinah Al Munawwarah,1
2023-10-17,Saudi Arabia,N/A,3
2023-09-24,Saudi Arabia,Al Madinah Al Munawwarah,1
2023-09-30,Saudi Arabia,N/A,4
2023-02-08,Saudi Arabia,Al Madinah Al Munawwarah,1
2023-07-19,Saudi Arabia,Al Madinah Al Munawwarah,1
2023-04-02,Saudi Arabia,Al Madinah Al Munawwarah,1
2023-02-10,Saudi Arabia,Jeddah,1
2023-03-30,Saudi Arabia,N/A,5
2023-11-08,Saudi Arabia,N/A,4
2023-04-30,Saudi Arabia,N/A,1
2023-10-23,Saudi Arabia,N/A,3
2023-07-28,Saudi Arabia,Al Madinah Al Munawwarah,1
2023-06-09,Saudi Arabia,N/A,2
2023-06-04,Saudi Arabia,N/A,1
2023-06-18,Saudi Arabia,N/A,2
2023-05-31,Saudi Arabia,N/A,4
2023-11-10,Saudi Arabia,N/A,7
2023-11-03,Saudi Arabia,N/A,4
2023-11-18,Saudi Arabia,N/A,2
2023-09-11,Saudi Arabia,Jeddah,1
2023-04-13,Saudi Arabia,Jeddah,1
2023-11-13,Saudi Arabia,N/A,1
2023-06-30,Saudi Arabia,Jeddah,2
2023-03-31,Saudi Arabia,Jeddah,1
2023-05-17,Saudi Arabia,Jeddah,1
2023-02-17,Saudi Arabia,Al Madinah Al Munawwarah,3
2023-02-26,Saudi Arabia,N/A,3
2023-05-09,Saudi Arabia,N/A,1
2023-01-08,Saudi Arabia,N/A,2
2023-06-19,Saudi Arabia,Al Madinah Al Munawwarah,2
2023-04-12,Saudi Arabia,N/A,2
2023-11-04,Saudi Arabia,Jeddah,3
2023-11-19,Saudi Arabia,N/A,1
2023-11-16,Saudi Arabia,N/A,7
2023-11-17,Saudi Arabia,Jeddah,1
2023-04-14,Saudi Arabia,Jeddah,1
2023-04-14,Saudi Arabia,N/A,5
2023-05-22,Saudi Arabia,N/A,2
2023-06-25,Saudi Arabia,N/A,1
2023-02-04,Saudi Arabia,N/A,2
2023-08-22,Saudi Arabia,Jeddah,1
2023-03-10,Saudi Arabia,N/A,1
2023-07-05,Saudi Arabia,N/A,8
2023-04-17,Saudi Arabia,Jeddah,1
2023-04-03,Saudi Arabia,N/A,1
2023-01-01,Saudi Arabia,Al Madinah Al Munawwarah,2
2023-01-11,Saudi Arabia,N/A,7
2023-01-27,Saudi Arabia,N/A,3
2023-07-28,Saudi Arabia,N/A,5
2023-07-29,Saudi Arabia,N/A,2
2023-01-19,Saudi Arabia,N/A,1
2023-10-04,Saudi Arabia,Al Madinah Al Munawwarah,1
2023-08-17,Saudi Arabia,Jeddah,1
2023-10-02,Saudi Arabia,N/A,3
2023-08-11,Saudi Arabia,N/A,3
2023-04-22,Saudi Arabia,Al Madinah Al Munawwarah,1
2023-03-29,Saudi Arabia,N/A,3
2023-05-25,Saudi Arabia,N/A,1
2023-11-05,Saudi Arabia,Al Madinah Al Munawwarah,1
2023-09-17,Saudi Arabia,N/A,1
2023-05-22,Saudi Arabia,Al Madinah Al Munawwarah,1
2023-06-21,Saudi Arabia,Al Madinah Al Munawwarah,1
2023-07-16,Saudi Arabia,Al Madinah Al Munawwarah,1
2023-03-17,Saudi Arabia,Al Madinah Al Munawwarah,1
2023-04-23,Saudi Arabia,N/A,2
2023-03-16,Saudi Arabia,N/A,1
2023-05-11,Saudi Arabia,Al Madinah Al Munawwarah,3
2023-11-14,Saudi Arabia,N/A,2
2023-04-14,Saudi Arabia,Al Madinah Al Munawwarah,2
2023-11-15,Saudi Arabia,N/A,6
2023-01-12,Saudi Arabia,Al Madinah Al Munawwarah,3
2023-09-07,Saudi Arabia,N/A,1
2023-02-17,Saudi Arabia,N/A,1
2023-06-08,Saudi Arabia,N/A,2
2023-07-24,Saudi Arabia,Al Madinah Al Munawwarah,2
2023-10-20,Saudi Arabia,N/A,1
2023-08-01,Saudi Arabia,N/A,2
2023-07-08,Saudi Arabia,N/A,1
2023-08-27,Saudi Arabia,Jeddah,1
2023-11-04,Saudi Arabia,N/A,8
2023-06-13,Saudi Arabia,N/A,5
2023-07-14,Saudi Arabia,Jeddah,3
2023-02-02,Saudi Arabia,N/A,8
2023-07-12,Saudi Arabia,Al Madinah Al Munawwarah,2
2023-03-03,Saudi Arabia,N/A,2
2023-04-20,Saudi Arabia,N/A,3
2023-04-20,Saudi Arabia,Al Madinah Al Munawwarah,1
2023-07-03,Saudi Arabia,Jeddah,1
2023-08-27,Saudi Arabia,Al Madinah Al Munawwarah,2
2023-09-15,Saudi Arabia,Al Madinah Al Munawwarah,4
2023-10-08,Saudi Arabia,N/A,2
2023-05-18,Saudi Arabia,N/A,1
2023-05-09,Saudi Arabia,Al Madinah Al Munawwarah,1
2023-04-25,Saudi Arabia,N/A,1
2023-04-11,Saudi Arabia,N/A,1
2023-04-22,Saudi Arabia,Jeddah,3
2023-09-02,Saudi Arabia,N/A,1
2023-11-17,Saudi Arabia,Al Madinah Al Munawwarah,3
2023-09-19,Saudi Arabia,Al Madinah Al Munawwarah,2
2023-11-15,Saudi Arabia,Al Madinah Al Munawwarah,1
2023-08-04,Saudi Arabia,N/A,3
2023-01-18,Saudi Arabia,N/A,1
2023-03-31,Saudi Arabia,N/A,1
2023-06-10,Saudi Arabia,N/A,3
2023-02-15,Saudi Arabia,Al Madinah Al Munawwarah,1
2023-06-03,Saudi Arabia,Al Madinah Al Munawwarah,2
2023-04-26,Saudi Arabia,Jeddah,2
2023-07-18,Saudi Arabia,N/A,7
2023-08-10,Saudi Arabia,Al Madinah Al Munawwarah,1
2023-02-09,Saudi Arabia,N/A,3
2023-09-01,Saudi Arabia,N/A,8
2023-11-18,Saudi Arabia,Al Madinah Al Munawwarah,3
2023-08-05,Saudi Arabia,N/A,1
2023-10-06,Saudi Arabia,N/A,2
2023-07-14,United States,Honolulu,2
2023-08-20,United States,Collin,1
2023-03-22,United States,Clark,3
2023-07-27,United States,Story,1
2023-07-02,United States,Orange,1
2023-02-19,United States,Mobile,1
2023-02-19,United States,Maricopa,1
2023-08-22,United States,Smith,1
2023-06-08,United States,Anchorage,1
2023-02-11,United States,Los Angeles,1
2023-06-05,United States,Pottawattamie,1
2023-01-04,United States,King,1
2023-06-18,United States,Nassau,3
2023-04-25,United States,Olmsted,1
2023-08-01,United States,Clark,2
2023-03-18,United States,Santa Clara,1
2023-05-31,United States,Lee,2
2023-11-10,United States,Suffolk,1
2023-08-14,United States,King,2
2023-08-28,United States,New York,1
2023-10-01,United States,Cuyahoga,1
2023-09-24,United States,Chelan,2
2023-10-02,United States,Camden,1
2023-08-02,United States,District of Columbia,1
2023-07-04,United States,Rutherford,1
2023-04-20,United States,Polk,1
2023-08-10,United States,Santa Clara,3
2023-08-10,United States,Lubbock,1
2023-03-12,United States,Santa Clara,1
2023-11-21,United States,San Francisco,4
2023-04-22,United States,Kings,1
2023-10-12,United States,Clark,2
2023-08-09,United States,New York,1
2023-05-25,United States,Solano,1
2023-09-15,United States,Brazos,1
2023-11-03,United States,New York,4
2023-01-23,United States,Philadelphia,1
2023-06-20,United States,Kent,1
2023-11-18,United States,Los Angeles,2
2023-05-13,United States,Los Angeles,2
2023-05-14,United States,Dallas,1
2023-10-07,United States,New York,4
2023-04-29,United States,Clark,1
2023-09-11,United States,Santa Clara,3
2023-04-29,United States,Bannock,1
2023-08-04,United States,Lee,1
2023-08-18,United States,Burlington,1
2023-04-17,United States,Pinellas,1
2023-01-30,United States,Travis,1
2023-09-13,United States,New York,6
2023-09-13,United States,Santa Clara,2
2023-05-22,United States,Pinellas,1
2023-04-02,United States,Orleans,1
2023-06-01,United States,Berrien,1
2023-05-19,United States,Rutherford,1
2023-07-22,United States,Lubbock,1
2023-06-29,United States,Houston,1
2023-05-19,United States,Cuyahoga,1
2023-05-08,United States,Polk,1
2023-06-28,United States,New York,1
2023-04-08,United States,San Diego,1
2023-11-09,United States,Oklahoma,1
2023-11-09,United States,Philadelphia,2
2023-01-24,United States,Burnet,1
2023-05-15,United States,Los Angeles,1
2023-01-10,United States,Los Angeles,3
2023-07-21,United States,Kings,1
2023-06-25,United States,New York,1
2023-05-17,United States,Dallas,1
2023-11-08,United States,San Francisco,1
2023-07-14,United States,Clark,1
2023-10-24,United States,New York,4
2023-07-13,United States,El Dorado,1
2023-07-13,United States,Hughes,1
2023-02-01,United States,San Diego,1
2023-02-04,United States,Clark,1
2023-03-10,United States,Fremont,1
2023-06-17,United States,Union,1
2023-06-05,United States,Hennepin,1
2023-10-31,United States,New York,3
2023-10-03,United States,Jasper,1
2023-03-03,United States,Atlantic,1
2023-05-30,United States,Delaware,1
2023-05-30,United States,Coconino,1
2023-08-14,United States,Hennepin,1
2023-03-02,United States,King,1
2023-04-27,United States,Wilson,1
2023-09-23,United States,Los Angeles,4
2023-08-11,United States,Beltrami,1
2023-08-25,United States,Oakland,1
2023-08-27,United States,Orange,1
2023-10-26,United States,New York,2
2023-04-21,United States,Val Verde,1
2023-10-12,United States,Berkshire,1
2023-10-12,United States,Los Angeles,2
2023-04-05,United States,Middlesex,1
2023-09-01,United States,Montgomery,1
2023-06-20,United States,San Diego,1
2023-05-27,United States,Allegheny,1
2023-04-06,United States,Burlington,1
2023-03-08,United States,Denver,1
2023-09-26,United States,San Francisco,1
2023-05-21,United States,Hidalgo,1
2023-09-11,United States,Loudoun,1
2023-04-28,United States,Montgomery,1
2023-08-04,United States,Yavapai,1
2023-08-18,United States,Orange,1
2023-08-18,United States,Dupage,1
2023-10-06,United States,Virginia Beach,1
2023-09-14,United States,Humboldt,1
2023-09-14,United States,Webb,1
2023-06-13,United States,Orange,4
2023-09-27,United States,Davidson,1
2023-03-09,United States,Monterey,1
2023-05-06,United States,Ogemaw,1
2023-05-22,United States,Orleans,1
2023-06-27,United States,Orange,1
2023-06-27,United States,Washington,1
2023-06-11,United States,Clark,1
2023-06-11,United States,Twin Falls,1
2023-10-30,United States,Orange,1
2023-05-05,United States,Suffolk,1
2023-03-31,United States,Miami-Dade,1
2023-05-08,United States,Orange,2
2023-06-12,United States,Allegheny,2
2023-06-14,United States,Montgomery,1
2023-05-15,United States,Clark,1
2023-05-01,United States,Lee,3
2023-09-05,United States,Los Angeles,1
2023-01-28,United States,Pinellas,1
2023-01-12,United States,District of Columbia,1
2023-01-26,United States,New York,2
2023-05-17,United States,Marquette,1
2023-09-08,United States,Camden,1
2023-10-23,United States,Camden,1
2023-06-07,United States,Clark,1
2023-03-23,United States,New York,2
2023-10-24,United States,Saint Charles,1
2023-06-06,United States,District of Columbia,1
2023-07-27,United States,King,1
2023-03-26,United States,Pinellas,1
2023-02-04,United States,New York,1
2023-06-09,United States,Snohomish,1
2023-08-22,United States,Nassau,1
2023-07-24,United States,Mercer,1
2023-02-12,United States,Clark,2
2023-02-26,United States,Douglas,1
2023-08-30,United States,District of Columbia,1
2023-06-05,United States,Rutherford,2
2023-07-12,United States,District of Columbia,1
2023-07-10,United States,Delaware,1
2023-02-13,United States,District of Columbia,1
2023-08-01,United States,Santa Clara,1
2023-03-18,United States,Burlington,1
2023-08-14,United States,Clark,3
2023-08-03,United States,District of Columbia,1
2023-08-17,United States,Marion,1
2023-10-16,United States,Orange,1
2023-10-02,United States,Clark,2
2023-08-16,United States,New York,1
2023-03-12,United States,Baldwin,1
2023-08-12,United States,Richland,1
2023-08-12,United States,Macomb,1
2023-07-19,United States,Los Angeles,1
2023-11-02,United States,San Diego,1
2023-11-03,United States,Clark,5
2023-11-03,United States,Duval,1
2023-05-14,United States,Snohomish,1
2023-05-27,United States,Baldwin,1
2023-09-03,United States,Webb,1
2023-11-14,United States,New York,2
2023-08-19,United States,District of Columbia,1
2023-09-11,United States,Clark,4
2023-05-20,United States,Pulaski,1
2023-04-28,United States,Smith,1
2023-04-28,United States,Allegheny,1
2023-08-04,United States,Orange,1
2023-04-13,United States,King,1
2023-10-09,United States,Miami-Dade,1
2023-10-09,United States,Los Angeles,1
2023-09-14,United States,New York,1
2023-06-30,United States,Hill,1
2023-08-06,United States,Bannock,1
2023-04-01,United States,Monroe,1
2023-05-05,United States,Camden,1
2023-05-05,United States,Miami-Dade,2
2023-06-12,United States,Lawrence,1
2023-07-21,United States,Kent,1
2023-05-18,United States,Carroll,1
2023-05-18,United States,Wayne,1
2023-11-07,United States,Harris,1
2023-06-21,United States,Allegheny,1
2023-05-03,United States,Los Angeles,6
2023-05-17,United States,Saint Charles,1
2023-09-07,United States,Santa Barbara,1
2023-10-24,United States,Los Angeles,1
2023-02-01,United States,Orange,1
2023-07-27,United States,Clark,5
2023-08-23,United States,Orange,3
2023-07-02,United States,San Francisco,1
2023-03-26,United States,New York,1
2023-07-15,United States,Nassau,1
2023-07-01,United States,Allegheny,2
2023-06-17,United States,New York,2
2023-06-17,United States,Rutherford,1
2023-06-16,United States,Knox,1
2023-01-04,United States,Philadelphia,1
2023-10-31,United States,Waukesha,1
2023-06-04,United States,Brazos,1
2023-07-11,United States,Pinellas,1
2023-07-10,United States,Miami-Dade,1
2023-08-31,United States,Sussex,1
2023-04-25,United States,Codington,1
2023-03-04,United States,Multnomah,1
2023-08-29,United States,Nassau,1
2023-07-07,United States,Kent,1
2023-03-02,United States,Orange,3
2023-09-10,United States,Burlington,1
2023-09-10,United States,Orange,1
2023-04-27,United States,Los Angeles,3
2023-08-03,United States,Orange,1
2023-11-22,United States,Clark,3
2023-03-05,United States,Los Angeles,1
2023-04-26,United States,Orleans,1
2023-04-26,United States,Cook,1
2023-04-26,United States,District of Columbia,1
2023-08-16,United States,Sussex,1
2023-07-09,United States,Mercer,1
2023-04-11,United States,New York,2
2023-04-11,United States,Kanawha,1
2023-08-11,United States,Pinellas,1
2023-03-27,United States,Los Angeles,3
2023-08-10,United States,Clark,1
2023-03-16,United States,Clark,1
2023-07-06,United States,Jackson,1
2023-08-26,United States,Sacramento,1
2023-04-05,United States,New York,1
2023-11-04,United States,Los Angeles,1
2023-09-16,United States,Orange,1
2023-08-09,United States,Cameron,1
2023-09-15,United States,Arlington,1
2023-09-15,United States,Cameron,1
2023-05-10,United States,Santa Clara,3
2023-08-08,United States,Yavapai,1
2023-08-08,United States,Berrien,1
2023-09-04,United States,Miami-Dade,1
2023-06-20,United States,Bannock,1
2023-05-14,United States,Polk,1
2023-05-21,United States,Santa Barbara,1
2023-05-21,United States,Allegheny,1
2023-09-11,United States,San Diego,1
2023-03-07,United States,Travis,1
2023-09-25,United States,Davidson,1
2023-09-28,United States,Clark,3
2023-11-13,United States,Parker,1
2023-05-24,United States,Gregg,1
2023-06-13,United States,Los Angeles,1
2023-11-12,United States,Santa Clara,1
2023-05-05,United States,Franklin,1
2023-07-22,United States,Essex,1
2023-05-08,United States,Cheboygan,1
2023-04-09,United States,San Francisco,1
2023-06-26,United States,Olmsted,1
2023-05-07,United States,Lee,1
2023-05-15,United States,Beltrami,1
2023-09-09,United States,Cook,1
2023-05-16,United States,Miami-Dade,2
2023-09-05,United States,Barton,1
2023-01-13,United States,New York,1
2023-05-18,United States,Burlington,1
2023-06-22,United States,Cook,1
2023-06-22,United States,Rutherford,1
2023-11-07,United States,New York,2
2023-11-06,United States,Los Angeles,2
2023-05-17,United States,New London,1
2023-05-17,United States,Bexar,1
2023-07-31,United States,Oakland,2
2023-08-21,United States,Middlesex,1
2023-07-14,United States,Lee,1
2023-06-06,United States,Suffolk,1
2023-08-23,United States,Litchfield,1
2023-03-11,United States,Burlington,1
2023-03-11,United States,Suffolk,5
2023-02-27,United States,Douglas,1
2023-07-24,United States,Sevier,1
2023-07-23,United States,Jackson,1
2023-06-02,United States,Stanislaus,1
2023-07-11,United States,Tulare,2
2023-07-10,United States,Orange,1
2023-08-31,United States,King,1
2023-08-29,United States,District of Columbia,2
2023-05-31,United States,Honolulu,1
2023-07-07,United States,Los Angeles,1
2023-10-19,United States,Clark,5
2023-08-02,United States,Dauphin,1
2023-08-16,United States,Rutland,1
2023-08-16,United States,Miami-Dade,1
2023-07-18,United States,District of Columbia,1
2023-08-24,United States,Tarrant,1
2023-11-21,United States,Clark,9
2023-11-21,United States,Middlesex,1
2023-02-09,United States,Suffolk,1
2023-11-19,United States,Orange,1
2023-04-19,United States,Los Angeles,7
2023-09-16,United States,Osceola,1
2023-04-04,United States,Monterey,1
2023-04-18,United States,Sacramento,1
2023-11-05,United States,Clark,5
2023-05-10,United States,Pima,1
2023-06-20,United States,Greenville,1
2023-05-28,United States,Baldwin,1
2023-01-22,United States,Milwaukee,1
2023-05-12,United States,Yuma,1
2023-05-12,United States,Montgomery,2
2023-05-12,United States,Orange,1
2023-04-29,United States,Tuscarawas,1
2023-03-08,United States,Arlington,1
2023-05-21,United States,Coconino,1
2023-09-12,United States,Humboldt,1
2023-09-28,United States,Essex,1
2023-10-06,United States,San Francisco,2
2023-01-30,United States,Seminole,1
2023-04-03,United States,Orange,1
2023-05-08,United States,Eaton,1
2023-06-12,United States,Twin Falls,1
2023-04-09,United States,New York,2
2023-06-26,United States,Twin Falls,2
2023-05-02,United States,San Mateo,1
2023-07-20,United States,Miami-Dade,1
2023-04-08,United States,Val Verde,1
2023-11-09,United States,Berrien,1
2023-05-15,United States,Sedgwick,1
2023-09-09,United States,Orange,1
2023-05-18,United States,Dallas,1
2023-05-18,United States,Shawnee,1
2023-01-27,United States,Honolulu,2
2023-09-08,United States,Clark,2
2023-05-03,United States,New York,2
2023-07-13,United States,New York,2
2023-10-10,United States,Los Angeles,2
2023-08-23,United States,Allegheny,5
2023-08-22,United States,Clark,5
2023-07-15,United States,Allegheny,2
2023-07-29,United States,Olmsted,1
2023-03-10,United States,Los Angeles,1
2023-06-16,United States,Guilford,1
2023-06-05,United States,Litchfield,1
2023-03-21,United States,Gallatin,1
2023-02-14,United States,New York,3
2023-02-28,United States,Clearfield,1
2023-06-04,United States,Coffee,1
2023-06-04,United States,Los Angeles,1
2023-03-20,United States,New York,3
2023-08-31,United States,Cheboygan,1
2023-10-03,United States,New York,3
2023-10-03,United States,Wayne,1
2023-08-15,United States,New York,3
2023-08-15,United States,Orange,1
2023-08-15,United States,Lubbock,1
2023-07-08,United States,Allegheny,1
2023-04-24,United States,Lee,1
2023-04-24,United States,Oklahoma,1
2023-11-10,United States,Santa Clara,1
2023-10-04,United States,San Bernardino,1
2023-10-18,United States,Los Angeles,4
2023-07-07,United States,Clark,1
2023-08-03,United States,Middlesex,1
2023-10-27,United States,Cook,1
2023-04-11,United States,Cook,1
2023-08-10,United States,Mower,1
2023-10-28,United States,San Francisco,1
2023-09-30,United States,San Bernardino,1
2023-09-30,United States,Suffolk,2
2023-09-30,United States,Allegheny,1
2023-10-11,United States,Miami-Dade,1
2023-08-27,United States,Mower,1
2023-03-15,United States,Houston,1
2023-08-12,United States,King,1
2023-08-12,United States,Marion,1
2023-04-22,United States,Humboldt,1
2023-04-22,United States,Cleveland,1
2023-08-26,United States,Miami-Dade,1
2023-08-26,United States,District of Columbia,2
2023-04-21,United States,Pulaski,1
2023-07-05,United States,Berrien,1
2023-11-19,United States,Coconino,1
2023-05-26,United States,Marquette,1
2023-01-20,United States,King,2
2023-04-18,United States,Los Angeles,2
2023-11-05,United States,San Francisco,1
2023-11-05,United States,Harris,1
2023-08-08,United States,New York,2
2023-11-02,United States,District of Columbia,3
2023-05-28,United States,Berrien,1
2023-09-04,United States,Suffolk,1
2023-05-28,United States,Knox,1
2023-05-21,United States,Litchfield,1
2023-08-19,United States,Clark,3
2023-08-05,United States,Los Angeles,1
2023-03-07,United States,Monterey,1
2023-08-04,United States,Anchorage,1
2023-09-14,United States,El Paso,1
2023-01-30,United States,Los Angeles,2
2023-06-13,United States,New York,1
2023-04-01,United States,New York,1
2023-05-05,United States,Los Angeles,5
2023-02-21,United States,San Francisco,1
2023-07-22,United States,Sevier,2
2023-05-19,United States,Cook,1
2023-05-08,United States,Wayne,1
2023-06-15,United States,Allegheny,1
2023-09-08,United States,Pima,1
2023-05-04,United States,Los Angeles,1
2023-06-21,United States,Mobile,1
2023-01-27,United States,Lee,1
2023-01-12,United States,Clark,1
2023-08-21,United States,Saint Louis,1
2023-08-20,United States,Lee,1
2023-03-26,United States,Los Angeles,1
2023-03-26,United States,Miami-Dade,1
2023-03-25,United States,New York,2
2023-02-11,United States,New York,4
2023-06-19,United States,Yavapai,1
2023-02-28,United States,District of Columbia,2
2023-07-11,United States,District of Columbia,1
2023-07-10,United States,Tarrant,1
2023-07-25,United States,Sedgwick,1
2023-03-03,United States,New York,2
2023-04-24,United States,Pulaski,1
2023-04-24,United States,New York,3
2023-03-02,United States,Houston,1
2023-10-29,United States,Henderson,1
2023-10-16,United States,Cook,1
2023-04-26,United States,Oklahoma,2
2023-04-26,United States,New York,1
2023-08-02,United States,Pottawattamie,1
2023-08-11,United States,New York,2
2023-07-04,United States,District of Columbia,1
2023-07-18,United States,Sevier,1
2023-03-01,United States,Cook,1
2023-08-09,United States,Carbon,1
2023-08-09,United States,Cook,3
2023-05-26,United States,New York,2
2023-05-26,United States,Pulaski,1
2023-09-15,United States,Miami-Dade,1
2023-11-16,United States,Clark,11
2023-05-10,United States,Lee,2
2023-04-07,United States,District of Columbia,1
2023-09-04,United States,Strafford,1
2023-11-17,United States,San Francisco,2
2023-11-18,United States,Hennepin,1
2023-11-18,United States,Riverside,1
2023-09-17,United States,Clark,2
2023-05-13,United States,Franklin,1
2023-04-14,United States,District of Columbia,1
2023-04-29,United States,McHenry,1
2023-05-20,United States,New York,2
2023-09-25,United States,Clark,2
2023-08-07,United States,Yavapai,1
2023-04-17,United States,Los Angeles,1
2023-05-24,United States,Worcester,1
2023-05-23,United States,Miami-Dade,1
2023-06-30,United States,Ada,1
2023-09-27,United States,Clark,7
2023-03-09,United States,District of Columbia,1
2023-03-09,United States,Arlington,2
2023-02-22,United States,Ashland,1
2023-09-13,United States,Humboldt,1
2023-09-13,United States,Tuscarawas,1
2023-05-22,United States,Pulaski,2
2023-05-08,United States,Adams,1
2023-06-14,United States,Gillespie,1
2023-06-26,United States,Burlington,1
2023-05-07,United States,Humboldt,1
2023-06-23,United States,Newport,1
2023-01-24,United States,Orange,1
2023-05-29,United States,Orange,1
2023-09-05,United States,Clark,6
2023-01-11,United States,District of Columbia,2
2023-05-01,United States,New York,2
2023-08-21,United States,Kings,1
2023-04-30,United States,New York,1
2023-04-30,United States,Palm Beach,1
2023-07-13,United States,Emmet,1
2023-07-27,United States,New York,1
2023-02-15,United States,Harris,2
2023-08-23,United States,Crow Wing,1
2023-03-11,United States,Cook,1
2023-02-04,United States,Los Angeles,2
2023-02-18,United States,Erie,1
2023-07-29,United States,Allegheny,1
2023-07-23,United States,Allegheny,1
2023-02-25,United States,Houston,1
2023-07-10,United States,Sevier,1
2023-08-29,United States,Lee,8
2023-07-08,United States,Hays,1
2023-04-24,United States,Olmsted,1
2023-04-23,United States,Collin,1
2023-04-27,United States,Cook,2
2023-08-03,United States,Tarrant,1
2023-08-17,United States,Benton,1
2023-08-17,United States,Baldwin,2
2023-04-12,United States,Atlantic,1
2023-08-16,United States,District of Columbia,2
2023-02-06,United States,Miami-Dade,1
2023-10-14,United States,Middlesex,1
2023-03-12,United States,Montgomery,1
2023-09-30,United States,Cook,1
2023-08-12,United States,Baldwin,1
2023-04-05,United States,Clark,1
2023-04-19,United States,Cook,1
2023-09-16,United States,San Francisco,1
2023-08-09,United States,Miami-Dade,1
2023-05-10,United States,Santa Barbara,2
2023-04-07,United States,Hillsborough,2
2023-11-16,United States,Philadelphia,1
2023-09-19,United States,Clark,5
2023-09-03,United States,Kent,1
2023-11-14,United States,Camden,1
2023-04-15,United States,San Mateo,1
2023-09-26,United States,Lewis and Clark,1
2023-05-20,United States,Wilson,1
2023-09-25,United States,San Francisco,1
2023-11-13,United States,Clark,12
2023-08-07,United States,Chelan,2
2023-09-14,United States,Lee,1
2023-05-23,United States,New York,1
2023-05-23,United States,Houston,1
2023-06-30,United States,Twin Falls,1
2023-05-06,United States,McMinn,1
2023-05-06,United States,Hennepin,2
2023-05-22,United States,Saint Clair,1
2023-06-01,United States,Santa Barbara,1
2023-06-29,United States,Allegheny,1
2023-05-08,United States,Kent,1
2023-01-15,United States,Clark,1
2023-05-02,United States,Kings,1
2023-05-07,United States,Miami-Dade,3
2023-03-30,United States,Miami-Dade,1
2023-04-08,United States,Philadelphia,1
2023-01-24,United States,Orleans,1
2023-05-15,United States,New York,3
2023-02-24,United States,Mercer,1
2023-11-07,United States,Parker,1
2023-05-17,United States,New York,3
2023-07-31,United States,Los Angeles,2
2023-09-07,United States,King,1
2023-09-07,United States,Cheboygan,1
2023-05-03,United States,Sussex,1
2023-11-08,United States,Sussex,1
2023-08-21,United States,Santa Clara,1
2023-08-20,United States,District of Columbia,1
2023-07-13,United States,Montgomery,1
2023-08-30,United States,Lee,3
2023-06-02,United States,Lee,2
2023-07-12,United States,Berrien,1
2023-06-19,United States,Mobile,1
2023-10-17,United States,District of Columbia,1
2023-05-30,United States,San Mateo,1
2023-08-28,United States,Coffee,1
2023-04-27,United States,Chelan,1
2023-08-17,United States,Montgomery,2
2023-10-01,United States,San Bernardino,1
2023-10-16,United States,Los Angeles,2
2023-03-05,United States,Coconino,1
2023-04-12,United States,Los Angeles,1
2023-08-16,United States,Mercer,1
2023-04-20,United States,Kent,1
2023-03-13,United States,San Bernardino,1
2023-03-12,United States,Miami-Dade,1
2023-03-12,United States,Harris,1
2023-09-20,United States,San Francisco,3
2023-02-09,United States,Coconino,1
2023-08-13,United States,Santa Barbara,1
2023-04-22,United States,Atlantic,1
2023-08-26,United States,New York,1
2023-08-26,United States,Los Angeles,3
2023-04-19,United States,Emmet,1
2023-08-09,United States,Knox,1
2023-05-11,United States,Clark,1
2023-05-25,United States,Allegheny,1
2023-04-04,United States,San Francisco,1
2023-04-07,United States,Los Angeles,2
2023-08-08,United States,Baldwin,1
2023-01-22,United States,Fulton,1
2023-04-06,United States,Miami-Dade,1
2023-10-07,United States,Clark,5
2023-08-19,United States,Smith,1
2023-10-08,United States,San Francisco,3
2023-04-14,United States,Burlington,1
2023-04-29,United States,Ashland,1
2023-04-29,United States,Allegheny,1
2023-05-20,United States,Polk,1
2023-09-12,United States,Mercer,1
2023-08-18,United States,Monterey,1
2023-08-18,United States,San Diego,2
2023-08-18,United States,Kootenai,1
2023-04-13,United States,Baldwin,2
2023-08-07,United States,Baldwin,1
2023-04-03,United States,King,1
2023-10-05,United States,Bexar,1
2023-06-13,United States,Nassau,1
2023-08-06,United States,Orange,3
2023-06-01,United States,Yavapai,1
2023-10-30,United States,Middlesex,1
2023-05-05,United States,Coffee,1
2023-03-31,United States,Clark,1
2023-06-12,United States,Montgomery,3
2023-06-26,United States,Niagara,1
2023-06-26,United States,Maverick,1
2023-05-02,United States,Middlesex,1
2023-05-16,United States,Ada,1
2023-05-15,United States,Burlington,1
2023-02-24,United States,Elko,1
2023-01-11,United States,Ontario,1
2023-05-01,United States,Hillsborough,1
2023-05-04,United States,Humboldt,1
2023-09-08,United States,New York,2
2023-05-03,United States,Maricopa,1
2023-07-14,United States,Marquette,1
2023-10-10,United States,New York,2
2023-08-23,United States,District of Columbia,2
2023-02-19,United States,Clark,3
2023-03-11,United States,Lee,1
2023-06-09,United States,Erie,1
2023-06-09,United States,Westmoreland,1
2023-07-01,United States,Orange,1
2023-07-15,United States,Miami-Dade,2
2023-06-17,United States,Sevier,1
2023-06-16,United States,Orleans,1
2023-06-16,United States,Clark,1
2023-01-04,United States,Clark,2
2023-03-04,United States,Burlington,1
2023-04-24,United States,Lehigh,1
2023-09-21,United States,New York,4
2023-05-30,United States,Lee,1
2023-09-24,United States,Dupage,1
2023-04-12,United States,Cook,2
2023-02-07,United States,Tompkins,1
2023-08-25,United States,Newport,1
2023-07-18,United States,Montgomery,1
2023-08-24,United States,Marquette,1
2023-10-25,United States,Monroe,1
2023-09-30,United States,Clark,5
2023-08-09,United States,Allegany,1
2023-05-11,United States,Los Angeles,1
2023-05-25,United States,Bay,1
2023-09-15,United States,Middlesex,1
2023-09-15,United States,Suffolk,1
2023-09-15,United States,Clark,3
2023-11-16,United States,Orange,2
2023-08-08,United States,Clark,3
2023-08-08,United States,Erie,1
2023-08-08,United States,Miami-Dade,1
2023-01-23,United States,Orange,1
2023-05-28,United States,Miami-Dade,2
2023-11-14,United States,Larimer,1
2023-08-19,United States,Calcasieu,1
2023-10-08,United States,Clark,6
2023-08-05,United States,Lee,1
2023-09-11,United States,New York,3
2023-03-08,United States,Dallas,1
2023-03-07,United States,Los Angeles,4
2023-11-13,United States,Santa Clara,2
2023-04-17,United States,San Francisco,2
2023-04-16,United States,Cameron,1
2023-06-13,United States,Allegany,1
2023-11-12,United States,New York,1
2023-05-06,United States,Minnehaha,1
2023-05-06,United States,Osceola,1
2023-04-01,United States,Gregg,1
2023-06-01,United States,Rutherford,1
2023-05-19,United States,Bay,1
2023-05-08,United States,Dallas,1
2023-06-14,United States,Los Angeles,1
2023-06-26,United States,Tarrant,1
2023-06-26,United States,District of Columbia,1
2023-07-20,United States,Santa Barbara,1
2023-02-23,United States,New York,1
2023-09-06,United States,Rutherford,1
2023-05-01,United States,Coconino,1
2023-05-03,United States,Clark,1
2023-05-17,United States,Emmet,1
2023-07-30,United States,New York,1
2023-07-28,United States,San Diego,1
2023-08-22,United States,New York,1
2023-08-22,United States,Lee,1
2023-07-15,United States,Berrien,1
2023-10-22,United States,Middlesex,1
2023-03-10,United States,District of Columbia,1
2023-06-08,United States,Westmoreland,1
2023-02-27,United States,Lee,1
2023-06-03,United States,Elko,1
2023-10-31,United States,Clark,6
2023-02-28,United States,Los Angeles,1
2023-02-28,United States,New York,1
2023-02-13,United States,Douglas,1
2023-03-04,United States,New York,4
2023-08-14,United States,Cuyahoga,1
2023-11-11,United States,Cook,1
2023-04-27,United States,Miami-Dade,1
2023-08-03,United States,Erie,1
2023-08-03,United States,Polk,1
2023-10-16,United States,Honolulu,1
2023-08-24,United States,Rutherford,2
2023-03-12,United States,Suffolk,1
2023-09-30,United States,Los Angeles,1
2023-09-30,United States,San Mateo,1
2023-10-11,United States,New York,3
2023-08-27,United States,Allegheny,4
2023-03-15,United States,San Bernardino,2
2023-04-22,United States,Oklahoma,1
2023-04-22,United States,Johnson,1
2023-04-22,United States,Montgomery,1
2023-03-14,United States,New York,2
2023-11-19,United States,Los Angeles,1
2023-04-19,United States,Allegheny,1
2023-05-26,United States,Allegheny,1
2023-01-20,United States,Los Angeles,1
2023-05-10,United States,Orange,2
2023-11-18,United States,Middlesex,1
2023-09-03,United States,Rutherford,2
2023-03-08,United States,Clark,1
2023-08-05,United States,Cook,2
2023-09-26,United States,Middlesex,1
2023-01-31,United States,Los Angeles,4
2023-09-12,United States,Clark,7
2023-09-12,United States,Santa Clara,1
2023-08-04,United States,Cuyahoga,1
2023-08-18,United States,Isabella,1
2023-08-18,United States,Kings,1
2023-11-13,United States,New York,2
2023-10-06,United States,Cook,1
2023-04-17,United States,Tarrant,1
2023-04-03,United States,Val Verde,1
2023-09-27,United States,San Francisco,1
2023-06-13,United States,Miami-Dade,4
2023-11-12,United States,Clark,14
2023-05-05,United States,Douglas,1
2023-05-05,United States,Dallas,1
2023-06-28,United States,Newport,5
2023-04-08,United States,Arlington,1
2023-05-29,United States,Oakland,1
2023-05-15,United States,Champaign,1
2023-09-06,United States,Los Angeles,1
2023-01-28,United States,Fairfax,1
2023-06-21,United States,Dauphin,1
2023-06-21,United States,Montgomery,1
2023-06-24,United States,King,1
2023-06-10,United States,Allegheny,2
2023-06-25,United States,Orange,1
2023-08-21,United States,Allegheny,1
2023-08-21,United States,Bay,1
2023-04-30,United States,Burlington,1
2023-06-07,United States,Los Angeles,1
2023-03-23,United States,San Francisco,2
2023-02-05,United States,New York,1
2023-03-11,United States,Cuyahoga,1
2023-08-22,United States,District of Columbia,3
2023-02-18,United States,New York,3
2023-03-10,United States,New York,1
2023-02-03,United States,Atlantic,1
2023-06-16,United States,Montgomery,2
2023-05-09,United States,Allegheny,1
2023-10-20,United States,San Diego,1
2023-07-26,United States,Mower,1
2023-02-14,United States,San Francisco,1
2023-07-25,United States,Orange,4
2023-04-25,United States,Los Angeles,3
2023-09-22,United States,Maricopa,1
2023-08-15,United States,Santa Clara,1
2023-07-07,United States,Orange,1
2023-08-14,United States,Burlington,1
2023-08-03,United States,Burlington,2
2023-04-12,United States,New York,4
2023-03-19,United States,Orleans,1
2023-10-02,United States,Bexar,1
2023-10-13,United States,Los Angeles,7
2023-08-11,United States,Allegheny,2
2023-07-17,United States,Allegheny,1
2023-10-25,United States,Morris,1
2023-03-01,United States,Los Angeles,4
2023-04-22,United States,District of Columbia,1
2023-07-19,United States,Clearfield,1
2023-07-19,United States,San Luis Obispo,1
2023-07-05,United States,Horry,1
2023-09-02,United States,Monroe,1
2023-08-08,United States,Emmet,1
2023-11-03,United States,Lewis and Clark,1
2023-05-13,United States,Kanawha,1
2023-05-13,United States,Cuyahoga,1
2023-05-14,United States,Bingham,1
2023-05-27,United States,Lehigh,1
2023-04-14,United States,Polk,1
2023-03-07,United States,San Francisco,4
2023-08-04,United States,Newport,1
2023-08-18,United States,Eaton,1
2023-06-30,United States,Allegheny,1
2023-10-09,United States,District of Columbia,1
2023-09-14,United States,Allegheny,1
2023-08-07,United States,Miami-Dade,1
2023-05-24,United States,Otsego,1
2023-01-30,United States,Clark,2
2023-05-22,United States,King,1
2023-05-19,United States,Berrien,1
2023-06-29,United States,Johnson,1
2023-01-17,United States,San Francisco,1
2023-01-02,United States,Los Angeles,1
2023-01-02,United States,Clark,1
2023-06-14,United States,Chelan,1
2023-05-02,United States,Yavapai,1
2023-05-07,United States,Montgomery,1
2023-09-05,United States,Burlington,1
2023-09-05,United States,Suffolk,1
2023-09-05,United States,Santa Clara,1
2023-06-22,United States,District of Columbia,1
2023-02-20,United States,Los Angeles,2
2023-11-06,United States,Orleans,1
2023-06-10,United States,Atlantic,2
2023-01-12,United States,Los Angeles,1
2023-08-21,United States,District of Columbia,2
2023-07-14,United States,District of Columbia,1
2023-07-28,United States,Allegheny,2
2023-07-27,United States,Pinellas,1
2023-07-27,United States,Cooke,1
2023-02-04,United States,Nassau,1
2023-06-09,United States,Cuyahoga,1
2023-02-03,United States,Philadelphia,1
2023-06-03,United States,Philadelphia,2
2023-08-30,United States,San Francisco,1
2023-10-20,United States,Los Angeles,1
2023-07-11,United States,New York,1
2023-07-11,United States,Los Angeles,1
2023-08-31,United States,Clark,1
2023-08-31,United States,District of Columbia,1
2023-08-01,United States,Des Moines,1
2023-04-24,United States,Mackinac,1
2023-10-04,United States,Davidson,1
2023-03-17,United States,Chelan,2
2023-08-28,United States,District of Columbia,2
2023-08-28,United States,Allegheny,3
2023-09-24,United States,Webb,1
2023-08-02,United States,Berrien,1
2023-07-09,United States,Los Angeles,2
2023-08-11,United States,Clark,5
2023-07-18,United States,Oakland,1
2023-02-06,United States,Suffolk,1
2023-08-24,United States,San Francisco,5
2023-09-20,United States,Honolulu,1
2023-08-13,United States,Webb,1
2023-07-06,United States,Polk,1
2023-08-26,United States,Stanislaus,1
2023-09-02,United States,Travis,1
2023-09-02,United States,Brazos,1
2023-11-19,United States,Cook,1
2023-04-19,United States,New York,2
2023-08-09,United States,Chippewa,1
2023-05-11,United States,New York,1
2023-01-20,United States,Clark,3
2023-09-29,United States,Los Angeles,3
2023-09-17,United States,Orange,1
2023-05-12,United States,Dallas,1
2023-05-21,United States,Dallas,3
2023-04-14,United States,Lee,1
2023-04-28,United States,Kent,1
2023-08-18,United States,Cameron,1
2023-08-18,United States,Gregg,1
2023-05-23,United States,Erath,1
2023-04-03,United States,New York,2
2023-08-06,United States,New York,1
2023-08-06,United States,Cameron,1
2023-07-22,United States,Coconino,1
2023-05-08,United States,Maverick,1
2023-06-12,United States,Lubbock,1
2023-05-02,United States,Walker,1
2023-02-23,United States,Jefferson,1
2023-01-02,United States,District of Columbia,1
2023-05-16,United States,Anchorage,1
2023-05-04,United States,King,1
2023-06-24,United States,Snohomish,1
2023-07-31,United States,Smith,1
2023-09-07,United States,District of Columbia,1
2023-02-17,United States,Mobile,1
2023-04-30,United States,Miami-Dade,2
2023-10-24,United States,Montgomery,1
2023-06-06,United States,Dallas,1
2023-07-02,United States,Twin Falls,2
2023-06-09,United States,Pima,1
2023-07-15,United States,New York,1
2023-07-23,United States,Multnomah,1
2023-07-26,United States,New York,5
2023-03-20,United States,Santa Clara,1
2023-06-18,United States,Los Angeles,1
2023-04-25,United States,Orange,1
2023-07-08,United States,Miami-Dade,1
2023-07-07,United States,Benton,1
2023-08-28,United States,Clark,2
2023-09-10,United States,Cook,1
2023-04-23,United States,Rogers,1
2023-08-17,United States,Orange,1
2023-10-01,United States,San Francisco,1
2023-10-16,United States,New York,1
2023-10-27,United States,Alameda,1
2023-02-07,United States,New York,5
2023-08-11,United States,King,1
2023-08-25,United States,Denton,1
2023-03-28,United States,Clark,2
2023-10-11,United States,Suffolk,1
2023-08-12,United States,Clearfield,1
2023-10-12,United States,Miami-Dade,1
2023-03-14,United States,Windham,1
2023-04-05,United States,Los Angeles,2
2023-11-04,United States,Clark,11
2023-05-26,United States,Coconino,1
2023-05-25,United States,Niagara,1
2023-04-18,United States,Litchfield,1
2023-11-05,United States,Miami-Dade,1
2023-11-18,United States,Orange,3
2023-05-13,United States,Tarrant,1
2023-05-27,United States,Miami-Dade,2
2023-11-14,United States,Clark,11
2023-04-06,United States,Humboldt,1
2023-05-20,United States,Otsego,1
2023-04-28,United States,San Francisco,1
2023-09-14,United States,Clark,1
2023-05-24,United States,Los Angeles,3
2023-05-23,United States,Monroe,1
2023-06-11,United States,York,1
2023-05-05,United States,Scott,1
2023-05-08,United States,Oakland,1
2023-06-14,United States,Clark,1
2023-02-21,United States,New York,1
2023-05-02,United States,Houston,1
2023-03-30,United States,Montgomery,1
2023-01-24,United States,New York,2
2023-01-24,United States,Miami-Dade,1
2023-05-16,United States,Lawrence,1
2023-09-06,United States,Webb,1
2023-06-07,United States,District of Columbia,1
2023-02-02,United States,New York,4
2023-07-01,United States,District of Columbia,1
2023-02-25,United States,Spokane,1
2023-07-12,United States,Coles,1
2023-03-20,United States,Clark,1
2023-03-04,United States,Marion,1
2023-07-07,United States,Twin Falls,1
2023-03-02,United States,New York,1
2023-03-06,United States,Orange,1
2023-04-12,United States,Kenai Peninsula,1
2023-07-09,United States,Chelan,1
2023-08-11,United States,Marion,1
2023-08-10,United States,Montgomery,1
2023-03-13,United States,New York,1
2023-03-16,United States,New York,1
2023-10-11,United States,Los Angeles,1
2023-08-27,United States,Camden,1
2023-07-06,United States,Dallas,1
2023-08-12,United States,Tulare,2
2023-07-19,United States,New York,1
2023-09-01,United States,Sacramento,1
2023-04-07,United States,Clark,1
2023-06-20,United States,Miami-Dade,2
2023-05-28,United States,Montgomery,1
2023-05-13,United States,Santa Barbara,1
2023-05-14,United States,New York,1
2023-05-14,United States,Bexar,1
2023-05-27,United States,Coconino,1
2023-04-06,United States,Clark,2
2023-11-01,United States,New York,5
2023-08-05,United States,Richland,1
2023-08-05,United States,Tarrant,1
2023-05-20,United States,Coconino,2
2023-08-04,United States,Tarrant,1
2023-04-13,United States,Lee,3
2023-04-16,United States,New York,2
2023-11-12,United States,Middlesex,1
2023-08-06,United States,San Diego,1
2023-08-06,United States,Miami-Dade,1
2023-05-06,United States,Calcasieu,1
2023-06-27,United States,Humboldt,1
2023-06-11,United States,Rutherford,1
2023-10-30,United States,New York,4
2023-01-29,United States,Honolulu,1
2023-05-08,United States,Santa Clara,1
2023-06-12,United States,Pinellas,1
2023-06-26,United States,Clark,1
2023-05-07,United States,Allegheny,3
2023-03-30,United States,New York,1
2023-06-23,United States,Champaign,1
2023-06-23,United States,Oakland,1
2023-05-16,United States,Orange,1
2023-09-06,United States,Calcasieu,1
2023-07-21,United States,Orange,1
2023-02-20,United States,Suffolk,2
2023-05-04,United States,Mercer,1
2023-11-08,United States,Humboldt,1
2023-01-09,United States,San Bernardino,1
2023-02-01,United States,New York,4
2023-07-27,United States,Philadelphia,2
2023-02-19,United States,New York,2
2023-07-15,United States,Lee,2
2023-07-01,United States,Pinellas,1
2023-10-22,United States,Clark,2
2023-06-08,United States,Minnehaha,1
2023-02-27,United States,Anchorage,1
2023-06-03,United States,Burlington,1
2023-05-09,United States,Los Angeles,2
2023-02-25,United States,New York,1
2023-02-25,United States,Yuma,1
2023-07-26,United States,Harris,1
2023-07-26,United States,Rutherford,1
2023-06-04,United States,Berrien,1
2023-07-11,United States,Clearfield,1
2023-07-10,United States,Clark,1
2023-04-25,United States,Oakland,1
2023-10-17,United States,Clark,4
2023-10-17,United States,New York,1
2023-10-03,United States,Snohomish,1
2023-03-03,United States,Snohomish,1
2023-09-21,United States,Miami-Dade,1
2023-10-04,United States,Los Angeles,1
2023-10-19,United States,King,1
2023-10-15,United States,Clark,2
2023-03-05,United States,New York,4
2023-08-02,United States,San Diego,1
2023-04-11,United States,Monroe,1
2023-07-04,United States,New York,1
2023-08-25,United States,Orange,4
2023-08-25,United States,Des Moines,1
2023-08-25,United States,Lake,1
2023-02-06,United States,New York,2
2023-08-10,United States,Orange,1
2023-07-03,United States,Cook,1
2023-10-14,United States,New York,3
2023-07-17,United States,Polk,1
2023-09-30,United States,Miami-Dade,1
2023-07-06,United States,Allegheny,3
2023-08-12,United States,Yavapai,1
2023-04-19,United States,Minnehaha,1
2023-08-09,United States,Marquette,1
2023-11-16,United States,District of Columbia,2
2023-09-03,United States,Dakota,1
2023-04-13,United States,Clark,1
2023-03-09,United States,Hudson,1
2023-06-27,United States,Clark,1
2023-05-08,United States,Cuyahoga,1
2023-06-15,United States,Dallas,1
2023-06-26,United States,Sevier,1
2023-05-02,United States,Lee,1
2023-04-08,United States,Orleans,1
2023-05-15,United States,Santa Clara,2
2023-09-06,United States,Burlington,1
2023-01-27,United States,Maricopa,3
2023-01-27,United States,King,1
2023-09-07,United States,Sevier,1
2023-09-07,United States,Fairfield,1
2023-11-08,United States,San Mateo,1
2023-08-21,United States,Montgomery,1
2023-07-14,United States,New York,1
2023-07-14,United States,Pinellas,1
2023-07-16,United States,Allegheny,1
2023-03-25,United States,Atlantic,1
2023-08-22,United States,Rutherford,2
2023-07-29,United States,Baldwin,1
2023-06-02,United States,Miami-Dade,1
2023-06-16,United States,Nassau,1
2023-02-25,United States,Montgomery,1
2023-06-18,United States,Twin Falls,1
2023-08-31,United States,Saint Louis,1
2023-09-22,United States,Miami-Dade,1
2023-08-15,United States,Santa Barbara,1
2023-07-08,United States,New York,1
2023-10-18,United States,Clark,6
2023-05-30,United States,Twin Falls,1
2023-03-02,United States,Miami-Dade,1
2023-10-29,United States,Clark,1
2023-10-29,United States,Philadelphia,3
2023-09-23,United States,Suffolk,3
2023-09-23,United States,San Francisco,2
2023-07-09,United States,New York,1
2023-04-20,United States,Los Angeles,1
2023-10-14,United States,Spokane,1
2023-03-15,United States,Lee,1
2023-04-22,United States,New Castle,1
2023-04-22,United States,Dallas,1
2023-03-29,United States,Ashland,1
2023-07-19,United States,Berrien,1
2023-01-21,United States,Clark,1
2023-09-04,United States,San Francisco,1
2023-06-20,United States,Pinellas,1
2023-05-13,United States,Allegheny,2
2023-05-12,United States,Pulaski,2
2023-04-15,United States,Anchorage,1
2023-09-26,United States,Orange,1
2023-09-11,United States,Los Angeles,3
2023-09-11,United States,Mohave,1
2023-05-20,United States,Ashland,1
2023-10-06,United States,New York,1
2023-06-30,United States,Loudoun,1
2023-06-30,United States,Sacramento,1
2023-06-13,United States,Twin Falls,1
2023-01-18,United States,Los Angeles,1
2023-06-01,United States,Newport,1
2023-05-19,United States,New York,1
2023-01-14,United States,Coconino,2
2023-02-21,United States,Clark,2
2023-04-09,United States,Tarrant,1
2023-05-07,United States,Kings,1
2023-05-16,United States,Elko,1
2023-07-21,United States,Oakland,1
2023-06-21,United States,Sullivan,1
2023-05-03,United States,Cerro Gordo,1
2023-06-10,United States,San Francisco,2
2023-06-25,United States,Clark,1
2023-06-25,United States,District of Columbia,1
2023-07-30,United States,Allegheny,1
2023-05-03,United States,Monmouth,1
2023-10-24,United States,Clark,5
2023-06-06,United States,Palm Beach,1
2023-08-23,United States,New York,3
2023-07-02,United States,Rutherford,1
2023-03-11,United States,Hidalgo,1
2023-07-16,United States,Maricopa,1
2023-08-22,United States,Allegheny,2
2023-02-18,United States,Allegheny,1
2023-07-01,United States,Washington,1
2023-06-17,United States,Twin Falls,1
2023-06-02,United States,Hennepin,1
2023-06-16,United States,Kleberg,1
2023-01-08,United States,New York,1
2023-06-04,United States,Montgomery,1
2023-06-04,United States,Dallas,1
2023-07-11,United States,Orange,1
2023-07-25,United States,Sevier,2
2023-08-31,United States,Tarrant,1
2023-03-18,United States,Anchorage,1
2023-08-15,United States,Clark,3
2023-10-04,United States,New York,5
2023-07-07,United States,Allegheny,5
2023-09-10,United States,New York,4
2023-10-19,United States,Suffolk,1
2023-09-24,United States,Ada,1
2023-07-09,United States,Middlesex,2
2023-11-20,United States,Fulton,1
2023-08-12,United States,Miami-Dade,4
2023-08-12,United States,Clark,2
2023-04-22,United States,New York,2
2023-04-21,United States,Otsego,1
2023-04-05,United States,San Mateo,1
2023-09-01,United States,Miami-Dade,1
2023-09-01,United States,Fairfield,1
2023-09-15,United States,New York,1
2023-08-08,United States,Des Moines,1
2023-08-08,United States,Allegheny,1
2023-09-17,United States,Middlesex,1
2023-05-27,United States,Pulaski,1
2023-05-12,United States,Hidalgo,1
2023-11-01,United States,Miami-Dade,1
2023-04-14,United States,Clayton,1
2023-04-28,United States,Miami-Dade,2
2023-09-28,United States,Virginia Beach,1
2023-09-14,United States,Saint Louis,1
2023-01-30,United States,New York,1
2023-03-09,United States,New York,2
2023-02-22,United States,Santa Clara,1
2023-02-21,United States,Elko,1
2023-05-05,United States,Davison,1
2023-05-05,United States,Lee,1
2023-01-14,United States,New York,1
2023-06-14,United States,New York,1
2023-01-03,United States,Los Angeles,1
2023-04-08,United States,Middlesex,1
2023-01-25,United States,New York,1
2023-01-25,United States,Los Angeles,1
2023-09-06,United States,Santa Clara,1
2023-05-01,United States,Cerro Gordo,1
2023-01-28,United States,Chelan,1
2023-06-22,United States,Clarendon,1
2023-06-21,United States,Miami-Dade,1
2023-09-07,United States,Cook,3
2023-09-07,United States,Los Angeles,1
2023-11-08,United States,New York,2
2023-02-17,United States,Fairfield,2
2023-08-20,United States,Sussex,1
2023-02-16,United States,Gregg,1
2023-06-06,United States,Dauphin,1
2023-06-06,United States,Salt Lake,1
2023-02-05,United States,Clark,1
2023-06-09,United States,Yavapai,1
2023-01-06,United States,Galveston,1
2023-01-06,United States,New York,1
2023-01-05,United States,Saint Louis,1
2023-06-02,United States,Santa Clara,1
2023-06-16,United States,Los Angeles,3
2023-02-14,United States,Cook,1
2023-02-14,United States,Clark,1
2023-07-10,United States,Coffee,1
2023-07-25,United States,Berrien,1
2023-02-13,United States,Los Angeles,1
2023-03-04,United States,Polk,1
2023-08-29,United States,Clark,4
2023-07-08,United States,Coffee,1
2023-04-10,United States,Clark,2
2023-11-10,United States,District of Columbia,2
2023-11-10,United States,New York,4
2023-10-18,United States,San Francisco,1
2023-05-30,United States,Santa Clara,1
2023-10-29,United States,Hudson,1
2023-04-27,United States,Santa Barbara,1
2023-04-27,United States,Oklahoma,2
2023-08-03,United States,Miami-Dade,1
2023-09-23,United States,Orange,1
2023-08-16,United States,Clark,5
2023-07-09,United States,Niagara,1
2023-04-11,United States,Chelan,1
2023-10-13,United States,Clark,6
2023-07-04,United States,Clark,2
2023-07-04,United States,Johnson,1
2023-08-25,United States,Clark,2
2023-11-20,United States,Suffolk,1
2023-02-09,United States,New York,3
2023-08-27,United States,Clark,2
2023-03-01,United States,Hamilton,1
2023-08-12,United States,Los Angeles,2
2023-04-22,United States,Muscatine,1
2023-08-26,United States,Saint Louis,1
2023-09-02,United States,Middlesex,1
2023-08-09,United States,Clark,3
2023-05-25,United States,Tarrant,2
2023-09-01,United States,Union,1
2023-09-01,United States,Los Angeles,1
2023-09-29,United States,San Mateo,1
2023-11-05,United States,Galveston,1
2023-04-07,United States,Suffolk,1
2023-09-29,United States,Clark,2
2023-01-23,United States,Miami-Dade,1
2023-05-13,United States,New York,1
2023-11-14,United States,Coconino,1
2023-09-17,United States,Los Angeles,1
2023-11-01,United States,San Francisco,2
2023-11-01,United States,Los Angeles,1
2023-09-26,United States,Miami-Dade,1
2023-03-08,United States,District of Columbia,1
2023-08-18,United States,Clark,6
2023-08-18,United States,Rutherford,1
2023-09-14,United States,Atlantic,1
2023-03-09,United States,Hidalgo,2
2023-08-06,United States,Nassau,1
2023-05-06,United States,Tioga,1
2023-05-22,United States,Miami-Dade,1
2023-06-01,United States,Polk,1
2023-01-29,United States,Bexar,1
2023-01-02,United States,Sacramento,1
2023-06-12,United States,New York,3
2023-07-20,United States,Litchfield,1
2023-05-07,United States,San Francisco,1
2023-09-09,United States,Santa Clara,1
2023-09-09,United States,Lake,1
2023-05-16,United States,San Diego,1
2023-05-16,United States,Santa Barbara,1
2023-09-06,United States,Cheboygan,1
2023-01-13,United States,Clark,1
2023-09-08,United States,San Francisco,1
2023-11-07,United States,Worcester,1
2023-01-26,United States,Ulster,1
2023-09-07,United States,Clark,8
2023-07-30,United States,Orange,3
2023-06-07,United States,Coffee,1
2023-07-28,United States,Clark,1
2023-07-28,United States,Sevier,1
2023-02-16,United States,New York,1
2023-07-16,United States,Miami-Dade,2
2023-03-25,United States,Miami-Dade,1
2023-08-30,United States,Calcasieu,1
2023-06-05,United States,Travis,1
2023-07-12,United States,Marquette,1
2023-01-07,United States,Kent,1
2023-08-01,United States,Allegheny,2
2023-08-15,United States,Westmoreland,1
2023-08-15,United States,Pima,1
2023-05-31,United States,Santa Clara,2
2023-07-08,United States,Orange,1
2023-10-04,United States,Rutherford,1
2023-05-30,United States,Orange,2
2023-09-10,United States,Nassau,2
2023-04-23,United States,Sevier,2
2023-10-29,United States,Montgomery,1
2023-04-27,United States,Dallas,1
2023-08-03,United States,Mercer,1
2023-08-03,United States,Tulare,2
2023-10-16,United States,District of Columbia,1
2023-10-02,United States,Union,1
2023-10-27,United States,Minnehaha,1
2023-04-20,United States,Lake,1
2023-03-28,United States,Maverick,1
2023-08-10,United States,Lee,1
2023-10-28,United States,Nassau,1
2023-11-21,United States,Erie,3
2023-10-26,United States,Hudson,1
2023-08-12,United States,Fulton,1
2023-07-05,United States,Lake,1
2023-09-02,United States,Clark,2
2023-11-19,United States,San Francisco,1
2023-05-26,United States,Mackinac,1
2023-09-01,United States,District of Columbia,1
2023-01-20,United States,Orange,1
2023-11-03,United States,Benton,1
2023-05-27,United States,Tarrant,1
2023-11-01,United States,Clark,7
2023-05-12,United States,Cook,4
2023-08-05,United States,Potter,1
2023-04-29,United States,Dupage,1
2023-05-20,United States,Twin Falls,1
2023-11-15,United States,San Francisco,1
2023-10-06,United States,Miami-Dade,1
2023-09-14,United States,Orange,1
2023-04-16,United States,Orange,1
2023-11-01,United States,Honolulu,1
2023-03-09,United States,San Francisco,1
2023-02-22,United States,Yavapai,1
2023-08-06,United States,Allegheny,1
2023-02-21,United States,Salt Lake,3
2023-06-01,United States,Baldwin,1
2023-07-22,United States,Berrien,1
2023-06-12,United States,Litchfield,1
2023-06-12,United States,Anchorage,1
2023-06-14,United States,Suffolk,1
2023-06-14,United States,Marion,1
2023-07-20,United States,Orange,2
2023-02-24,United States,Mohave,1
2023-02-24,United States,Washington,1
2023-05-01,United States,Miami-Dade,1
2023-05-03,United States,Allegheny,1
2023-05-17,United States,Sevier,1
2023-07-30,United States,Burlington,3
2023-10-23,United States,Santa Clara,1
2023-06-07,United States,Potter,1
2023-06-07,United States,Pinellas,1
2023-07-28,United States,Calcasieu,1
2023-02-16,United States,Coconino,1
2023-10-10,United States,Cook,1
2023-02-19,United States,Cook,2
2023-06-09,United States,Dallas,1
2023-07-01,United States,Rutherford,1
2023-07-24,United States,Berrien,1
2023-07-23,United States,Middlesex,1
2023-06-02,United States,Madison,1
2023-06-16,United States,Sonoma,1
2023-07-12,United States,Allegheny,2
2023-07-12,United States,Coconino,1
2023-01-07,United States,New York,2
2023-07-25,United States,Lee,1
2023-08-29,United States,Knox,1
2023-04-24,United States,King,1
2023-08-14,United States,Orange,1
2023-08-14,United States,Cameron,2
2023-10-29,United States,Cook,2
2023-08-17,United States,Clark,5
2023-10-02,United States,San Francisco,1
2023-10-02,United States,San Bernardino,1
2023-08-02,United States,Orange,1
2023-09-23,United States,Cook,2
2023-02-07,United States,Seminole,1
2023-08-25,United States,Ashland,1
2023-08-10,United States,Baldwin,2
2023-10-28,United States,Alachua,1
2023-07-03,United States,Forsyth,1
2023-09-20,United States,Clark,4
2023-08-27,United States,New York,2
2023-04-21,United States,Sullivan,1
2023-11-19,United States,District of Columbia,2
2023-05-25,United States,Anchorage,1
2023-09-01,United States,Honolulu,1
2023-11-05,United States,Morris,2
2023-05-10,United States,Boulder,1
2023-11-02,United States,Burlington,1
2023-11-16,United States,Coconino,1
2023-05-28,United States,Sevier,1
2023-05-13,United States,Minnehaha,1
2023-05-27,United States,Lee,2
2023-09-03,United States,Suffolk,1
2023-04-15,United States,Niagara,1
2023-03-08,United States,Westmoreland,1
2023-03-08,United States,New York,2
2023-05-21,United States,Davison,1
2023-05-12,United States,Cuyahoga,1
2023-08-05,United States,Berrien,1
2023-09-11,United States,Volusia,1
2023-09-12,United States,Fulton,1
2023-09-12,United States,Mecklenburg,1
2023-09-14,United States,Sedgwick,1
2023-04-03,United States,Saint Louis,1
2023-03-09,United States,Lee,2
2023-05-22,United States,Wayne,1
2023-06-01,United States,Santa Clara,1
2023-01-24,United States,Harris,1
2023-05-16,United States,Hidalgo,2
2023-05-29,United States,Dallas,2
2023-05-01,United States,Santa Clara,1
2023-06-22,United States,Orange,1
2023-06-10,United States,Volusia,1
2023-05-17,United States,Macon,1
2023-02-17,United States,Calcasieu,1
2023-06-06,United States,Eaton,1
2023-10-10,United States,Essex,1
2023-02-05,United States,Los Angeles,4
2023-08-22,United States,Wayne,1
2023-07-01,United States,Dallas,1
2023-06-08,United States,Elko,1
2023-01-04,United States,Yolo,1
2023-02-14,United States,Riverside,1
2023-03-21,United States,Suffolk,1
2023-03-21,United States,Tarrant,1
2023-08-01,United States,Sevier,1
2023-03-04,United States,Clark,2
2023-07-08,United States,Clark,1
2023-10-04,United States,Clark,3
2023-08-14,United States,New York,1
2023-08-14,United States,Miami-Dade,2
2023-04-23,United States,Humboldt,1
2023-04-23,United States,Lehigh,1
2023-08-03,United States,Los Angeles,4
2023-03-05,United States,Hennepin,1
2023-10-02,United States,Miami-Dade,1
2023-08-02,United States,Lubbock,1
2023-08-02,United States,Wayne,1
2023-04-11,United States,Coconino,1
2023-04-20,United States,Tuolumne,2
2023-10-25,United States,Pima,1
2023-08-27,United States,Inyo,1
2023-10-26,United States,Santa Clara,1
2023-07-06,United States,Emmet,1
2023-08-12,United States,Lee,1
2023-04-22,United States,Yavapai,1
2023-03-01,United States,San Mateo,4
2023-03-14,United States,Rutherford,1
2023-04-05,United States,San Francisco,1
2023-09-15,United States,Cook,1
2023-08-08,United States,Potter,1
2023-11-17,United States,Clark,8
2023-05-28,United States,New York,2
2023-05-12,United States,Warren,1
2023-04-14,United States,New York,3
2023-09-11,United States,Rutherford,1
2023-04-29,United States,Cook,1
2023-11-15,United States,New York,3
2023-11-01,United States,San Diego,1
2023-10-05,United States,Miami-Dade,3
2023-08-06,United States,Clark,1
2023-08-06,United States,Sevier,1
2023-04-16,United States,District of Columbia,1
2023-06-27,United States,Kanawha,1
2023-06-26,United States,Montgomery,1
2023-06-01,United States,Dallas,1
2023-05-19,United States,Allen,1
2023-01-14,United States,Los Angeles,1
2023-04-09,United States,Los Angeles,1
2023-05-02,United States,Wilson,1
2023-07-20,United States,Lee,1
2023-05-07,United States,Hartford,1
2023-11-09,United States,Orange,1
2023-09-09,United States,Sussex,1
2023-05-29,United States,New York,3
2023-01-25,United States,Fresno,1
2023-01-27,United States,Broward,1
2023-11-08,United States,Denver,1
2023-07-13,United States,Cuyahoga,1
2023-07-16,United States,Montgomery,1
2023-03-25,United States,Gregg,1
2023-07-01,United States,Montgomery,1
2023-06-03,United States,Santa Clara,3
2023-06-17,United States,Lewis and Clark,1
2023-01-05,United States,Los Angeles,2
2023-02-13,United States,Palm Beach,1
2023-08-01,United States,Shasta,1
2023-10-03,United States,Bergen,1
2023-04-10,United States,Baltimore,1
2023-11-10,United States,Denver,2
2023-08-14,United States,Honolulu,1
2023-08-14,United States,Anchorage,2
2023-04-27,United States,Clark,1
2023-03-19,United States,District of Columbia,1
2023-07-09,United States,Polk,1
2023-10-27,United States,Miami-Dade,1
2023-08-11,United States,Lubbock,2
2023-04-20,United States,Cuyahoga,1
2023-03-28,United States,Coconino,1
2023-03-28,United States,Burlington,1
2023-04-20,United States,Santa Clara,1
2023-07-17,United States,Pima,1
2023-10-25,United States,San Francisco,1
2023-09-30,United States,New York,2
2023-08-12,United States,Calcasieu,1
2023-03-01,United States,Clark,1
2023-09-02,United States,Orange,1
2023-09-01,United States,Polk,1
2023-04-18,United States,Tulsa,1
2023-04-18,United States,Allegheny,1
2023-08-08,United States,Benton,1
2023-09-04,United States,New York,5
2023-06-20,United States,New York,2
2023-06-20,United States,Effingham,1
2023-05-28,United States,Lawrence,1
2023-09-19,United States,New York,5
2023-05-27,United States,Santa Barbara,2
2023-05-12,United States,Los Angeles,6
2023-05-12,United States,San Diego,1
2023-04-06,United States,Los Angeles,1
2023-04-29,United States,Los Angeles,1
2023-08-19,United States,Kent,1
2023-04-28,United States,Los Angeles,1
2023-09-12,United States,San Francisco,1
2023-11-15,United States,Clark,13
2023-09-28,United States,Rutherford,1
2023-04-17,United States,Orange,2
2023-05-24,United States,San Francisco,1
2023-11-01,United States,Hudson,3
2023-06-30,United States,Chelan,1
2023-09-13,United States,Camden,1
2023-05-22,United States,Suffolk,1
2023-05-05,United States,Santa Clara,1
2023-06-01,United States,Clark,2
2023-10-30,United States,King,1
2023-06-29,United States,Miami-Dade,1
2023-05-19,United States,Scott,1
2023-05-19,United States,Pulaski,1
2023-05-16,United States,Spokane,1
2023-05-16,United States,Salt Lake,1
2023-06-22,United States,Dallas,1
2023-05-17,United States,Jackson,1
2023-05-17,United States,Saint Clair,1
2023-07-31,United States,Rutherford,1
2023-01-26,United States,Los Angeles,2
2023-08-21,United States,Orange,2
2023-07-14,United States,Orleans,1
2023-07-14,United States,Tulare,1
2023-04-30,United States,Los Angeles,1
2023-06-07,United States,New York,1
2023-07-28,United States,Niagara,1
2023-02-02,United States,Pinellas,1
2023-07-27,United States,Sevier,1
2023-03-11,United States,Newport,1
2023-03-25,United States,Los Angeles,1
2023-02-18,United States,Pinellas,1
2023-08-30,United States,Dane,1
2023-01-19,United States,New York,1
2023-03-20,United States,San Francisco,1
2023-06-18,United States,Allegheny,1
2023-08-31,United States,Los Angeles,1
2023-04-25,United States,Harris,1
2023-08-01,United States,Mohave,1
2023-03-18,United States,Hidalgo,1
2023-08-15,United States,King,2
2023-08-15,United States,Cook,1
2023-04-24,United States,Los Angeles,2
2023-08-28,United States,Lee,2
2023-03-02,United States,Santa Barbara,2
2023-03-02,United States,Arlington,1
2023-11-11,United States,Clark,5
2023-11-11,United States,Montgomery,1
2023-08-17,United States,Sevier,1
2023-03-19,United States,Allegany,1
2023-08-02,United States,Isabella,1
2023-04-26,United States,Saint Louis,1
2023-10-13,United States,New York,3
2023-02-07,United States,San Francisco,3
2023-07-04,United States,Los Angeles,2
2023-03-27,United States,Santa Clara,1
2023-08-10,United States,Los Angeles,2
2023-10-25,United States,Orange,2
2023-10-11,United States,Oklahoma,1
2023-04-05,United States,Miami-Dade,2
2023-08-09,United States,Anchorage,1
2023-05-26,United States,Los Angeles,1
2023-04-18,United States,Barton,1
2023-05-10,United States,Fresno,2
2023-08-08,United States,Howard,1
2023-11-03,United States,Suffolk,2
2023-01-22,United States,Sacramento,1
2023-05-14,United States,Santa Barbara,1
2023-03-08,United States,Suffolk,2
2023-05-12,United States,Dakota,1
2023-09-26,United States,Monterey,1
2023-08-05,United States,Des Moines,1
2023-08-18,United States,New York,3
2023-09-28,United States,Los Angeles,2
2023-10-05,United States,Kane,1
2023-04-01,United States,Los Angeles,1
2023-05-22,United States,Santa Clara,1
2023-06-01,United States,New York,3
2023-05-05,United States,Cuyahoga,1
2023-05-08,United States,San Francisco,1
2023-07-20,United States,Pinellas,1
2023-09-09,United States,Denver,1
2023-01-11,United States,Los Angeles,1
2023-01-28,United States,Philadelphia,1
2023-05-17,United States,Minnehaha,1
2023-08-21,United States,Nassau,1
2023-04-30,United States,Anchorage,1
2023-06-07,United States,Pottawattamie,1
2023-03-23,United States,Burlington,1
2023-07-02,United States,Montgomery,1
2023-07-02,United States,Delaware,1
2023-06-09,United States,San Francisco,2
2023-10-22,United States,New York,2
2023-03-24,United States,Los Angeles,1
2023-02-12,United States,New York,2
2023-02-26,United States,Madison,1
2023-08-30,United States,Santa Clara,2
2023-05-09,United States,Macomb,1
2023-07-26,United States,Centre,1
2023-06-19,United States,Pulaski,1
2023-02-14,United States,Los Angeles,2
2023-04-25,United States,Sevier,2
2023-09-22,United States,New York,2
2023-08-15,United States,Jackson,1
2023-03-03,United States,Yuma,1
2023-08-14,United States,Bay,1
2023-03-02,United States,Los Angeles,1
2023-09-10,United States,Barton,1
2023-03-06,United States,Suffolk,1
2023-10-15,United States,Warren,1
2023-08-02,United States,Miami-Dade,2
2023-04-26,United States,Franklin,1
2023-10-27,United States,Mobile,1
2023-10-13,United States,Davidson,1
2023-08-11,United States,San Diego,1
2023-07-04,United States,Miami-Dade,2
2023-08-10,United States,Wayne,1
2023-03-13,United States,Suffolk,1
2023-07-06,United States,Chelan,1
2023-04-21,United States,Polk,1
2023-03-14,United States,San Bernardino,1
2023-04-05,United States,Gregg,1
2023-04-19,United States,Washington,1
2023-09-16,United States,New York,2
2023-05-25,United States,Twin Falls,1
2023-05-25,United States,Orange,1
2023-04-18,United States,Osceola,1
2023-05-27,United States,Dallas,1
2023-09-03,United States,Lee,1
2023-04-15,United States,Mercer,1
2023-08-18,United States,Bingham,1
2023-05-24,United States,Hillsborough,1
2023-09-27,United States,Suffolk,1
2023-10-05,United States,Dupage,2
2023-05-06,United States,Santa Clara,1
2023-10-30,United States,Miami-Dade,1
2023-06-14,United States,Litchfield,1
2023-06-15,United States,Tuscarawas,1
2023-05-07,United States,Clark,3
2023-05-07,United States,Santa Clara,1
2023-04-08,United States,Los Angeles,1
2023-04-08,United States,Nassau,1
2023-01-25,United States,District of Columbia,1
2023-09-06,United States,Clark,1
2023-05-01,United States,Sevier,2
2023-05-18,United States,Kent,1
2023-11-07,United States,Clark,19
2023-02-20,United States,Salt Lake,1
2023-01-12,United States,New York,3
2023-05-17,United States,Niagara,1
2023-07-30,United States,Pinellas,1
2023-11-08,United States,Smith,1
2023-08-21,United States,Cuyahoga,1
2023-04-30,United States,Humboldt,1
2023-06-07,United States,Burlington,1
2023-03-23,United States,Palm Beach,1
2023-03-23,United States,Orange,1
2023-02-15,United States,New York,2
2023-07-15,United States,Litchfield,1
2023-03-10,United States,Bergen,1
2023-02-03,United States,New York,3
2023-06-02,United States,Bannock,1
2023-06-16,United States,Monongalia,1
2023-10-20,United States,New York,2
2023-07-12,United States,Cuyahoga,1
2023-06-18,United States,Minnehaha,1
2023-08-31,United States,Hartford,1
2023-04-25,United States,Montgomery,1
2023-05-31,United States,Anchorage,1
2023-07-08,United States,Lake,1
2023-03-03,United States,Los Angeles,1
2023-04-10,United States,New York,2
2023-07-07,United States,Champaign,1
2023-08-14,United States,Allegheny,1
2023-09-10,United States,Clark,6
2023-08-17,United States,New York,3
2023-03-05,United States,District of Columbia,1
2023-04-12,United States,Anchorage,1
2023-04-11,United States,Gregg,1
2023-08-25,United States,McHenry,1
2023-08-25,United States,New York,2
2023-11-20,United States,New York,2
2023-10-28,United States,Clark,2
2023-08-24,United States,New York,2
2023-10-25,United States,Clark,6
2023-02-08,United States,Los Angeles,1
2023-09-02,United States,Ontario,1
2023-04-19,United States,King,1
2023-05-26,United States,Polk,1
2023-03-14,United States,Albany,1
2023-09-01,United States,Clark,2
2023-11-05,United States,Alameda,1
2023-09-17,United States,Nassau,1
2023-05-13,United States,Sedgwick,1
2023-05-13,United States,Twin Falls,1
2023-01-22,United States,Los Angeles,2
2023-10-07,United States,Bergen,1
2023-04-29,United States,Minnehaha,1
2023-05-12,United States,Coffee,1
2023-09-26,United States,Suffolk,1
2023-05-20,United States,Miami-Dade,1
2023-04-28,United States,Dickinson,1
2023-09-25,United States,Cook,2
2023-09-14,United States,Anchorage,2
2023-05-24,United States,Cuyahoga,1
2023-06-30,United States,Middlesex,1
2023-03-09,United States,Snohomish,1
2023-11-12,United States,Cook,1
2023-09-13,United States,Orange,3
2023-06-27,United States,District of Columbia,1
2023-06-11,United States,Muscogee,1
2023-06-29,United States,Marquette,1
2023-01-17,United States,Cook,2
2023-06-15,United States,Potter,1
2023-05-02,United States,Muscogee,1
2023-05-02,United States,Ontario,1
2023-02-23,United States,San Francisco,1
2023-11-09,United States,Clark,9
2023-09-06,United States,Montgomery,1
2023-02-24,United States,Burlington,1
2023-07-21,United States,Adams,1
2023-07-21,United States,Logan,1
2023-09-05,United States,Rutherford,2
2023-06-22,United States,Bannock,1
2023-11-06,United States,San Francisco,1
2023-09-08,United States,Saint Louis,1
2023-07-30,United States,Baldwin,1
2023-04-30,United States,District of Columbia,3
2023-08-20,United States,Brazos,1
2023-07-27,United States,Arlington,1
2023-07-02,United States,District of Columbia,1
2023-02-18,United States,Brazos,1
2023-01-05,United States,King,1
2023-06-02,United States,New York,2
2023-06-16,United States,Westmoreland,1
2023-05-09,United States,New York,3
2023-06-19,United States,Denton,1
2023-07-25,United States,Palm Beach,1
2023-04-25,United States,Arlington,1
2023-08-15,United States,Cameron,1
2023-05-31,United States,Lawrence,1
2023-03-03,United States,Orange,1
2023-04-24,United States,Cuyahoga,1
2023-08-14,United States,District of Columbia,3
2023-10-19,United States,Santa Clara,1
2023-04-23,United States,Jackson,1
2023-09-23,United States,Monroe,1
2023-07-09,United States,Tulare,1
2023-04-11,United States,Humboldt,1
2023-11-20,United States,Santa Clara,2
2023-09-30,United States,Coconino,1
2023-02-09,United States,Maricopa,1
2023-08-27,United States,Lee,2
2023-10-26,United States,Los Angeles,1
2023-04-04,United States,Los Angeles,2
2023-04-07,United States,Orange,1
2023-08-08,United States,Los Angeles,3
2023-05-28,United States,Allegheny,1
2023-09-19,United States,Los Angeles,2
2023-05-21,United States,District of Columbia,1
2023-05-12,United States,Allegheny,1
2023-09-26,United States,Santa Clara,1
2023-05-20,United States,Los Angeles,1
2023-04-28,United States,Spokane,1
2023-03-07,United States,Pima,1
2023-09-28,United States,Cuyahoga,1
2023-06-30,United States,Pinellas,1
2023-05-06,United States,Tarrant,1
2023-06-27,United States,Allegheny,1
2023-06-26,United States,Allegheny,2
2023-02-21,United States,Orange,1
2023-06-01,United States,Los Angeles,1
2023-07-22,United States,Lee,3
2023-03-31,United States,Cameron,1
2023-06-29,United States,Lee,2
2023-06-29,United States,Pinellas,2
2023-05-07,United States,Atlantic,1
2023-05-16,United States,Nassau,1
2023-01-16,United States,Clark,1
2023-02-24,United States,San Diego,1
2023-07-21,United States,Berrien,2
2023-05-01,United States,Cook,1
2023-05-01,United States,Jones,1
2023-09-05,United States,Lee,2
2023-01-27,United States,New York,2
2023-06-25,United States,Montgomery,1
2023-02-02,United States,Riverside,1
2023-03-25,United States,Washington,1
2023-08-22,United States,Orange,1
2023-02-18,United States,Hillsborough,1
2023-02-25,United States,District of Columbia,1
2023-02-25,United States,San Francisco,1
2023-07-12,United States,New York,1
2023-02-14,United States,Middlesex,2
2023-04-25,United States,Pulaski,1
2023-10-17,United States,Alameda,1
2023-08-29,United States,Allegheny,2
2023-09-21,United States,Webb,1
2023-10-18,United States,District of Columbia,1
2023-08-14,United States,Baldwin,2
2023-04-23,United States,New York,1
2023-10-29,United States,San Francisco,1
2023-04-27,United States,Hidalgo,1
2023-03-06,United States,Lee,1
2023-04-12,United States,Snohomish,1
2023-03-19,United States,Burlington,1
2023-08-25,United States,Broomfield,1
2023-04-20,United States,Clark,1
2023-07-03,United States,Miami-Dade,1
2023-07-17,United States,Los Angeles,1
2023-09-20,United States,New York,2
2023-08-13,United States,Mercer,2
2023-10-12,United States,Niagara,1
2023-11-04,United States,New York,2
2023-09-16,United States,Norfolk,1
2023-05-25,United States,Lee,1
2023-05-25,United States,District of Columbia,1
2023-09-01,United States,Chelan,1
2023-09-01,United States,Kent,2
2023-04-18,United States,Crow Wing,1
2023-09-04,United States,Clark,3
2023-11-18,United States,Clark,9
2023-05-13,United States,Gogebic,1
2023-05-27,United States,Suffolk,1
2023-09-03,United States,Clark,3
2023-09-03,United States,Polk,1
2023-04-06,United States,Orange,1
2023-08-19,United States,Allegheny,1
2023-04-29,United States,Miami-Dade,1
2023-08-18,United States,Baldwin,2
2023-09-28,United States,New York,5
2023-10-06,United States,Clark,3
2023-09-27,United States,San Diego,1
2023-05-22,United States,Santa Barbara,1
2023-06-27,United States,Pinellas,1
2023-05-05,United States,Cook,1
2023-02-21,United States,Dallas,1
2023-06-01,United States,Cuyahoga,1
2023-07-22,United States,District of Columbia,1
2023-01-15,United States,Cook,1
2023-01-02,United States,New York,1
2023-06-15,United States,Elko,1
2023-06-23,United States,Los Angeles,1
2023-06-28,United States,Kent,1
2023-01-16,United States,New York,1
2023-01-28,United States,Santa Clara,1
2023-06-21,United States,King,1
2023-06-10,United States,Pinellas,1
2023-04-30,United States,Sevier,1
2023-08-20,United States,Mercer,1
2023-06-06,United States,Arlington,1
2023-08-23,United States,Clark,3
2023-07-02,United States,Allegheny,2
2023-07-16,United States,Minnehaha,1
2023-10-21,United States,San Bernardino,1
2023-10-21,United States,New York,1
2023-06-17,United States,Dallas,1
2023-05-09,United States,Gillespie,1
2023-06-19,United States,Allegheny,1
2023-07-26,United States,Clark,1
2023-07-26,United States,Palm Beach,1
2023-10-31,United States,Cuyahoga,1
2023-07-25,United States,Dallas,1
2023-08-31,United States,Allegheny,1
2023-08-01,United States,Westmoreland,1
2023-03-04,United States,Anchorage,1
2023-03-18,United States,New York,2
2023-08-15,United States,Los Angeles,2
2023-11-10,United States,Clark,12
2023-07-07,United States,Lubbock,2
2023-10-19,United States,Essex,1
2023-10-15,United States,Bexar,1
2023-10-02,United States,Monterey,1
2023-09-23,United States,Nassau,1
2023-07-04,United States,Sussex,1
2023-03-28,United States,Miami-Dade,1
2023-10-28,United States,Honolulu,1
2023-07-03,United States,Humboldt,1
2023-08-27,United States,Nassau,1
2023-10-26,United States,Montgomery,1
2023-08-12,United States,New York,2
2023-08-12,United States,Anchorage,1
2023-04-22,United States,Santa Barbara,1
2023-11-19,United States,Essex,1
2023-11-19,United States,Durham,1
2023-04-19,United States,Monterey,1
2023-08-09,United States,Polk,1
2023-05-11,United States,Coles,1
2023-05-11,United States,Tarrant,1
2023-09-01,United States,Cameron,1
2023-05-25,United States,Cook,1
2023-08-08,United States,Maverick,1
2023-01-23,United States,Santa Clara,1
2023-05-28,United States,Dallas,1
2023-05-14,United States,Los Angeles,1
2023-05-27,United States,Kent,2
2023-09-03,United States,New York,6
2023-11-14,United States,Los Angeles,3
2023-09-17,United States,New York,1
2023-04-29,United States,San Francisco,1
2023-05-20,United States,Macomb,1
2023-08-07,United States,Los Angeles,2
2023-08-07,United States,Orange,1
2023-04-17,United States,Yavapai,1
2023-06-30,United States,Los Angeles,1
2023-01-01,United States,New York,1
2023-05-06,United States,Jackson,1
2023-05-05,United States,Saint Johns,2
2023-06-29,United States,New York,1
2023-05-19,United States,Macomb,1
2023-05-19,United States,Snohomish,1
2023-06-28,United States,Lee,1
2023-05-02,United States,San Diego,2
2023-07-20,United States,Santa Clara,1
2023-05-29,United States,Burlington,1
2023-05-15,United States,Cuyahoga,1
2023-05-15,United States,King,2
2023-05-03,United States,Coconino,1
2023-01-27,United States,Dallas,1
2023-11-08,United States,Clark,5
2023-08-20,United States,Kootenai,1
2023-07-13,United States,Calcasieu,1
2023-10-10,United States,Clark,5
2023-08-23,United States,Ogemaw,1
2023-07-02,United States,New York,1
2023-07-16,United States,Orange,1
2023-07-29,United States,Saline,1
2023-02-12,United States,Orange,1
2023-02-26,United States,Lackawanna,1
2023-05-09,United States,Kent,1
2023-02-11,United States,Bexar,1
2023-07-10,United States,Allegheny,1
2023-08-15,United States,Miami-Dade,1
2023-08-29,United States,New York,1
2023-05-31,United States,Miami-Dade,1
2023-05-31,United States,Sussex,1
2023-08-14,United States,Rutherford,1
2023-10-29,United States,Los Angeles,1
2023-04-26,United States,Cerro Gordo,1
2023-08-16,United States,Rutherford,1
2023-04-20,United States,Pulaski,1
2023-07-18,United States,Lehigh,1
2023-11-20,United States,Middlesex,1
2023-11-20,United States,Los Angeles,3
2023-03-13,United States,Miami-Dade,2
2023-03-13,United States,San Francisco,1
2023-08-24,United States,Lee,3
2023-08-24,United States,Orange,1
2023-11-21,United States,Atlantic,1
2023-02-08,United States,Philadelphia,1
2023-07-19,United States,Burlington,1
2023-07-19,United States,Elko,1
2023-07-05,United States,Montgomery,1
2023-09-02,United States,New London,1
2023-11-19,United States,New York,1
2023-11-19,United States,Miami-Dade,1
2023-09-01,United States,Coconino,1
2023-04-18,United States,Pinellas,1
2023-09-04,United States,Tooele,1
2023-05-13,United States,Marquette,1
2023-05-12,United States,New York,4
2023-05-21,United States,Los Angeles,1
2023-08-19,United States,Benton,1
2023-09-26,United States,Clark,3
2023-04-14,United States,Cameron,1
2023-04-28,United States,Bannock,1
2023-03-07,United States,Niagara,1
2023-09-25,United States,Los Angeles,3
2023-10-06,United States,Mercer,1
2023-10-05,United States,Clark,1
2023-03-09,United States,Clark,1
2023-11-12,United States,Cumberland,1
2023-08-06,United States,Montgomery,1
2023-09-13,United States,King,1
2023-05-05,United States,Ogemaw,1
2023-05-08,United States,Coffee,1
2023-06-15,United States,Galveston,1
2023-04-09,United States,Pinellas,1
2023-05-02,United States,Lawrence,1
2023-05-02,United States,Hidalgo,1
2023-07-20,United States,Benton,1
2023-11-09,United States,Sevier,3
2023-11-09,United States,Arlington,1
2023-05-29,United States,Los Angeles,1
2023-09-06,United States,Orange,2
2023-01-28,United States,New York,5
2023-05-18,United States,Pulaski,1
2023-01-26,United States,Hidalgo,1
2023-05-03,United States,Niagara,1
2023-05-03,United States,Sedgwick,1
2023-02-17,United States,Clark,1
2023-02-17,United States,Los Angeles,1
2023-02-17,United States,Travis,1
2023-08-21,United States,King,1
2023-07-14,United States,Des Moines,1
2023-10-23,United States,Clark,5
2023-06-07,United States,Maricopa,1
2023-07-16,United States,Marquette,1
2023-03-25,United States,Clark,1
2023-07-29,United States,Kent,3
2023-06-17,United States,Los Angeles,2
2023-08-30,United States,Santa Barbara,2
2023-10-20,United States,Miami-Dade,2
2023-04-25,United States,Dickinson,1
2023-03-18,United States,Los Angeles,1
2023-05-30,United States,Macon,1
2023-04-23,United States,Lee,1
2023-08-03,United States,Ontario,1
2023-11-22,United States,Nassau,1
2023-04-12,United States,Orange,1
2023-04-26,United States,Polk,1
2023-07-18,United States,Lee,1
2023-07-18,United States,Orange,1
2023-08-13,United States,Cameron,2
2023-03-15,United States,New York,1
2023-03-15,United States,Los Angeles,1
2023-11-04,United States,Cook,1
2023-09-02,United States,Calcasieu,1
2023-05-26,United States,Clark,2
2023-05-11,United States,Miami-Dade,1
2023-05-28,United States,Clark,1
2023-09-19,United States,San Francisco,1
2023-05-12,United States,Monongalia,1
2023-10-07,United States,Philadelphia,1
2023-01-31,United States,District of Columbia,2
2023-09-11,United States,Orange,2
2023-04-29,United States,Mackinac,1
2023-09-12,United States,New York,3
2023-11-15,United States,Orange,1
2023-08-04,United States,Berrien,1
2023-11-01,United States,Orange,1
2023-11-01,United States,Atlantic,1
2023-06-30,United States,Marquette,2
2023-06-30,United States,Rutherford,1
2023-06-13,United States,San Mateo,1
2023-08-06,United States,San Francisco,2
2023-09-13,United States,Clark,3
2023-07-22,United States,Mower,1
2023-06-15,United States,New York,1
2023-05-07,United States,Salt Lake,1
2023-09-09,United States,Saint Louis,1
2023-09-09,United States,Kent,1
2023-09-09,United States,Montgomery,1
2023-09-09,United States,Whatcom,1
2023-05-29,United States,Miami-Dade,2
2023-09-06,United States,New York,1
2023-02-24,United States,Clark,2
2023-06-22,United States,Monroe,1
2023-06-25,United States,Coconino,1
2023-06-07,United States,Bannock,1
2023-06-07,United States,Mohave,1
2023-07-28,United States,Los Angeles,1
2023-08-20,United States,Orange,2
2023-08-20,United States,New York,2
2023-03-22,United States,King,1
2023-06-06,United States,Clark,1
2023-06-06,United States,Berrien,1
2023-03-26,United States,Houston,1
2023-08-22,United States,Galveston,1
2023-07-29,United States,Rutherford,1
2023-06-08,United States,Montgomery,1
2023-01-06,United States,Los Angeles,1
2023-07-23,United States,Los Angeles,1
2023-01-08,United States,Los Angeles,1
2023-01-07,United States,Coconino,1
2023-08-01,United States,New York,1
2023-10-04,United States,Camden,2
2023-07-07,United States,District of Columbia,1
2023-07-07,United States,Davidson,1
2023-11-11,United States,Orange,1
2023-04-27,United States,Lee,1
2023-03-06,United States,Mercer,1
2023-09-24,United States,Clark,3
2023-04-26,United States,Monroe,1
2023-07-18,United States,Allegheny,1
2023-11-20,United States,Honolulu,1
2023-08-24,United States,Dauphin,1
2023-10-11,United States,Sevier,1
2023-08-27,United States,Bergen,1
2023-07-06,United States,Cook,1
2023-07-06,United States,Los Angeles,1
2023-04-22,United States,Lubbock,1
2023-04-21,United States,Los Angeles,1
2023-10-12,United States,Atlantic,1
2023-07-05,United States,Clark,3
2023-11-04,United States,Durham,1
2023-08-09,United States,King,1
2023-09-01,United States,New York,3
2023-05-10,United States,Hillsborough,1
2023-05-21,United States,Burlington,1
2023-05-21,United States,Pulaski,2
2023-08-05,United States,Calcasieu,3
2023-04-14,United States,Los Angeles,2
2023-04-29,United States,Hennepin,1
2023-08-18,United States,Maricopa,1
2023-08-18,United States,Nassau,1
2023-08-18,United States,Miami-Dade,1
2023-04-13,United States,New York,2
2023-09-25,United States,Suffolk,1
2023-10-09,United States,Clark,7
2023-11-13,United States,Collin,1
2023-08-07,United States,Clearfield,1
2023-09-14,United States,Santa Clara,1
2023-05-06,United States,Stark,1
2023-04-01,United States,San Diego,3
2023-04-02,United States,Wilson,1
2023-06-27,United States,Lee,1
2023-05-08,United States,Los Angeles,1
2023-06-12,United States,Yavapai,1
2023-06-15,United States,Clark,1
2023-09-09,United States,Barton,1
2023-01-10,United States,New York,1
2023-11-07,United States,Camden,1
2023-05-04,United States,Orange,3
2023-06-10,United States,Cuyahoga,3
2023-06-25,United States,Benton,1
2023-05-17,United States,Taney,1
2023-09-08,United States,Pottawattamie,1
2023-08-21,United States,Clark,3
2023-06-07,United States,Pulaski,1
2023-03-23,United States,Cuyahoga,1
2023-10-24,United States,Honolulu,1
2023-07-13,United States,Dallas,1
2023-07-27,United States,Miami-Dade,1
2023-08-23,United States,Miami-Dade,1
2023-06-09,United States,Ashland,1
2023-06-09,United States,New York,1
2023-07-29,United States,Jackson,1
2023-01-06,United States,Honolulu,2
2023-02-27,United States,Baldwin,1
2023-07-24,United States,Los Angeles,1
2023-02-12,United States,Travis,1
2023-06-02,United States,Dakota,1
2023-06-16,United States,Gillespie,2
2023-05-09,United States,San Diego,2
2023-02-25,United States,Polk,1
2023-06-05,United States,Santa Clara,1
2023-06-05,United States,District of Columbia,1
2023-07-11,United States,Tarrant,1
2023-06-18,United States,Elko,1
2023-10-17,United States,Honolulu,1
2023-08-29,United States,Cuyahoga,1
2023-03-17,United States,Montgomery,1
2023-04-23,United States,Oklahoma,1
2023-03-05,United States,Baltimore,1
2023-10-02,United States,Los Angeles,1
2023-09-23,United States,Clark,4
2023-08-16,United States,Orange,1
2023-07-04,United States,Montgomery,1
2023-03-27,United States,Mercer,1
2023-08-10,United States,Camden,1
2023-08-10,United States,District of Columbia,1
2023-10-28,United States,Webb,2
2023-09-20,United States,Sussex,2
2023-04-22,United States,Calcasieu,1
2023-10-12,United States,New York,5
2023-03-14,United States,Clark,1
2023-11-19,United States,Clark,10
2023-08-09,United States,Clearfield,1
2023-05-26,United States,Berrien,1
2023-05-26,United States,Shawnee,1
2023-09-01,United States,Cuyahoga,1
2023-04-18,United States,Calcasieu,1
2023-09-04,United States,Lee,2
2023-11-17,United States,New York,7
2023-06-20,United States,Alameda,1
2023-05-14,United States,Anchorage,1
2023-05-14,United States,Wayne,1
2023-09-26,United States,Los Angeles,3
2023-08-19,United States,New York,1
2023-08-05,United States,Yavapai,1
2023-09-11,United States,Bernalillo,1
2023-05-20,United States,Wayne,1
2023-11-15,United States,Pima,1
2023-08-04,United States,Chelan,1
2023-08-04,United States,Davidson,1
2023-10-09,United States,New York,2
2023-08-07,United States,Pima,1
2023-05-23,United States,Minnehaha,1
2023-06-30,United States,San Diego,1
2023-06-13,United States,Macomb,1
2023-02-22,United States,New York,1
2023-05-05,United States,New York,2
2023-01-18,United States,New York,1
2023-02-21,United States,Cook,1
2023-01-17,United States,Clark,1
2023-06-12,United States,Maricopa,1
2023-09-09,United States,Fairfield,1
2023-05-16,United States,Saline,1
2023-05-29,United States,Sevier,1
2023-05-15,United States,Dallas,1
2023-02-24,United States,Brazos,1
2023-02-24,United States,Travis,1
2023-01-13,United States,Los Angeles,3
2023-05-03,United States,Sevier,1
2023-09-08,United States,Cameron,1
2023-11-08,United States,Arlington,1
2023-08-21,United States,Adams,1
2023-07-14,United States,Yavapai,1
2023-03-23,United States,Los Angeles,5
2023-08-20,United States,Rutherford,1
2023-10-24,United States,Oklahoma,1
2023-01-09,United States,Tulsa,1
2023-02-01,United States,Maverick,1
2023-06-06,United States,Montgomery,1
2023-02-05,United States,Orleans,1
2023-07-02,United States,Berrien,1
2023-06-09,United States,Coconino,2
2023-06-09,United States,Rutherford,1
2023-06-08,United States,Mercer,1
2023-06-08,United States,Cook,2
2023-02-03,United States,Los Angeles,1
2023-02-27,United States,New York,1
2023-02-26,United States,Travis,1
2023-08-30,United States,Dupage,2
2023-06-05,United States,Dallas,1
2023-06-04,United States,Chelan,1
2023-08-29,United States,Orange,2
2023-09-10,United States,Los Angeles,4
2023-09-10,United States,Cuyahoga,1
2023-04-23,United States,Los Angeles,1
2023-04-23,United States,Santa Clara,3
2023-04-23,United States,Burlington,1
2023-11-11,United States,San Francisco,4
2023-08-03,United States,Ashland,2
2023-03-19,United States,Ashland,1
2023-09-23,United States,New York,1
2023-10-27,United States,Clark,7
2023-08-11,United States,Champaign,1
2023-08-25,United States,Los Angeles,2
2023-04-20,United States,Knox,1
2023-09-20,United States,Webb,1
2023-09-20,United States,Essex,1
2023-09-30,United States,Webb,1
2023-10-11,United States,Rutherford,1
2023-08-26,United States,Middlesex,1
2023-07-19,United States,Orange,2
2023-05-26,United States,Dallas,2
2023-03-14,United States,Cuyahoga,1
2023-04-18,United States,Lee,2
2023-11-17,United States,District of Columbia,1
2023-05-28,United States,Pinellas,1
2023-05-14,United States,Lee,1
2023-04-15,United States,Los Angeles,1
2023-04-29,United States,Santa Clara,1
2023-08-19,United States,Orange,3
2023-08-19,United States,Montgomery,1
2023-08-05,United States,Oakland,1
2023-04-29,United States,Barton,1
2023-04-28,United States,New York,2
2023-09-12,United States,Lee,1
2023-08-18,United States,Coconino,1
2023-04-13,United States,Atlantic,1
2023-05-23,United States,Los Angeles,1
2023-10-05,United States,New York,1
2023-04-01,United States,Mitchell,1
2023-04-01,United States,Hidalgo,1
2023-01-01,United States,Honolulu,1
2023-09-13,United States,Osceola,1
2023-05-22,United States,New York,2
2023-05-22,United States,Orange,1
2023-10-30,United States,Nassau,1
2023-05-05,United States,Autauga,1
2023-06-12,United States,Travis,1
2023-06-12,United States,Dallas,1
2023-07-20,United States,Montgomery,2
2023-09-09,United States,Los Angeles,2
2023-09-09,United States,Monroe,1
2023-01-10,United States,Suffolk,1
2023-05-01,United States,District of Columbia,1
2023-05-18,United States,Chippewa,1
2023-11-06,United States,Clark,1
2023-06-24,United States,Bannock,1
2023-04-30,United States,Clark,2
2023-10-23,United States,Nassau,1
2023-08-20,United States,Clark,4
2023-03-22,United States,New York,1
2023-02-15,United States,Bexar,1
2023-06-09,United States,Twin Falls,1
2023-08-22,United States,Dauphin,1
2023-03-10,United States,Palm Beach,1
2023-06-03,United States,Yavapai,1
2023-06-17,United States,Montgomery,1
2023-08-30,United States,Rutherford,1
2023-02-11,United States,Maricopa,1
2023-10-20,United States,Spokane,1
2023-07-11,United States,Montgomery,2
2023-06-18,United States,Hartford,1
2023-04-25,United States,Logan,1
2023-10-03,United States,Clark,4
2023-08-15,United States,Allegheny,1
2023-05-31,United States,New York,2
2023-10-18,United States,New York,1
2023-07-07,United States,New York,1
2023-08-14,United States,Litchfield,1
2023-08-28,United States,Oakland,1
2023-03-02,United States,Ontario,1
2023-04-27,United States,Effingham,1
2023-10-01,United States,Saint Louis,1
2023-10-16,United States,Davidson,1
2023-07-09,United States,Isabella,1
2023-08-11,United States,Los Angeles,1
2023-08-25,United States,Santa Clara,1
2023-08-10,United States,King,1
2023-08-10,United States,New York,1
2023-07-03,United States,New York,5
2023-10-14,United States,Miami-Dade,1
2023-11-21,United States,New York,2
2023-08-27,United States,Los Angeles,1
2023-08-12,United States,Snohomish,1
2023-08-09,United States,Jackson,1
2023-08-09,United States,Davidson,1
2023-05-11,United States,Orange,1
2023-05-25,United States,Clark,1
2023-04-18,United States,Maverick,1
2023-09-29,United States,Rutherford,1
2023-11-03,United States,Knox,1
2023-09-19,United States,Webb,1
2023-11-14,United States,Pima,1
2023-04-06,United States,San Francisco,1
2023-04-29,United States,District of Columbia,1
2023-05-21,United States,Lee,1
2023-10-09,United States,Cook,1
2023-05-23,United States,Sedgwick,1
2023-10-05,United States,Los Angeles,1
2023-08-06,United States,Erie,1
2023-02-10,United States,San Francisco,1
2023-05-19,United States,Polk,1
2023-06-14,United States,Miami-Dade,1
2023-06-26,United States,Calcasieu,1
2023-05-02,United States,Los Angeles,2
2023-09-09,United States,District of Columbia,1
2023-02-24,United States,Merced,1
2023-05-01,United States,Clark,1
2023-11-06,United States,Harris,1
2023-06-10,United States,Rutherford,1
2023-01-12,United States,Mariposa,1
2023-05-03,United States,Emmet,1
2023-02-02,United States,Val Verde,1
2023-06-06,United States,Atlantic,1
2023-07-16,United States,Hartford,1
2023-07-15,United States,Marquette,1
2023-02-18,United States,Clark,1
2023-02-27,United States,Broward,1
2023-08-30,United States,New York,2
2023-08-30,United States,Kent,2
2023-06-16,United States,Travis,4
2023-06-16,United States,Elko,1
2023-07-26,United States,Orange,1
2023-07-11,United States,Allegheny,1
2023-06-18,United States,Montgomery,1
2023-08-01,United States,Orange,1
2023-09-22,United States,Clark,3
2023-03-04,United States,Baldwin,1
2023-03-04,United States,Washington,1
2023-08-15,United States,Hennepin,1
2023-08-29,United States,Anchorage,1
2023-09-21,United States,San Francisco,1
2023-05-30,United States,Sevier,1
2023-05-30,United States,Polk,1
2023-07-07,United States,Essex,1
2023-04-27,United States,Baltimore,1
2023-08-03,United States,Mower,1
2023-08-03,United States,Johnson,1
2023-09-24,United States,Los Angeles,4
2023-04-12,United States,Baldwin,2
2023-10-13,United States,District of Columbia,1
2023-10-25,United States,New York,2
2023-09-30,United States,Middlesex,1
2023-08-13,United States,Niagara,1
2023-07-05,United States,Maricopa,1
2023-09-02,United States,Nassau,1
2023-09-16,United States,Clark,6
2023-09-29,United States,King,1
2023-05-10,United States,San Francisco,1
2023-04-07,United States,San Francisco,1
2023-11-17,United States,Los Angeles,1
2023-05-14,United States,Miami-Dade,1
2023-01-22,United States,Waller,2
2023-09-26,United States,Allegheny,1
2023-10-08,United States,New York,1
2023-08-05,United States,Miami-Dade,2
2023-04-28,United States,Ada,1
2023-09-12,United States,Cook,2
2023-09-14,United States,Cherokee,1
2023-08-07,United States,Allegany,1
2023-04-16,United States,San Francisco,1
2023-04-16,United States,Los Angeles,3
2023-06-30,United States,Isabella,1
2023-11-12,United States,Orange,1
2023-05-05,United States,Barton,1
2023-06-29,United States,Twin Falls,1
2023-01-15,United States,Los Angeles,1
2023-06-28,United States,Twin Falls,1
2023-07-20,United States,Tarrant,1
2023-04-08,United States,Fresno,1
2023-01-24,United States,San Francisco,1
2023-05-15,United States,Pottawattamie,1
2023-09-09,United States,Clark,6
2023-09-06,United States,Suffolk,1
2023-05-01,United States,Kent,1
2023-05-04,United States,District of Columbia,1
2023-06-21,United States,Dupage,1
2023-01-27,United States,Tarrant,1
2023-06-25,United States,Miami-Dade,1
2023-05-17,United States,Berrien,1
2023-05-17,United States,Bergen,1
2023-09-08,United States,Lee,1
2023-07-31,United States,Orange,3
2023-07-31,United States,Macomb,1
2023-05-03,United States,Dauphin,1
2023-05-03,United States,Kings,1
2023-01-26,United States,District of Columbia,1
2023-03-23,United States,Montgomery,1
2023-03-11,United States,Allegheny,1
2023-10-21,United States,Webb,1
2023-08-22,United States,Maverick,1
2023-07-01,United States,Effingham,1
2023-07-29,United States,Middlesex,2
2023-06-08,United States,Oakland,1
2023-01-06,United States,Clark,1
2023-07-23,United States,Burlington,2
2023-02-11,United States,San Francisco,1
2023-06-05,United States,Miami-Dade,1
2023-06-19,United States,Horry,1
2023-08-31,United States,Pima,1
2023-04-25,United States,District of Columbia,1
2023-03-04,United States,Allegheny,1
2023-08-15,United States,Yavapai,3
2023-08-29,United States,Humboldt,1
2023-05-31,United States,Ada,1
2023-04-10,United States,Allegheny,1
2023-09-21,United States,Clark,3
2023-07-07,United States,Tulare,1
2023-08-14,United States,Tulare,1
2023-03-02,United States,Osceola,1
2023-03-06,United States,San Mateo,1
2023-10-15,United States,New York,1
2023-10-15,United States,San Francisco,1
2023-08-17,United States,Santa Clara,1
2023-08-17,United States,Cook,1
2023-10-01,United States,Clark,2
2023-04-12,United States,Clark,1
2023-07-09,United States,Pinellas,1
2023-10-27,United States,Graham,1
2023-10-27,United States,New York,1
2023-02-07,United States,Los Angeles,6
2023-04-20,United States,Humboldt,2
2023-07-18,United States,Los Angeles,2
2023-07-18,United States,Honolulu,1
2023-03-27,United States,Montgomery,1
2023-10-14,United States,Clark,1
2023-09-20,United States,Los Angeles,1
2023-09-30,United States,Osceola,1
2023-08-26,United States,Litchfield,1
2023-08-26,United States,Allegheny,2
2023-09-02,United States,Coffee,1
2023-05-26,United States,San Diego,1
2023-05-25,United States,Los Angeles,1
2023-05-25,United States,Coconino,1
2023-09-15,United States,Webb,1
2023-11-05,United States,New York,2
2023-11-03,United States,San Mateo,1
2023-05-14,United States,El Dorado,1
2023-04-15,United States,Hillsborough,1
2023-10-07,United States,Chelan,1
2023-04-29,United States,Seminole,1
2023-04-28,United States,District of Columbia,4
2023-09-14,United States,Buncombe,1
2023-08-07,United States,Potter,1
2023-10-06,United States,San Luis Obispo,1
2023-05-22,United States,Tulsa,1
2023-01-01,United States,Spokane,1
2023-07-22,United States,Mercer,1
2023-07-20,United States,New York,1
2023-03-30,United States,San Diego,1
2023-09-08,United States,Orleans,1
2023-11-07,United States,San Diego,1
2023-05-04,United States,Santa Barbara,2
2023-05-04,United States,Lee,1
2023-09-08,United States,Mercer,1
2023-07-31,United States,Berrien,1
2023-05-03,United States,Hillsborough,1
2023-11-08,United States,Honolulu,1
2023-07-14,United States,Orange,1
2023-04-30,United States,Pinellas,2
2023-04-30,United States,Allegheny,1
2023-06-06,United States,Miami-Dade,1
2023-10-10,United States,Houston,2
2023-02-19,United States,Harris,1
2023-07-15,United States,Twin Falls,1
2023-02-18,United States,Bexar,1
2023-06-03,United States,New York,1
2023-08-30,United States,King,1
2023-06-02,United States,District of Columbia,2
2023-02-11,United States,Clark,1
2023-02-25,United States,Essex,2
2023-07-12,United States,Monroe,1
2023-10-31,United States,Hudson,2
2023-07-11,United States,Berrien,1
2023-02-13,United States,Pinellas,2
2023-08-31,United States,Camden,1
2023-10-17,United States,San Mateo,1
2023-10-03,United States,Cook,2
2023-08-28,United States,Saginaw,1
2023-09-10,United States,Santa Clara,1
2023-03-06,United States,New York,3
2023-10-16,United States,Webb,1
2023-07-09,United States,Allegheny,1
2023-04-11,United States,San Diego,1
2023-08-25,United States,Lee,3
2023-11-20,United States,Clark,8
2023-07-03,United States,Clark,1
2023-07-03,United States,Twin Falls,1
2023-02-09,United States,Multnomah,1
2023-08-13,United States,Allegheny,3
2023-03-15,United States,Sacramento,2
2023-04-22,United States,Hillsborough,1
2023-08-26,United States,Rutherford,1
2023-07-05,United States,Rutherford,2
2023-04-19,United States,Ogemaw,1
2023-05-26,United States,Yuma,1
2023-05-10,United States,Clark,1
2023-05-10,United States,Polk,1
2023-04-07,United States,New York,1
2023-09-18,United States,New York,2
2023-11-17,United States,Montgomery,1
2023-09-03,United States,Allegheny,3
2023-04-15,United States,Monroe,1
2023-05-21,United States,Cerro Gordo,1
2023-11-01,United States,Logan,1
2023-11-15,United States,Camden,1
2023-06-13,United States,Lawrence,2
2023-11-12,United States,King,1
2023-08-06,United States,Santa Clara,1
2023-08-06,United States,Baldwin,1
2023-05-06,United States,New York,1
2023-09-13,United States,Los Angeles,5
2023-06-11,United States,Miami-Dade,2
2023-06-11,United States,Richland,1
2023-10-30,United States,Broward,1
2023-01-29,United States,Los Angeles,1
2023-02-10,United States,New York,1
2023-01-11,United States,New York,1
2023-07-20,United States,Allegheny,1
2023-07-20,United States,Cuyahoga,1
2023-05-07,United States,Marquette,1
2023-06-21,United States,Lubbock,1
2023-06-10,United States,New York,1
2023-09-07,United States,Burlington,1
2023-10-23,United States,Los Angeles,3
2023-07-27,United States,Essex,1
2023-08-23,United States,Jefferson,1
2023-02-19,United States,Travis,1
2023-06-09,United States,Potter,1
2023-07-01,United States,Sussex,2
2023-02-03,United States,San Diego,1
2023-01-06,United States,Riverside,1
2023-10-20,United States,Clark,3
2023-07-12,United States,Lee,1
2023-03-21,United States,New York,1
2023-07-11,United States,Chelan,1
2023-03-20,United States,Wayne,1
2023-06-18,United States,Snohomish,1
2023-06-18,United States,Lynchburg,1
2023-02-13,United States,Cook,1
2023-04-25,United States,New York,2
2023-08-15,United States,Calcasieu,1
2023-07-08,United States,Los Angeles,1
2023-03-02,United States,Tuscaloosa,1
2023-04-27,United States,Kent,2
2023-04-27,United States,Ontario,1
2023-08-17,United States,Sussex,1
2023-09-23,United States,Waukesha,1
2023-07-09,United States,Miami-Dade,1
2023-02-07,United States,Hillsborough,1
2023-03-28,United States,San Francisco,1
2023-10-28,United States,Osceola,1
2023-10-28,United States,Monongalia,1
2023-08-24,United States,Los Angeles,2
2023-09-30,United States,Harris,1
2023-08-27,United States,Elko,1
2023-10-26,United States,Clark,3
2023-07-05,United States,Allegheny,1
2023-05-11,United States,Howard,1
2023-11-16,United States,Leon,1
2023-06-20,United States,York,1
2023-11-18,United States,San Francisco,1
2023-05-27,United States,New York,2
2023-04-15,United States,Clark,1
2023-04-06,United States,El Dorado,1
2023-04-14,United States,Salt Lake,1
2023-04-28,United States,Clark,2
2023-11-15,United States,Philadelphia,1
2023-08-18,United States,Lee,2
2023-04-13,United States,Gillespie,1
2023-04-13,United States,Travis,1
2023-09-25,United States,New York,3
2023-10-06,United States,Humboldt,1
2023-08-07,United States,Kent,1
2023-09-14,United States,Cheboygan,1
2023-10-05,United States,San Francisco,1
2023-06-13,United States,Bannock,1
2023-01-01,United States,San Diego,1
2023-02-22,United States,Pima,1
2023-09-13,United States,Honolulu,1
2023-04-02,United States,Orange,1
2023-06-26,United States,Miami-Dade,1
2023-06-11,United States,Montgomery,2
2023-05-05,United States,Anchorage,2
2023-05-19,United States,Miami-Dade,1
2023-06-15,United States,Mercer,1
2023-06-23,United States,Miami-Dade,1
2023-05-16,United States,Marquette,2
2023-05-04,United States,Allegheny,1
2023-06-10,United States,Dallas,1
2023-05-17,United States,Clark,1
2023-07-30,United States,Emmet,1
2023-07-14,United States,Travis,1
2023-02-01,United States,Harris,4
2023-02-19,United States,Polk,1
2023-08-22,United States,King,2
2023-07-01,United States,Clark,2
2023-02-27,United States,Essex,1
2023-08-30,United States,Los Angeles,1
2023-07-23,United States,Kent,1
2023-10-20,United States,Cook,1
2023-06-19,United States,New York,1
2023-02-28,United States,Hillsborough,1
2023-06-18,United States,Lubbock,1
2023-07-10,United States,Lee,1
2023-08-15,United States,Berrien,2
2023-04-24,United States,Tarrant,1
2023-09-21,United States,Los Angeles,1
2023-10-04,United States,San Diego,1
2023-11-11,United States,New York,1
2023-11-11,United States,Los Angeles,2
2023-10-27,United States,Polk,1
2023-10-27,United States,Pulaski,1
2023-08-11,United States,Cuyahoga,2
2023-08-25,United States,Allegheny,3
2023-04-20,United States,Oklahoma,1
2023-07-03,United States,San Diego,1
2023-08-24,United States,Allegheny,1
2023-11-21,United States,Fulton,1
2023-10-11,United States,Clark,12
2023-03-29,United States,Washington,1
2023-03-01,United States,New York,1
2023-07-19,United States,District of Columbia,3
2023-01-21,United States,Wayne,1
2023-04-19,United States,McLean,1
2023-04-19,United States,Miami-Dade,1
2023-08-09,United States,Orange,1
2023-05-25,United States,New York,1
2023-05-25,United States,Suffolk,2
2023-11-16,United States,Los Angeles,2
2023-08-08,United States,Cooke,1
2023-11-02,United States,Clark,3
2023-11-16,United States,New York,2
2023-09-04,United States,Saint Louis,1
2023-09-04,United States,Hennepin,1
2023-05-13,United States,Santa Clara,1
2023-05-27,United States,Cuyahoga,1
2023-05-12,United States,Hughes,1
2023-08-05,United States,Orange,1
2023-08-04,United States,Kent,1
2023-08-04,United States,Tulare,1
2023-08-18,United States,Polk,1
2023-11-13,United States,District of Columbia,1
2023-04-16,United States,Coconino,1
2023-06-30,United States,Montgomery,1
2023-09-27,United States,Salt Lake,1
2023-09-27,United States,Burlington,1
2023-03-09,United States,San Mateo,1
2023-02-22,United States,Clark,1
2023-08-06,United States,Pima,1
2023-05-05,United States,Minnehaha,2
2023-10-30,United States,Clark,5
2023-03-31,United States,Hidalgo,1
2023-01-17,United States,Erie,1
2023-05-02,United States,Lassen,1
2023-01-03,United States,Clark,1
2023-01-03,United States,New York,4
2023-01-24,United States,Los Angeles,2
2023-09-09,United States,New York,7
2023-05-16,United States,Dallas,2
2023-01-11,United States,Clark,1
2023-01-28,United States,Tarrant,1
2023-05-18,United States,Bergen,1
2023-02-20,United States,Shelby,1
2023-06-25,United States,Twin Falls,2
2023-05-17,United States,Los Angeles,3
2023-07-31,United States,Santa Barbara,1
2023-09-07,United States,New London,1
2023-07-30,United States,Minnehaha,1
2023-02-02,United States,Tarrant,1
2023-07-15,United States,Dauphin,1
2023-03-24,United States,New York,1
2023-06-03,United States,Harris,1
2023-05-09,United States,San Francisco,1
2023-06-05,United States,Ada,1
2023-07-26,United States,Emmet,1
2023-02-28,United States,Miami-Dade,1
2023-07-11,United States,Twin Falls,1
2023-06-18,United States,Burlington,1
2023-09-22,United States,Cook,1
2023-03-17,United States,Baldwin,1
2023-07-07,United States,Maricopa,1
2023-09-10,United States,Anchorage,1
2023-04-23,United States,Monroe,1
2023-10-29,United States,Leon,3
2023-03-06,United States,Los Angeles,3
2023-08-17,United States,Sacramento,1
2023-10-01,United States,New York,1
2023-08-16,United States,Washington,1
2023-07-09,United States,Litchfield,1
2023-04-20,United States,Allegan,1
2023-04-20,United States,Garfield,1
2023-04-20,United States,San Francisco,1
2023-10-28,United States,Suffolk,1
2023-08-24,United States,York,1
2023-08-13,United States,Lee,4
2023-10-26,United States,San Mateo,1
2023-07-06,United States,Rutherford,1
2023-04-22,United States,Los Angeles,2
2023-04-22,United States,Lee,2
2023-04-22,United States,Wood,1
2023-03-01,United States,Monterey,1
2023-02-08,United States,Clark,5
2023-11-04,United States,New Haven,1
2023-11-19,United States,Greenville,1
2023-04-19,United States,Lee,1
2023-08-09,United States,Tarrant,1
2023-09-15,United States,Polk,1
2023-08-08,United States,Orange,3
2023-11-02,United States,New York,2
2023-09-04,United States,Nassau,4
2023-01-23,United States,Davidson,1
2023-05-13,United States,Isabella,1
2023-09-19,United States,Bergen,1
2023-09-03,United States,Santa Barbara,1
2023-01-31,United States,New York,4
2023-04-29,United States,Sevier,1
2023-09-12,United States,Santa Barbara,2
2023-08-04,United States,Benton,2
2023-04-17,United States,Miami-Dade,1
2023-04-16,United States,Tarrant,1
2023-06-30,United States,Miami-Dade,1
2023-08-06,United States,Santa Barbara,1
2023-05-06,United States,Allegheny,2
2023-05-06,United States,Pulaski,1
2023-09-13,United States,Webb,1
2023-04-01,United States,Elko,1
2023-04-02,United States,New York,2
2023-06-01,United States,Minnehaha,1
2023-05-08,United States,Macomb,1
2023-05-02,United States,New York,3
2023-11-09,United States,New York,1
2023-01-11,United States,Dallas,1
2023-09-05,United States,Knox,1
2023-01-28,United States,Ulster,1
2023-06-22,United States,New York,1
2023-06-24,United States,Middlesex,1
2023-06-10,United States,Jefferson,1
2023-07-30,United States,Houston,1
2023-05-03,United States,Twin Falls,1
2023-08-21,United States,Lee,2
2023-08-21,United States,Wayne,1
2023-02-02,United States,San Diego,1
2023-08-20,United States,Los Angeles,2
2023-10-24,United States,Miami-Dade,1
2023-07-13,United States,Tarrant,2
2023-07-02,United States,Marquette,2
2023-10-21,United States,Clark,4
2023-07-01,United States,Potter,1
2023-07-29,United States,Los Angeles,1
2023-07-29,United States,Bay,2
2023-05-09,United States,Cook,1
2023-06-05,United States,New York,2
2023-10-31,United States,San Mateo,1
2023-02-14,United States,Hidalgo,1
2023-06-18,United States,Dupage,1
2023-08-15,United States,Sevier,1
2023-04-24,United States,Santa Barbara,1
2023-11-10,United States,Los Angeles,1
2023-08-14,United States,Potter,2
2023-08-28,United States,San Diego,1
2023-08-28,United States,Kootenai,1
2023-03-02,United States,Snohomish,1
2023-10-19,United States,New York,1
2023-08-03,United States,Anchorage,1
2023-08-17,United States,Los Angeles,2
2023-08-02,United States,New York,2
2023-04-26,United States,King,1
2023-07-09,United States,Minnehaha,1
2023-07-09,United States,Clark,1
2023-10-27,United States,Wood,1
2023-08-25,United States,Rutherford,1
2023-03-28,United States,San Diego,2
2023-07-18,United States,Clearfield,1
2023-10-14,United States,Los Angeles,3
2023-08-24,United States,Clark,1
2023-08-24,United States,Cameron,1
2023-10-11,United States,District of Columbia,1
2023-10-26,United States,San Francisco,1
2023-07-06,United States,Miami-Dade,1
2023-08-12,United States,Sevier,1
2023-03-14,United States,Los Angeles,3
2023-11-04,United States,Orange,1
2023-09-02,United States,New York,1
2023-04-04,United States,Honolulu,1
2023-04-04,United States,San Luis Obispo,1
2023-04-18,United States,Cook,1
2023-11-05,United States,Los Angeles,2
2023-05-10,United States,Humboldt,1
2023-11-03,United States,Broward,1
2023-11-18,United States,New York,3
2023-05-28,United States,Coconino,3
2023-09-26,United States,New York,3
2023-04-14,United States,Miami-Dade,2
2023-08-05,United States,Cuyahoga,4
2023-05-20,United States,Cuyahoga,1
2023-03-07,United States,New York,1
2023-08-04,United States,Barton,1
2023-09-25,United States,Houston,1
2023-11-12,United States,Worcester,2
2023-06-27,United States,Twin Falls,1
2023-05-05,United States,Yuma,1
2023-06-01,United States,Marion,1
2023-01-29,United States,Clark,3
2023-04-09,United States,Saint Louis,1
2023-06-28,United States,Los Angeles,1
2023-05-07,United States,Isabella,1
2023-05-15,United States,Minnehaha,2
2023-02-24,United States,Maricopa,1
2023-09-05,United States,Cuyahoga,1
2023-01-28,United States,Denver,1
2023-05-04,United States,Dallas,2
2023-06-25,United States,San Mateo,1
2023-09-08,United States,Santa Barbara,1
2023-01-09,United Kingdom,Manchester,1
2023-03-22,United Kingdom,London,3
2023-02-15,United Kingdom,London,3
2023-07-01,United Kingdom,Oxfordshire,1
2023-06-17,United Kingdom,Edinburgh,2
2023-06-19,United Kingdom,London,2
2023-07-10,United Kingdom,West Sussex,1
2023-10-29,United Kingdom,Manchester,1
2023-04-27,United Kingdom,London,1
2023-08-02,United Kingdom,Newcastle upon Tyne,2
2023-07-17,United Kingdom,Surrey,3
2023-04-21,United Kingdom,London,3
2023-11-13,United Kingdom,Edinburgh,2
2023-06-13,United Kingdom,Oxfordshire,1
2023-05-06,United Kingdom,Edinburgh,2
2023-10-30,United Kingdom,London,1
2023-05-16,United Kingdom,London,3
2023-05-04,United Kingdom,Newcastle upon Tyne,1
2023-01-26,United Kingdom,London,1
2023-07-14,United Kingdom,Stoke-on-Trent,1
2023-01-04,United Kingdom,Leeds,1
2023-07-11,United Kingdom,London,4
2023-04-10,United Kingdom,Surrey,2
2023-10-02,United Kingdom,Essex,1
2023-04-22,United Kingdom,Manchester,1
2023-04-22,United Kingdom,Caerphilly,1
2023-03-14,United Kingdom,Sheffield,1
2023-11-16,United Kingdom,Bedfordshire,1
2023-01-23,United Kingdom,Essex,1
2023-05-12,United Kingdom,West Sussex,1
2023-04-29,United Kingdom,Essex,1
2023-05-20,United Kingdom,London,5
2023-05-20,United Kingdom,Surrey,1
2023-04-02,United Kingdom,London,1
2023-06-29,United Kingdom,Suffolk,1
2023-06-15,United Kingdom,Essex,1
2023-01-03,United Kingdom,Edinburgh,1
2023-05-18,United Kingdom,London,1
2023-05-04,United Kingdom,Edinburgh,1
2023-07-14,United Kingdom,Surrey,2
2023-10-23,United Kingdom,Kent,1
2023-07-16,United Kingdom,London,5
2023-07-11,United Kingdom,Manchester,1
2023-07-08,United Kingdom,Luton,1
2023-11-10,United Kingdom,Bath and North East Somerset,1
2023-10-29,United Kingdom,London,3
2023-08-03,United Kingdom,Bath and North East Somerset,1
2023-04-12,United Kingdom,Surrey,1
2023-03-19,United Kingdom,London,1
2023-07-04,United Kingdom,Surrey,1
2023-03-16,United Kingdom,London,2
2023-03-15,United Kingdom,Manchester,1
2023-04-05,United Kingdom,Surrey,2
2023-09-15,United Kingdom,Edinburgh,1
2023-04-07,United Kingdom,Poole,1
2023-11-02,United Kingdom,London,4
2023-09-18,United Kingdom,London,1
2023-09-17,United Kingdom,Edinburgh,1
2023-05-14,United Kingdom,Bradford,1
2023-05-12,United Kingdom,Derbyshire,1
2023-11-01,United Kingdom,Birmingham,1
2023-05-20,United Kingdom,Stoke-on-Trent,1
2023-11-13,United Kingdom,London,2
2023-01-03,United Kingdom,Sefton,1
2023-05-29,United Kingdom,London,6
2023-05-29,United Kingdom,Manchester,1
2023-07-21,United Kingdom,Staffordshire,1
2023-01-12,United Kingdom,London,1
2023-09-08,United Kingdom,Birmingham,1
2023-10-23,United Kingdom,Essex,1
2023-07-23,United Kingdom,Surrey,5
2023-06-02,United Kingdom,London,1
2023-06-05,United Kingdom,Essex,1
2023-05-30,United Kingdom,Hertfordshire,1
2023-07-07,United Kingdom,Edinburgh,3
2023-03-02,United Kingdom,London,5
2023-03-12,United Kingdom,Kent,1
2023-03-16,United Kingdom,West Sussex,1
2023-08-27,United Kingdom,London,2
2023-04-21,United Kingdom,Poole,1
2023-03-14,United Kingdom,London,2
2023-01-20,United Kingdom,Sefton,1
2023-11-14,United Kingdom,London,2
2023-10-09,United Kingdom,Glasgow,1
2023-05-06,United Kingdom,Midlothian,1
2023-05-29,United Kingdom,Trafford,1
2023-11-08,United Kingdom,Manchester,3
2023-07-27,United Kingdom,Essex,1
2023-08-23,United Kingdom,London,6
2023-03-11,United Kingdom,London,3
2023-06-08,United Kingdom,Kent,1
2023-04-12,United Kingdom,Nottingham,1
2023-11-20,United Kingdom,Newcastle upon Tyne,1
2023-10-25,United Kingdom,London,3
2023-10-25,United Kingdom,Cardiff,1
2023-10-12,United Kingdom,London,2
2023-10-07,United Kingdom,Manchester,1
2023-09-28,United Kingdom,Sefton,1
2023-11-13,United Kingdom,Stoke-on-Trent,1
2023-06-13,United Kingdom,London,4
2023-01-18,United Kingdom,Edinburgh,1
2023-01-02,United Kingdom,Bristol,1
2023-06-28,United Kingdom,Manchester,1
2023-04-08,United Kingdom,London,1
2023-11-09,United Kingdom,Brighton and Hove,1
2023-07-21,United Kingdom,London,3
2023-02-19,United Kingdom,Glasgow,1
2023-10-21,United Kingdom,Edinburgh,1
2023-08-22,United Kingdom,Trafford,1
2023-07-26,United Kingdom,Kent,1
2023-09-22,United Kingdom,Glasgow,1
2023-10-18,United Kingdom,Manchester,2
2023-07-03,United Kingdom,Surrey,1
2023-10-12,United Kingdom,Edinburgh,1
2023-04-05,United Kingdom,North Yorkshire,1
2023-04-19,United Kingdom,Sefton,2
2023-05-25,United Kingdom,Surrey,1
2023-05-25,United Kingdom,Poole,1
2023-05-13,United Kingdom,Glasgow,1
2023-11-15,United Kingdom,Stirling,1
2023-04-13,United Kingdom,Surrey,1
2023-09-28,United Kingdom,London,1
2023-05-24,United Kingdom,London,5
2023-05-24,United Kingdom,Surrey,4
2023-08-06,United Kingdom,London,4
2023-02-10,United Kingdom,London,1
2023-06-28,United Kingdom,Oxfordshire,1
2023-06-23,United Kingdom,Birmingham,1
2023-11-07,United Kingdom,Highland,1
2023-05-17,United Kingdom,Surrey,1
2023-07-12,United Kingdom,London,4
2023-02-14,United Kingdom,London,2
2023-02-13,United Kingdom,Essex,1
2023-10-18,United Kingdom,Edinburgh,1
2023-07-18,United Kingdom,West Sussex,1
2023-03-13,United Kingdom,London,1
2023-01-21,United Kingdom,London,2
2023-04-19,United Kingdom,Birmingham,1
2023-04-04,United Kingdom,Kent,1
2023-09-29,United Kingdom,Essex,1
2023-11-18,United Kingdom,Edinburgh,1
2023-08-05,United Kingdom,Newcastle upon Tyne,2
2023-04-17,United Kingdom,Poole,1
2023-06-30,United Kingdom,London,2
2023-01-17,United Kingdom,Sefton,1
2023-01-25,United Kingdom,London,1
2023-09-06,United Kingdom,Belfast,1
2023-05-18,United Kingdom,Durham,1
2023-06-22,United Kingdom,Nottingham,1
2023-07-28,United Kingdom,Edinburgh,1
2023-06-09,United Kingdom,London,2
2023-01-05,United Kingdom,London,3
2023-02-26,United Kingdom,Kent,1
2023-07-11,United Kingdom,Surrey,2
2023-03-20,United Kingdom,London,1
2023-07-08,United Kingdom,Edinburgh,1
2023-10-01,United Kingdom,Edinburgh,1
2023-08-16,United Kingdom,London,8
2023-10-11,United Kingdom,Dundee,1
2023-03-29,United Kingdom,Kent,1
2023-04-21,United Kingdom,Nottingham,1
2023-05-11,United Kingdom,Edinburgh,2
2023-09-01,United Kingdom,Sefton,1
2023-09-04,United Kingdom,Oxfordshire,1
2023-11-18,United Kingdom,London,2
2023-04-03,United Kingdom,London,1
2023-02-22,United Kingdom,Surrey,1
2023-05-05,United Kingdom,Surrey,1
2023-07-20,United Kingdom,Sefton,1
2023-05-07,United Kingdom,Surrey,1
2023-01-25,United Kingdom,Staffordshire,1
2023-07-21,United Kingdom,Edinburgh,1
2023-06-22,United Kingdom,Manchester,1
2023-06-07,United Kingdom,Kent,1
2023-10-24,United Kingdom,Essex,1
2023-03-24,United Kingdom,Devon,1
2023-02-27,United Kingdom,London,1
2023-05-09,United Kingdom,London,2
2023-02-25,United Kingdom,London,2
2023-04-10,United Kingdom,West Sussex,2
2023-04-24,United Kingdom,Knowsley,1
2023-10-29,United Kingdom,Cambridgeshire,1
2023-10-16,United Kingdom,London,3
2023-02-07,United Kingdom,Vale of Glamorgan,1
2023-07-03,United Kingdom,Essex,1
2023-08-26,United Kingdom,Edinburgh,1
2023-07-05,United Kingdom,London,3
2023-05-11,United Kingdom,Essex,1
2023-11-03,United Kingdom,Hertfordshire,1
2023-05-27,United Kingdom,London,3
2023-05-12,United Kingdom,Edinburgh,1
2023-03-09,United Kingdom,Birmingham,2
2023-01-01,United Kingdom,London,1
2023-06-06,United Kingdom,Surrey,1
2023-02-15,United Kingdom,Surrey,2
2023-06-17,United Kingdom,London,1
2023-05-09,United Kingdom,Manchester,1
2023-08-14,United Kingdom,Manchester,2
2023-08-28,United Kingdom,London,2
2023-07-09,United Kingdom,Walsall,1
2023-04-11,United Kingdom,London,2
2023-08-13,United Kingdom,Edinburgh,1
2023-05-28,United Kingdom,Belfast,2
2023-09-17,United Kingdom,Belfast,1
2023-10-09,United Kingdom,London,2
2023-07-20,United Kingdom,London,5
2023-11-09,United Kingdom,Coventry,1
2023-05-17,United Kingdom,London,3
2023-07-14,United Kingdom,Edinburgh,1
2023-02-27,United Kingdom,Luton,1
2023-06-03,United Kingdom,Surrey,1
2023-02-13,United Kingdom,London,3
2023-04-25,United Kingdom,Newcastle upon Tyne,1
2023-09-21,United Kingdom,Manchester,1
2023-09-21,United Kingdom,Gloucestershire,1
2023-03-17,United Kingdom,London,1
2023-09-23,United Kingdom,London,1
2023-07-09,United Kingdom,Manchester,1
2023-07-18,United Kingdom,Edinburgh,1
2023-04-22,United Kingdom,Somerset,1
2023-04-21,United Kingdom,Manchester,1
2023-07-19,United Kingdom,London,5
2023-11-19,United Kingdom,London,2
2023-04-19,United Kingdom,Wakefield,1
2023-11-02,United Kingdom,Edinburgh,1
2023-09-04,United Kingdom,London,5
2023-08-04,United Kingdom,London,2
2023-01-30,United Kingdom,Worcestershire,1
2023-02-22,United Kingdom,London,2
2023-05-16,United Kingdom,Bradford,1
2023-09-05,United Kingdom,York,1
2023-06-06,United Kingdom,Sefton,1
2023-07-16,United Kingdom,Surrey,2
2023-02-18,United Kingdom,London,1
2023-02-03,United Kingdom,London,3
2023-01-04,United Kingdom,London,1
2023-04-24,United Kingdom,London,1
2023-10-02,United Kingdom,Manchester,1
2023-07-09,United Kingdom,West Sussex,1
2023-07-04,United Kingdom,Manchester,1
2023-03-29,United Kingdom,Surrey,1
2023-09-15,United Kingdom,Manchester,1
2023-04-18,United Kingdom,London,2
2023-09-03,United Kingdom,Edinburgh,1
2023-09-26,United Kingdom,London,4
2023-06-30,United Kingdom,Solihull,1
2023-03-31,United Kingdom,London,1
2023-01-17,United Kingdom,Manchester,1
2023-07-20,United Kingdom,Edinburgh,1
2023-01-28,United Kingdom,London,1
2023-10-21,United Kingdom,Surrey,1
2023-07-01,United Kingdom,Surrey,2
2023-01-06,United Kingdom,London,1
2023-03-03,United Kingdom,Sefton,2
2023-03-06,United Kingdom,Staffordshire,1
2023-08-16,United Kingdom,Glasgow,1
2023-03-28,United Kingdom,Surrey,1
2023-02-06,United Kingdom,Telford and Wrekin,2
2023-05-26,United Kingdom,London,4
2023-11-14,United Kingdom,Glasgow,2
2023-10-09,United Kingdom,Knowsley,1
2023-03-30,United Kingdom,West Sussex,1
2023-02-05,United Kingdom,London,4
2023-07-02,United Kingdom,London,4
2023-02-19,United Kingdom,London,1
2023-02-04,United Kingdom,Surrey,1
2023-06-09,United Kingdom,Edinburgh,1
2023-02-27,United Kingdom,Surrey,1
2023-02-11,United Kingdom,Manchester,1
2023-10-20,United Kingdom,London,4
2023-06-04,United Kingdom,London,4
2023-10-03,United Kingdom,Manchester,1
2023-08-15,United Kingdom,Surrey,1
2023-02-07,United Kingdom,Manchester,1
2023-03-13,United Kingdom,Glasgow,1
2023-07-03,United Kingdom,Norfolk,1
2023-03-01,United Kingdom,Edinburgh,3
2023-05-28,United Kingdom,Warwickshire,1
2023-04-28,United Kingdom,Nottingham,1
2023-04-17,United Kingdom,London,2
2023-05-24,United Kingdom,Highland,1
2023-01-30,United Kingdom,London,1
2023-04-03,United Kingdom,Kent,1
2023-05-06,United Kingdom,Sheffield,1
2023-05-06,United Kingdom,London,1
2023-06-22,United Kingdom,London,1
2023-05-03,United Kingdom,London,4
2023-06-10,United Kingdom,Oxfordshire,1
2023-01-26,United Kingdom,Coventry,1
2023-05-09,United Kingdom,Edinburgh,1
2023-06-04,United Kingdom,Glasgow,1
2023-10-03,United Kingdom,London,6
2023-05-31,United Kingdom,Manchester,1
2023-07-07,United Kingdom,York,1
2023-10-19,United Kingdom,London,2
2023-08-03,United Kingdom,York,1
2023-03-05,United Kingdom,Devon,1
2023-03-14,United Kingdom,Surrey,1
2023-11-02,United Kingdom,Wakefield,1
2023-11-16,United Kingdom,Kent,1
2023-05-13,United Kingdom,Surrey,1
2023-04-29,United Kingdom,Manchester,4
2023-06-13,United Kingdom,Monmouthshire,1
2023-04-01,United Kingdom,London,5
2023-05-19,United Kingdom,Devon,1
2023-06-12,United Kingdom,Edinburgh,2
2023-06-26,United Kingdom,Bedfordshire,1
2023-03-23,United Kingdom,Norfolk,1
2023-10-24,United Kingdom,Cambridgeshire,1
2023-10-22,United Kingdom,Essex,1
2023-06-18,United Kingdom,Solihull,1
2023-02-13,United Kingdom,Bath and North East Somerset,1
2023-10-17,United Kingdom,London,6
2023-03-18,United Kingdom,Newcastle upon Tyne,1
2023-07-08,United Kingdom,West Sussex,2
2023-08-03,United Kingdom,London,2
2023-08-02,United Kingdom,Essex,1
2023-04-26,United Kingdom,Surrey,1
2023-03-28,United Kingdom,Cheshire West and Chester,1
2023-03-16,United Kingdom,Birmingham,1
2023-11-03,United Kingdom,Edinburgh,1
2023-01-23,United Kingdom,London,1
2023-11-14,United Kingdom,Wakefield,1
2023-03-07,United Kingdom,London,5
2023-05-23,United Kingdom,Manchester,1
2023-06-27,United Kingdom,Bradford,1
2023-06-27,United Kingdom,London,1
2023-04-09,United Kingdom,Newcastle upon Tyne,1
2023-01-03,United Kingdom,Manchester,1
2023-05-04,United Kingdom,Kent,1
2023-06-24,United Kingdom,Edinburgh,1
2023-02-16,United Kingdom,Swansea,1
2023-07-01,United Kingdom,Milton Keynes,1
2023-08-15,United Kingdom,London,4
2023-11-10,United Kingdom,Warwickshire,2
2023-09-20,United Kingdom,London,1
2023-02-08,United Kingdom,Leeds,1
2023-04-04,United Kingdom,Birmingham,2
2023-09-29,United Kingdom,Edinburgh,1
2023-11-17,United Kingdom,Edinburgh,2
2023-06-20,United Kingdom,Essex,1
2023-09-03,United Kingdom,Manchester,1
2023-04-06,United Kingdom,Hampshire,1
2023-03-08,United Kingdom,West Sussex,1
2023-06-13,United Kingdom,Wigan,1
2023-05-05,United Kingdom,London,2
2023-03-31,United Kingdom,Essex,1
2023-06-26,United Kingdom,London,2
2023-06-23,United Kingdom,Manchester,1
2023-06-08,United Kingdom,Surrey,1
2023-01-08,United Kingdom,Sefton,1
2023-10-15,United Kingdom,London,2
2023-04-26,United Kingdom,Stockport,1
2023-03-13,United Kingdom,Birmingham,1
2023-10-28,United Kingdom,Manchester,1
2023-10-12,United Kingdom,Sefton,1
2023-11-02,United Kingdom,Sefton,1
2023-11-16,United Kingdom,Sefton,1
2023-09-04,United Kingdom,Cardiff,1
2023-06-15,United Kingdom,London,3
2023-09-09,United Kingdom,London,1
2023-05-16,United Kingdom,Surrey,1
2023-02-02,United Kingdom,Durham,1
2023-02-16,United Kingdom,Manchester,4
2023-10-24,United Kingdom,London,5
2023-06-08,United Kingdom,Sheffield,1
2023-07-11,United Kingdom,Essex,1
2023-04-25,United Kingdom,West Sussex,1
2023-10-04,United Kingdom,Manchester,1
2023-11-11,United Kingdom,Warwickshire,1
2023-03-16,United Kingdom,Staffordshire,1
2023-09-30,United Kingdom,London,1
2023-04-04,United Kingdom,Manchester,1
2023-11-17,United Kingdom,Oxfordshire,2
2023-09-11,United Kingdom,Oxfordshire,1
2023-08-18,United Kingdom,London,2
2023-09-28,United Kingdom,Birmingham,1
2023-05-18,United Kingdom,Surrey,1
2023-02-17,United Kingdom,Newcastle upon Tyne,1
2023-04-30,United Kingdom,North Somerset,1
2023-03-26,United Kingdom,Cheshire West and Chester,1
2023-03-26,United Kingdom,Newcastle upon Tyne,1
2023-02-04,United Kingdom,London,4
2023-07-01,United Kingdom,Gloucestershire,1
2023-06-02,United Kingdom,Essex,1
2023-02-13,United Kingdom,Worcestershire,1
2023-03-17,United Kingdom,Kent,2
2023-07-09,United Kingdom,London,5
2023-07-04,United Kingdom,Essex,1
2023-04-22,United Kingdom,West Sussex,1
2023-09-01,United Kingdom,London,2
2023-11-16,United Kingdom,Manchester,2
2023-11-05,United Kingdom,Wigan,1
2023-11-14,United Kingdom,Edinburgh,1
2023-11-01,United Kingdom,London,4
2023-04-14,United Kingdom,London,1
2023-09-28,United Kingdom,Manchester,1
2023-06-27,United Kingdom,West Sussex,1
2023-05-05,United Kingdom,Worcestershire,1
2023-02-23,United Kingdom,Highland,1
2023-01-03,United Kingdom,London,1
2023-07-31,United Kingdom,London,2
2023-02-17,United Kingdom,Cheshire West and Chester,1
2023-10-23,United Kingdom,Sefton,1
2023-07-29,United Kingdom,London,1
2023-06-17,United Kingdom,Glasgow,1
2023-06-19,United Kingdom,Oxfordshire,1
2023-04-10,United Kingdom,London,1
2023-11-10,United Kingdom,Suffolk,1
2023-10-18,United Kingdom,London,4
2023-04-12,United Kingdom,Birmingham,1
2023-10-14,United Kingdom,Edinburgh,1
2023-08-12,United Kingdom,Edinburgh,1
2023-11-04,United Kingdom,London,1
2023-08-09,United Kingdom,London,8
2023-01-23,United Kingdom,Nottingham,1
2023-11-17,United Kingdom,Manchester,1
2023-05-27,United Kingdom,Essex,1
2023-05-21,United Kingdom,Surrey,1
2023-01-31,United Kingdom,Kent,1
2023-04-13,United Kingdom,London,2
2023-10-09,United Kingdom,Sefton,1
2023-06-30,United Kingdom,West Sussex,1
2023-04-01,United Kingdom,Glasgow,1
2023-06-28,United Kingdom,London,6
2023-02-24,United Kingdom,London,1
2023-02-20,United Kingdom,London,1
2023-10-21,United Kingdom,Durham,1
2023-02-12,United Kingdom,Edinburgh,1
2023-10-20,United Kingdom,Glasgow,1
2023-06-18,United Kingdom,London,2
2023-06-18,United Kingdom,Edinburgh,1
2023-09-10,United Kingdom,Surrey,1
2023-10-19,United Kingdom,Slough,1
2023-07-18,United Kingdom,Birmingham,1
2023-07-19,United Kingdom,Stoke-on-Trent,1
2023-09-16,United Kingdom,London,4
2023-09-29,United Kingdom,London,2
2023-04-07,United Kingdom,London,3
2023-04-28,United Kingdom,Trafford,1
2023-05-22,United Kingdom,Surrey,2
2023-06-01,United Kingdom,Manchester,1
2023-04-09,United Kingdom,Kent,1
2023-05-02,United Kingdom,West Sussex,1
2023-07-20,United Kingdom,Stoke-on-Trent,1
2023-06-21,United Kingdom,Surrey,1
2023-09-07,United Kingdom,Glasgow,1
2023-11-08,United Kingdom,Birmingham,1
2023-03-23,United Kingdom,Manchester,1
2023-02-15,United Kingdom,Leicestershire,5
2023-02-15,United Kingdom,Manchester,2
2023-03-10,United Kingdom,Warwickshire,1
2023-10-20,United Kingdom,Somerset,1
2023-11-11,United Kingdom,London,1
2023-04-27,United Kingdom,Surrey,1
2023-08-24,United Kingdom,London,5
2023-09-19,United Kingdom,Belfast,1
2023-11-15,United Kingdom,Birmingham,2
2023-06-27,United Kingdom,Sheffield,1
2023-06-01,United Kingdom,Essex,1
2023-05-08,United Kingdom,Surrey,1
2023-05-15,United Kingdom,London,1
2023-05-04,United Kingdom,Essex,1
2023-06-21,United Kingdom,Wakefield,1
2023-06-10,United Kingdom,London,1
2023-07-31,United Kingdom,Manchester,2
2023-10-23,United Kingdom,Surrey,1
2023-06-07,United Kingdom,London,1
2023-08-20,United Kingdom,London,3
2023-10-10,United Kingdom,London,1
2023-07-16,United Kingdom,Edinburgh,2
2023-01-05,United Kingdom,Windsor and Maidenhead,1
2023-06-16,United Kingdom,London,1
2023-10-01,United Kingdom,Surrey,1
2023-09-20,United Kingdom,Gloucestershire,1
2023-03-01,United Kingdom,Cambridgeshire,1
2023-07-05,United Kingdom,Bath and North East Somerset,1
2023-04-07,United Kingdom,Sefton,1
2023-11-03,United Kingdom,Brighton and Hove,1
2023-04-15,United Kingdom,London,1
2023-04-06,United Kingdom,North Yorkshire,1
2023-04-28,United Kingdom,Surrey,1
2023-03-31,United Kingdom,Surrey,3
2023-06-14,United Kingdom,London,15
2023-06-06,United Kingdom,Manchester,1
2023-07-15,United Kingdom,Nottingham,1
2023-07-01,United Kingdom,West Sussex,1
2023-06-16,United Kingdom,Oxfordshire,1
2023-10-20,United Kingdom,Edinburgh,1
2023-06-05,United Kingdom,Surrey,1
2023-03-18,United Kingdom,London,3
2023-03-28,United Kingdom,London,1
2023-07-17,United Kingdom,Kent,1
2023-08-27,United Kingdom,Manchester,1
2023-03-01,United Kingdom,Sheffield,1
2023-05-11,United Kingdom,Cumbria,1
2023-11-02,United Kingdom,Glasgow,1
2023-01-23,United Kingdom,Edinburgh,1
2023-10-06,United Kingdom,London,2
2023-05-06,United Kingdom,Durham,1
2023-05-19,United Kingdom,London,3
2023-01-02,United Kingdom,Oxfordshire,1
2023-02-21,United Kingdom,Surrey,1
2023-06-26,United Kingdom,Essex,1
2023-11-09,United Kingdom,London,6
2023-05-01,United Kingdom,Surrey,1
2023-08-20,United Kingdom,Birmingham,1
2023-07-27,United Kingdom,London,1
2023-03-11,United Kingdom,Edinburgh,1
2023-07-01,United Kingdom,London,2
2023-02-12,United Kingdom,London,3
2023-02-13,United Kingdom,Manchester,1
2023-08-31,United Kingdom,Manchester,1
2023-05-31,United Kingdom,Bristol,1
2023-11-10,United Kingdom,London,1
2023-05-30,United Kingdom,London,4
2023-10-15,United Kingdom,Edinburgh,1
2023-02-06,United Kingdom,London,2
2023-07-03,United Kingdom,London,4
2023-10-26,United Kingdom,London,3
2023-04-21,United Kingdom,Edinburgh,1
2023-05-11,United Kingdom,Manchester,1
2023-09-17,United Kingdom,Glasgow,1
2023-04-06,United Kingdom,London,2
2023-09-12,United Kingdom,London,2
2023-11-01,United Kingdom,Edinburgh,1
2023-10-05,United Kingdom,Edinburgh,1
2023-05-06,United Kingdom,Manchester,1
2023-09-13,United Kingdom,London,3
2023-06-27,United Kingdom,Leeds,1
2023-06-12,United Kingdom,London,4
2023-05-17,United Kingdom,Hertfordshire,1
2023-03-24,United Kingdom,London,1
2023-05-31,United Kingdom,London,2
2023-08-14,United Kingdom,London,5
2023-07-09,United Kingdom,Surrey,2
2023-07-18,United Kingdom,Essex,1
2023-11-21,United Kingdom,Newcastle upon Tyne,2
2023-03-15,United Kingdom,Bath and North East Somerset,1
2023-03-01,United Kingdom,Manchester,1
2023-04-05,United Kingdom,West Sussex,1
2023-01-21,United Kingdom,Cumbria,1
2023-04-04,United Kingdom,Cheshire West and Chester,1
2023-04-18,United Kingdom,Birmingham,2
2023-11-16,United Kingdom,London,2
2023-08-08,United Kingdom,London,1
2023-11-03,United Kingdom,Manchester,1
2023-05-28,United Kingdom,Edinburgh,2
2023-09-19,United Kingdom,Coventry,1
2023-05-12,United Kingdom,Essex,1
2023-04-15,United Kingdom,Newcastle upon Tyne,1
2023-02-22,United Kingdom,Leeds,1
2023-05-05,United Kingdom,Essex,2
2023-10-30,United Kingdom,Stockport,1
2023-05-08,United Kingdom,Shropshire,1
2023-01-24,United Kingdom,Salford,1
2023-09-06,United Kingdom,Birmingham,1
2023-06-10,United Kingdom,Highland,1
2023-09-07,United Kingdom,Salford,1
2023-02-17,United Kingdom,Walsall,1
2023-02-19,United Kingdom,Surrey,1
2023-06-09,United Kingdom,Essex,1
2023-03-05,United Kingdom,Sefton,1
2023-08-11,United Kingdom,London,6
2023-10-25,United Kingdom,Coventry,1
2023-10-25,United Kingdom,Essex,1
2023-07-06,United Kingdom,London,5
2023-07-19,United Kingdom,Poole,1
2023-07-05,United Kingdom,Sefton,1
2023-04-04,United Kingdom,Surrey,2
2023-05-13,United Kingdom,London,4
2023-09-12,United Kingdom,Leeds,1
2023-03-09,United Kingdom,Manchester,1
2023-04-16,United Kingdom,Manchester,1
2023-10-30,United Kingdom,Newcastle upon Tyne,1
2023-03-31,United Kingdom,Highland,2
2023-03-31,United Kingdom,Birmingham,1
2023-04-09,United Kingdom,London,1
2023-02-24,United Kingdom,Salford,1
2023-06-07,United Kingdom,Oxfordshire,1
2023-08-22,United Kingdom,East Sussex,1
2023-03-24,United Kingdom,Sefton,1
2023-06-17,United Kingdom,Worcestershire,1
2023-02-25,United Kingdom,Surrey,2
2023-07-25,United Kingdom,London,4
2023-08-01,United Kingdom,London,1
2023-08-29,United Kingdom,York,1
2023-07-07,United Kingdom,London,1
2023-10-27,United Kingdom,London,7
2023-11-20,United Kingdom,London,3
2023-10-07,United Kingdom,Birmingham,1
2023-05-20,United Kingdom,Essex,1
2023-11-13,United Kingdom,Brighton and Hove,1
2023-05-23,United Kingdom,Wakefield,1
2023-02-22,United Kingdom,Manchester,2
2023-05-08,United Kingdom,Leicester,1
2023-06-23,United Kingdom,London,2
2023-06-24,United Kingdom,Essex,1
2023-07-14,United Kingdom,Salford,1
2023-04-30,United Kingdom,London,2
2023-02-16,United Kingdom,London,3
2023-03-11,United Kingdom,Monmouthshire,1
2023-07-16,United Kingdom,Cheshire West and Chester,1
2023-06-09,United Kingdom,Sefton,1
2023-06-16,United Kingdom,Highland,1
2023-05-31,United Kingdom,Leeds,1
2023-09-10,United Kingdom,London,1
2023-03-05,United Kingdom,Worcestershire,1
2023-10-13,United Kingdom,London,2
2023-04-19,United Kingdom,London,2
2023-05-28,United Kingdom,Essex,1
2023-04-29,United Kingdom,London,2
2023-08-19,United Kingdom,London,5
2023-06-13,United Kingdom,Essex,1
2023-02-21,United Kingdom,Warwickshire,1
2023-10-30,United Kingdom,Edinburgh,1
2023-06-29,United Kingdom,Sheffield,1
2023-06-26,United Kingdom,Surrey,2
2023-01-27,United Kingdom,Surrey,1
2023-05-17,United Kingdom,Edinburgh,1
2023-02-02,United Kingdom,Manchester,1
2023-07-02,United Kingdom,Surrey,1
2023-06-03,United Kingdom,London,4
2023-02-25,United Kingdom,Essex,1
2023-02-28,United Kingdom,East Sussex,1
2023-04-27,United Kingdom,Manchester,1
2023-08-25,United Kingdom,Cambridgeshire,1
2023-04-20,United Kingdom,London,1
2023-08-10,United Kingdom,London,4
2023-03-12,United Kingdom,Surrey,1
2023-11-21,United Kingdom,Edinburgh,1
2023-08-13,United Kingdom,London,1
2023-09-16,United Kingdom,Bristol,1
2023-01-20,United Kingdom,London,3
2023-11-05,United Kingdom,Surrey,1
2023-11-03,United Kingdom,London,2
2023-10-08,United Kingdom,Edinburgh,1
2023-09-13,United Kingdom,Edinburgh,1
2023-07-22,United Kingdom,London,7
2023-01-14,United Kingdom,York,1
2023-01-12,United Kingdom,Edinburgh,1
2023-02-18,United Kingdom,Stockport,1
2023-07-29,United Kingdom,Highland,3
2023-05-09,United Kingdom,Durham,1
2023-07-12,United Kingdom,Surrey,1
2023-07-26,United Kingdom,London,3
2023-03-06,United Kingdom,Sefton,1
2023-10-15,United Kingdom,Manchester,2
2023-10-28,United Kingdom,Salford,1
2023-08-26,United Kingdom,London,2
2023-09-02,United Kingdom,Birmingham,1
2023-09-17,United Kingdom,London,4
2023-04-28,United Kingdom,London,2
2023-09-25,United Kingdom,London,6
2023-09-14,United Kingdom,London,4
2023-09-14,United Kingdom,Hertfordshire,1
2023-09-28,United Kingdom,Norfolk,1
2023-04-03,United Kingdom,Manchester,1
2023-02-21,United Kingdom,London,1
2023-06-23,United Kingdom,West Sussex,1
2023-11-07,United Kingdom,Brighton and Hove,1
2023-07-30,United Kingdom,Sefton,2
2023-06-06,United Kingdom,London,2
2023-07-15,United Kingdom,Surrey,3
2023-02-18,United Kingdom,Dorset,1
2023-08-31,United Kingdom,Edinburgh,1
2023-04-25,United Kingdom,Surrey,1
2023-10-01,United Kingdom,London,1
2023-11-05,United Kingdom,London,1
2023-04-07,United Kingdom,Manchester,1
2023-04-28,United Kingdom,Manchester,1
2023-05-24,United Kingdom,Kent,1
2023-03-09,United Kingdom,London,2
2023-01-13,United Kingdom,London,1
2023-06-24,United Kingdom,London,5
2023-02-17,United Kingdom,London,3
2023-02-16,United Kingdom,Surrey,1
2023-07-13,United Kingdom,London,4
2023-07-13,United Kingdom,Surrey,1
2023-02-26,United Kingdom,West Sussex,1
2023-10-31,United Kingdom,Edinburgh,2
2023-06-04,United Kingdom,Surrey,1
2023-04-12,United Kingdom,West Sussex,1
2023-10-02,United Kingdom,London,4
2023-07-06,United Kingdom,Surrey,3
2023-07-05,United Kingdom,Surrey,1
2023-04-05,United Kingdom,Nottingham,2
2023-05-11,United Kingdom,London,4
2023-05-12,United Kingdom,North Yorkshire,1
2023-04-15,United Kingdom,Hertfordshire,1
2023-10-09,United Kingdom,West Sussex,1
2023-05-23,United Kingdom,Surrey,1
2023-09-27,United Kingdom,Manchester,1
2023-01-01,United Kingdom,Bristol,1
2023-05-22,United Kingdom,London,6
2023-06-26,United Kingdom,Coventry,1
2023-07-22,United Kingdom,Surrey,1
2023-06-12,United Kingdom,Surrey,1
2023-06-14,United Kingdom,Cambridgeshire,1
2023-09-06,United Kingdom,London,1
2023-01-28,United Kingdom,Durham,1
2023-07-13,United Kingdom,Glasgow,1
2023-03-10,United Kingdom,London,3
2023-06-08,United Kingdom,Essex,1
2023-02-26,United Kingdom,London,4
2023-10-31,United Kingdom,London,3
2023-07-10,United Kingdom,Devon,1
2023-04-26,United Kingdom,Cardiff,1
2023-07-04,United Kingdom,London,3
2023-11-20,United Kingdom,Glasgow,1
2023-03-15,United Kingdom,London,3
2023-03-29,United Kingdom,West Sussex,1
2023-05-26,United Kingdom,Kent,1
2023-05-25,United Kingdom,London,5
2023-05-25,United Kingdom,Essex,1
2023-04-04,United Kingdom,London,3
2023-05-23,United Kingdom,Stoke-on-Trent,1
2023-06-13,United Kingdom,Slough,1
2023-07-20,United Kingdom,Cheshire West and Chester,1
2023-02-20,United Kingdom,Bath and North East Somerset,1
2023-05-04,United Kingdom,Nottingham,2
2023-07-23,United Kingdom,Edinburgh,1
2023-04-25,United Kingdom,London,2
2023-08-01,United Kingdom,Bristol,1
2023-07-09,United Kingdom,Highland,1
2023-03-27,United Kingdom,London,2
2023-07-17,United Kingdom,London,1
2023-09-02,United Kingdom,London,1
2023-05-28,United Kingdom,London,3
2023-05-13,United Kingdom,Edinburgh,1
2023-05-14,United Kingdom,Highland,1
2023-11-15,United Kingdom,Edinburgh,1
2023-06-27,United Kingdom,Essex,1
2023-01-17,United Kingdom,London,2
2023-06-15,United Kingdom,Lancashire,2
2023-03-30,United Kingdom,Oxfordshire,1
2023-05-16,United Kingdom,Manchester,1
2023-05-15,United Kingdom,Sefton,1
2023-08-21,United Kingdom,London,3
2023-08-21,United Kingdom,Trafford,3
2023-07-14,United Kingdom,London,1
2023-10-23,United Kingdom,Edinburgh,2
2023-03-24,United Kingdom,Worcestershire,2
2023-07-23,United Kingdom,London,2
2023-01-19,United Kingdom,London,2
2023-10-20,United Kingdom,West Sussex,1
2023-07-10,United Kingdom,London,4
2023-03-03,United Kingdom,London,7
2023-09-21,United Kingdom,London,1
2023-08-02,United Kingdom,London,2
2023-10-13,United Kingdom,Essex,1
2023-09-03,United Kingdom,Cambridgeshire,1
2023-04-14,United Kingdom,Surrey,1
2023-08-05,United Kingdom,London,2
2023-11-15,United Kingdom,London,5
2023-07-02,United Kingdom,Swansea,1
2023-03-25,United Kingdom,Surrey,1
2023-07-24,United Kingdom,London,4
2023-08-30,United Kingdom,London,1
2023-06-16,United Kingdom,Manchester,1
2023-01-08,United Kingdom,London,1
2023-07-10,United Kingdom,Surrey,1
2023-03-04,United Kingdom,London,3
2023-07-08,United Kingdom,Surrey,1
2023-08-14,United Kingdom,Kent,1
2023-07-03,United Kingdom,Manchester,1
2023-04-06,United Kingdom,Cumbria,1
2023-05-21,United Kingdom,London,7
2023-08-06,United Kingdom,Manchester,1
2023-04-16,United Kingdom,Birmingham,1
2023-06-27,United Kingdom,Edinburgh,1
2023-06-11,United Kingdom,Edinburgh,2
2023-06-12,United Kingdom,Wolverhampton,1
2023-02-21,United Kingdom,North Down and Ards,1
2023-05-07,United Kingdom,London,3
2023-01-02,United Kingdom,Cardiff,1
2023-09-05,United Kingdom,London,3
2023-05-01,United Kingdom,Newcastle upon Tyne,1
2023-06-24,United Kingdom,Oxfordshire,2
2023-11-08,United Kingdom,London,6
2023-02-16,United Kingdom,Sefton,1
2023-08-23,United Kingdom,Cambridgeshire,1
2023-03-25,United Kingdom,Leicester,1
2023-02-25,United Kingdom,Sheffield,1
2023-08-10,United Kingdom,Essex,1
2023-10-28,United Kingdom,London,2
2023-08-13,United Kingdom,Highland,1
2023-11-04,United Kingdom,Essex,1
2023-09-16,United Kingdom,Swansea,1
2023-05-24,United Kingdom,Knowsley,2
2023-04-16,United Kingdom,London,2
2023-05-23,United Kingdom,Worcestershire,1
2023-01-30,United Kingdom,Falkirk,1
2023-06-29,United Kingdom,Surrey,2
2023-07-21,United Kingdom,Surrey,2
2023-05-04,United Kingdom,Surrey,1
2023-06-08,United Kingdom,London,2
2023-05-09,United Kingdom,York,1
2023-06-05,United Kingdom,London,5
2023-03-03,United Kingdom,Highland,1
2023-03-17,United Kingdom,Southampton,1
2023-08-28,United Kingdom,Manchester,1
2023-08-11,United Kingdom,Essex,1
2023-03-28,United Kingdom,Essex,1
2023-10-11,United Kingdom,Manchester,1
2023-10-26,United Kingdom,Edinburgh,1
2023-03-01,United Kingdom,London,3
2023-07-19,United Kingdom,Edinburgh,1
2023-11-03,United Kingdom,Glasgow,1
2023-11-17,United Kingdom,Essex,1
2023-11-17,United Kingdom,London,1
2023-04-15,United Kingdom,Durham,1
2023-10-07,United Kingdom,Warwickshire,1
2023-09-26,United Kingdom,Birmingham,1
2023-11-15,United Kingdom,Coventry,1
2023-09-28,United Kingdom,Brighton and Hove,1
2023-05-01,United Kingdom,London,3
2023-11-07,United Kingdom,Warwickshire,1
2023-05-04,United Kingdom,West Sussex,1
2023-11-06,United Kingdom,London,3
2023-06-24,United Kingdom,Surrey,1
2023-05-17,United Kingdom,Essex,1
2023-07-14,United Kingdom,Newcastle upon Tyne,1
2023-07-15,United Kingdom,London,3
2023-07-26,United Kingdom,Edinburgh,1
2023-04-25,United Kingdom,Suffolk,2
2023-08-17,United Kingdom,Glasgow,1
2023-04-12,United Kingdom,London,6
2023-02-09,United Kingdom,London,3
2023-08-12,United Kingdom,London,3
2023-04-22,United Kingdom,Newcastle upon Tyne,1
2023-02-08,United Kingdom,Surrey,2
2023-02-08,United Kingdom,Sheffield,1
2023-11-04,United Kingdom,Edinburgh,1
2023-11-05,United Kingdom,Oxfordshire,1
2023-09-04,United Kingdom,Brighton and Hove,1
2023-05-12,United Kingdom,London,1
2023-05-23,United Kingdom,Kent,1
2023-06-11,United Kingdom,London,4
2023-07-20,United Kingdom,Surrey,2
2023-09-06,United Kingdom,York,1
2023-11-07,United Kingdom,London,3
2023-03-23,United Kingdom,London,2
2023-07-16,United Kingdom,Manchester,1
2023-07-24,United Kingdom,Coventry,1
2023-02-28,United Kingdom,Manchester,1
2023-03-04,United Kingdom,Somerset,1
2023-07-08,United Kingdom,Essex,1
2023-03-17,United Kingdom,Surrey,1
2023-03-02,United Kingdom,Birmingham,2
2023-11-20,United Kingdom,Manchester,2
2023-07-17,United Kingdom,Stoke-on-Trent,1
2023-04-19,United Kingdom,Surrey,1
2023-04-04,United Kingdom,Essex,1
2023-05-10,United Kingdom,London,2
2023-01-23,United Kingdom,Walsall,1
2023-09-28,United Kingdom,Glasgow,1
2023-11-12,United Kingdom,York,1
2023-05-06,United Kingdom,West Sussex,1
2023-06-29,United Kingdom,Milton Keynes,1
2023-01-17,United Kingdom,Fife,6
2023-05-02,United Kingdom,London,3
2023-09-09,United Kingdom,Newcastle upon Tyne,1
2023-06-10,United Kingdom,Surrey,1
2023-06-25,United Kingdom,London,4
2023-01-04,United Arab Emirates,Jumeira,1
2023-06-19,United Arab Emirates,Hadaeq Mohammed Bin Rashid,1
2023-10-29,United Arab Emirates,Jumeira,1
2023-04-26,United Arab Emirates,Zaabeel,1
2023-03-12,United Arab Emirates,Zaabeel,1
2023-11-21,United Arab Emirates,Jabal Ali,1
2023-05-26,United Arab Emirates,Deira,3
2023-09-04,United Arab Emirates,Zaabeel,1
2023-01-15,United Arab Emirates,Bur Dubai,1
2023-01-10,United Arab Emirates,Abu Dhabi City,1
2023-06-16,United Arab Emirates,Jumeira,1
2023-02-11,United Arab Emirates,Jumeira,1
2023-02-08,United Arab Emirates,Jumeira,1
2023-11-03,United Arab Emirates,Zaabeel,3
2023-09-28,United Arab Emirates,Sharjah City,1
2023-09-07,United Arab Emirates,Jumeira,2
2023-11-08,United Arab Emirates,Ras Al Khor,2
2023-03-23,United Arab Emirates,Zaabeel,1
2023-10-24,United Arab Emirates,Zaabeel,1
2023-03-20,United Arab Emirates,Hadaeq Mohammed Bin Rashid,1
2023-07-25,United Arab Emirates,Abu Dhabi City,1
2023-08-16,United Arab Emirates,Deira,1
2023-04-18,United Arab Emirates,Jumeira,1
2023-09-18,United Arab Emirates,Hadaeq Mohammed Bin Rashid,1
2023-01-02,United Arab Emirates,Deira,1
2023-05-07,United Arab Emirates,Hadaeq Mohammed Bin Rashid,1
2023-01-27,United Arab Emirates,Abu Dhabi City,1
2023-02-15,United Arab Emirates,Sharjah City,1
2023-08-03,United Arab Emirates,Deira,1
2023-03-13,United Arab Emirates,Zaabeel,2
2023-08-12,United Arab Emirates,Abu Dhabi City,1
2023-05-11,United Arab Emirates,N/A,1
2023-04-29,United Arab Emirates,Deira,1
2023-01-31,United Arab Emirates,Jumeira,1
2023-01-30,United Arab Emirates,Deira,2
2023-09-09,United Arab Emirates,Jumeira,1
2023-02-20,United Arab Emirates,Deira,2
2023-03-11,United Arab Emirates,Deira,2
2023-08-30,United Arab Emirates,Deira,1
2023-10-02,United Arab Emirates,Deira,1
2023-11-20,United Arab Emirates,Deira,2
2023-10-26,United Arab Emirates,Hadaeq Mohammed Bin Rashid,2
2023-04-17,United Arab Emirates,Hadaeq Mohammed Bin Rashid,1
2023-05-07,United Arab Emirates,Bur Dubai,1
2023-11-06,United Arab Emirates,Jumeira,3
2023-01-27,United Arab Emirates,Bur Dubai,1
2023-10-03,United Arab Emirates,Sharjah City,1
2023-11-10,United Arab Emirates,Ras Al Khor,1
2023-10-29,United Arab Emirates,Deira,1
2023-10-27,United Arab Emirates,Jumeira,1
2023-03-28,United Arab Emirates,Bur Dubai,1
2023-08-04,United Arab Emirates,Jabal Ali,1
2023-05-15,United Arab Emirates,Abu Dhabi City,1
2023-11-07,United Arab Emirates,Ras Al Khor,1
2023-01-09,United Arab Emirates,Abu Dhabi City,1
2023-02-01,United Arab Emirates,Zaabeel,1
2023-08-30,United Arab Emirates,Jumeira,2
2023-06-02,United Arab Emirates,Abu Dhabi City,1
2023-02-28,United Arab Emirates,Jumeira,1
2023-08-12,United Arab Emirates,Hadaeq Mohammed Bin Rashid,1
2023-09-02,United Arab Emirates,Zaabeel,1
2023-01-20,United Arab Emirates,Deira,1
2023-09-03,United Arab Emirates,Deira,2
2023-04-08,United Arab Emirates,Hadaeq Mohammed Bin Rashid,1
2023-05-18,United Arab Emirates,Deira,1
2023-01-27,United Arab Emirates,Hadaeq Mohammed Bin Rashid,1
2023-01-19,United Arab Emirates,Deira,2
2023-08-29,United Arab Emirates,Jumeira,2
2023-08-14,United Arab Emirates,Jumeira,1
2023-03-29,United Arab Emirates,Hadaeq Mohammed Bin Rashid,1
2023-09-01,United Arab Emirates,Yas Island,2
2023-09-17,United Arab Emirates,N/A,1
2023-04-17,United Arab Emirates,Ras Al Khor,2
2023-06-27,United Arab Emirates,Deira,1
2023-05-29,United Arab Emirates,Hadaeq Mohammed Bin Rashid,1
2023-01-11,United Arab Emirates,Deira,2
2023-11-07,United Arab Emirates,Deira,1
2023-01-12,United Arab Emirates,Yas Island,2
2023-02-02,United Arab Emirates,Zaabeel,1
2023-02-16,United Arab Emirates,Hadaeq Mohammed Bin Rashid,1
2023-03-19,United Arab Emirates,Bur Dubai,1
2023-09-30,United Arab Emirates,Hadaeq Mohammed Bin Rashid,1
2023-09-25,United Arab Emirates,Ras Al Khor,1
2023-04-17,United Arab Emirates,N/A,2
2023-10-30,United Arab Emirates,Jumeira,1
2023-06-28,United Arab Emirates,Deira,1
2023-11-09,United Arab Emirates,Zaabeel,4
2023-01-19,United Arab Emirates,Zaabeel,1
2023-10-01,United Arab Emirates,Deira,1
2023-02-06,United Arab Emirates,Zaabeel,1
2023-10-11,United Arab Emirates,Sharjah City,1
2023-11-05,United Arab Emirates,Sharjah City,1
2023-06-20,United Arab Emirates,Hadaeq Mohammed Bin Rashid,1
2023-01-31,United Arab Emirates,N/A,2
2023-09-12,United Arab Emirates,Deira,1
2023-10-06,United Arab Emirates,Sharjah City,1
2023-08-07,United Arab Emirates,Hadaeq Mohammed Bin Rashid,1
2023-06-26,United Arab Emirates,Deira,1
2023-07-20,United Arab Emirates,Zaabeel,1
2023-09-22,United Arab Emirates,N/A,6
2023-09-22,United Arab Emirates,Jumeira,1
2023-05-31,United Arab Emirates,Hadaeq Mohammed Bin Rashid,5
2023-10-01,United Arab Emirates,Jumeira,1
2023-08-11,United Arab Emirates,Bur Dubai,1
2023-03-28,United Arab Emirates,Hadaeq Mohammed Bin Rashid,1
2023-08-13,United Arab Emirates,Hadaeq Mohammed Bin Rashid,1
2023-09-01,United Arab Emirates,N/A,1
2023-04-07,United Arab Emirates,Zaabeel,1
2023-05-14,United Arab Emirates,Zaabeel,1
2023-04-17,United Arab Emirates,Deira,1
2023-09-27,United Arab Emirates,Deira,1
2023-07-22,United Arab Emirates,Hadaeq Mohammed Bin Rashid,2
2023-06-28,United Arab Emirates,Jumeira,1
2023-07-14,United Arab Emirates,Jumeira,1
2023-03-25,United Arab Emirates,Hadaeq Mohammed Bin Rashid,1
2023-02-27,United Arab Emirates,Jumeira,1
2023-08-24,United Arab Emirates,Deira,1
2023-03-01,United Arab Emirates,Deira,1
2023-09-01,United Arab Emirates,Zaabeel,1
2023-04-18,United Arab Emirates,Hadaeq Mohammed Bin Rashid,1
2023-05-27,United Arab Emirates,Deira,1
2023-11-01,United Arab Emirates,Bur Dubai,1
2023-04-01,United Arab Emirates,Zaabeel,1
2023-02-10,United Arab Emirates,Bur Dubai,3
2023-07-21,United Arab Emirates,Deira,1
2023-01-06,United Arab Emirates,N/A,1
2023-01-19,United Arab Emirates,Sharjah City,1
2023-10-02,United Arab Emirates,Hadaeq Mohammed Bin Rashid,2
2023-02-07,United Arab Emirates,N/A,1
2023-03-28,United Arab Emirates,Zaabeel,1
2023-08-13,United Arab Emirates,Jabal Ali,1
2023-06-12,United Arab Emirates,Sharjah City,1
2023-11-09,United Arab Emirates,Hadaeq Mohammed Bin Rashid,1
2023-05-01,United Arab Emirates,Abu Dhabi City,1
2023-05-17,United Arab Emirates,Zaabeel,1
2023-07-13,United Arab Emirates,N/A,1
2023-06-16,United Arab Emirates,N/A,1
2023-03-21,United Arab Emirates,Hadaeq Mohammed Bin Rashid,3
2023-11-11,United Arab Emirates,Ras Al Khor,1
2023-08-16,United Arab Emirates,Bur Dubai,1
2023-07-19,United Arab Emirates,Deira,1
2023-09-16,United Arab Emirates,Jabal Ali,1
2023-11-17,United Arab Emirates,Jumeira,1
2023-10-06,United Arab Emirates,Deira,1
2023-11-01,United Arab Emirates,Jabal Ali,1
2023-11-12,United Arab Emirates,Ras Al Khor,2
2023-02-10,United Arab Emirates,Hadaeq Mohammed Bin Rashid,1
2023-08-22,United Arab Emirates,Abu Dhabi City,1
2023-07-15,United Arab Emirates,Jumeira,1
2023-05-30,United Arab Emirates,Deira,1
2023-10-29,United Arab Emirates,Hadaeq Mohammed Bin Rashid,1
2023-09-24,United Arab Emirates,Abu Dhabi City,3
2023-10-13,United Arab Emirates,Deira,1
2023-04-20,United Arab Emirates,Deira,1
2023-10-11,United Arab Emirates,Deira,1
2023-08-12,United Arab Emirates,Deira,1
2023-04-04,United Arab Emirates,Ras Al Khor,1
2023-11-02,United Arab Emirates,Abu Dhabi City,1
2023-06-13,United Arab Emirates,Abu Dhabi City,2
2023-04-01,United Arab Emirates,Abu Dhabi City,1
2023-05-15,United Arab Emirates,Ras Al Khor,1
2023-01-25,United Arab Emirates,N/A,1
2023-10-10,United Arab Emirates,Jumeira,1
2023-02-27,United Arab Emirates,Zaabeel,3
2023-11-10,United Arab Emirates,Abu Dhabi City,1
2023-10-19,United Arab Emirates,Bur Dubai,1
2023-03-27,United Arab Emirates,Hadaeq Mohammed Bin Rashid,1
2023-10-14,United Arab Emirates,Jumeira,2
2023-10-26,United Arab Emirates,Jumeira,1
2023-07-06,United Arab Emirates,Deira,1
2023-03-01,United Arab Emirates,Hadaeq Mohammed Bin Rashid,4
2023-05-25,United Arab Emirates,Deira,1
2023-09-15,United Arab Emirates,N/A,1
2023-09-18,United Arab Emirates,Jumeira,1
2023-09-19,United Arab Emirates,Deira,1
2023-05-23,United Arab Emirates,Jumeira,1
2023-03-11,United Arab Emirates,N/A,1
2023-03-02,United Arab Emirates,Deira,1
2023-08-04,United Arab Emirates,Zaabeel,1
2023-06-13,United Arab Emirates,Deira,1
2023-10-30,United Arab Emirates,N/A,1
2023-02-02,United Arab Emirates,Abu Dhabi City,2
2023-06-02,United Arab Emirates,Hadaeq Mohammed Bin Rashid,1
2023-09-21,United Arab Emirates,Deira,4
2023-10-04,United Arab Emirates,Jabal Ali,1
2023-07-07,United Arab Emirates,Abu Dhabi City,1
2023-08-28,United Arab Emirates,Bur Dubai,2
2023-03-02,United Arab Emirates,N/A,1
2023-09-20,United Arab Emirates,N/A,1
2023-11-17,United Arab Emirates,Zaabeel,1
2023-09-13,United Arab Emirates,Deira,1
2023-01-18,United Arab Emirates,Abu Dhabi City,1
2023-10-24,United Arab Emirates,Deira,1
2023-10-17,United Arab Emirates,Zaabeel,1
2023-10-03,United Arab Emirates,Hadaeq Mohammed Bin Rashid,2
2023-03-04,United Arab Emirates,Zaabeel,1
2023-10-18,United Arab Emirates,Jumeira,1
2023-04-05,United Arab Emirates,Hadaeq Mohammed Bin Rashid,1
2023-01-20,United Arab Emirates,N/A,1
2023-05-10,United Arab Emirates,N/A,1
2023-01-01,United Arab Emirates,Deira,1
2023-09-13,United Arab Emirates,Hadaeq Mohammed Bin Rashid,1
2023-03-22,United Arab Emirates,N/A,1
2023-09-10,United Arab Emirates,Deira,1
2023-11-16,United Arab Emirates,Hadaeq Mohammed Bin Rashid,1
2023-10-08,United Arab Emirates,Zaabeel,1
2023-11-13,United Arab Emirates,Jumeira,2
2023-01-15,United Arab Emirates,Deira,1
2023-05-02,United Arab Emirates,Deira,2
2023-07-02,United Arab Emirates,Jumeira,1
2023-02-26,United Arab Emirates,Deira,1
2023-05-30,United Arab Emirates,Al Wajeha Al Bahriah,1
2023-08-17,United Arab Emirates,Abu Dhabi City,1
2023-02-07,United Arab Emirates,Jumeira,1
2023-11-05,United Arab Emirates,Deira,1
2023-11-03,United Arab Emirates,Deira,4
2023-09-11,United Arab Emirates,Deira,1
2023-04-28,United Arab Emirates,Jabal Ali,2
2023-09-28,United Arab Emirates,Deira,2
2023-02-20,United Arab Emirates,N/A,1
2023-05-04,United Arab Emirates,Deira,1
2023-03-20,United Arab Emirates,Sharjah City,1
2023-06-18,United Arab Emirates,Zaabeel,1
2023-04-24,United Arab Emirates,N/A,1
2023-04-27,United Arab Emirates,Zaabeel,1
2023-10-02,United Arab Emirates,Jumeira,1
2023-08-12,United Arab Emirates,N/A,1
2023-08-09,United Arab Emirates,Deira,3
2023-09-19,United Arab Emirates,Jumeira,1
2023-04-28,United Arab Emirates,Jumeira,1
2023-05-24,United Arab Emirates,Deira,1
2023-09-13,United Arab Emirates,N/A,2
2023-05-02,United Arab Emirates,Jumeira,1
2023-11-09,United Arab Emirates,Ras Al Khor,1
2023-01-10,United Arab Emirates,Deira,2
2023-10-24,United Arab Emirates,Abu Dhabi City,1
2023-02-12,United Arab Emirates,Zaabeel,1
2023-10-20,United Arab Emirates,Bur Dubai,1
2023-08-01,United Arab Emirates,Jumeira,2
2023-03-18,United Arab Emirates,Hadaeq Mohammed Bin Rashid,1
2023-08-29,United Arab Emirates,Ras Al Khor,1
2023-03-12,United Arab Emirates,Jumeira,2
2023-08-26,United Arab Emirates,Deira,1
2023-11-14,United Arab Emirates,Jumeira,2
2023-04-28,United Arab Emirates,N/A,1
2023-04-09,United Arab Emirates,Deira,1
2023-05-17,United Arab Emirates,Abu Dhabi City,1
2023-07-13,United Arab Emirates,Zaabeel,1
2023-03-26,United Arab Emirates,Zaabeel,1
2023-02-12,United Arab Emirates,Bur Dubai,1
2023-08-01,United Arab Emirates,N/A,1
2023-11-10,United Arab Emirates,Hadaeq Mohammed Bin Rashid,1
2023-03-13,United Arab Emirates,Bur Dubai,1
2023-10-28,United Arab Emirates,Yas Island,1
2023-09-01,United Arab Emirates,Abu Dhabi City,2
2023-11-02,United Arab Emirates,Bur Dubai,1
2023-01-22,United Arab Emirates,Jabal Ali,1
2023-09-03,United Arab Emirates,Jumeira,1
2023-10-06,United Arab Emirates,Yas Island,2
2023-10-05,United Arab Emirates,Jumeira,1
2023-09-13,United Arab Emirates,Jabal Ali,1
2023-03-31,United Arab Emirates,Hadaeq Mohammed Bin Rashid,1
2023-01-24,United Arab Emirates,Bur Dubai,1
2023-11-07,United Arab Emirates,Jabal Ali,1
2023-03-03,United Arab Emirates,Jumeira,2
2023-04-10,United Arab Emirates,Hadaeq Mohammed Bin Rashid,1
2023-04-20,United Arab Emirates,Abu Dhabi City,1
2023-03-29,United Arab Emirates,Bur Dubai,1
2023-01-23,United Arab Emirates,Jabal Ali,1
2023-11-15,United Arab Emirates,Deira,2
2023-10-09,United Arab Emirates,Sharjah City,1
2023-08-06,United Arab Emirates,Hadaeq Mohammed Bin Rashid,1
2023-06-27,United Arab Emirates,Jumeira,1
2023-03-30,United Arab Emirates,Hadaeq Mohammed Bin Rashid,1
2023-09-09,United Arab Emirates,Deira,1
2023-05-16,United Arab Emirates,Zaabeel,1
2023-01-26,United Arab Emirates,Abu Dhabi City,1
2023-06-09,United Arab Emirates,Jumeira,1
2023-09-22,United Arab Emirates,Zaabeel,1
2023-09-21,United Arab Emirates,Jumeira,1
2023-03-17,United Arab Emirates,Jumeira,1
2023-07-18,United Arab Emirates,Hadaeq Mohammed Bin Rashid,1
2023-10-26,United Arab Emirates,Deira,1
2023-11-05,United Arab Emirates,Al Wajeha Al Bahriah,1
2023-03-08,United Arab Emirates,Zaabeel,3
2023-08-06,United Arab Emirates,Deira,1
2023-01-03,United Arab Emirates,Zaabeel,2
2023-06-06,United Arab Emirates,Hadaeq Mohammed Bin Rashid,1
2023-01-05,United Arab Emirates,Hadaeq Mohammed Bin Rashid,1
2023-06-05,United Arab Emirates,Jumeira,1
2023-10-03,United Arab Emirates,Deira,3
2023-10-18,United Arab Emirates,N/A,1
2023-08-25,United Arab Emirates,Deira,1
2023-02-06,United Arab Emirates,N/A,1
2023-08-27,United Arab Emirates,Jumeira,1
2023-04-15,United Arab Emirates,Hadaeq Mohammed Bin Rashid,2
2023-11-15,United Arab Emirates,Hadaeq Mohammed Bin Rashid,1
2023-05-19,United Arab Emirates,Deira,1
2023-06-06,United Arab Emirates,Deira,1
2023-10-22,United Arab Emirates,Zaabeel,1
2023-02-13,United Arab Emirates,Zaabeel,1
2023-09-22,United Arab Emirates,Abu Dhabi City,8
2023-07-06,United Arab Emirates,N/A,1
2023-09-14,United Arab Emirates,Zaabeel,1
2023-06-14,United Arab Emirates,Abu Dhabi City,2
2023-11-09,United Arab Emirates,N/A,2
2023-01-04,United Arab Emirates,Deira,1
2023-03-20,United Arab Emirates,Zaabeel,3
2023-03-03,United Arab Emirates,Deira,1
2023-11-22,United Arab Emirates,Deira,1
2023-02-06,United Arab Emirates,Yas Island,1
2023-03-16,United Arab Emirates,Deira,1
2023-02-09,United Arab Emirates,Bur Dubai,1
2023-11-05,United Arab Emirates,Jumeira,1
2023-05-21,United Arab Emirates,Deira,1
2023-11-15,United Arab Emirates,Bur Dubai,1
2023-01-01,United Arab Emirates,N/A,1
2023-09-06,United Arab Emirates,Deira,1
2023-10-21,United Arab Emirates,Jabal Ali,1
2023-06-09,United Arab Emirates,N/A,1
2023-03-24,United Arab Emirates,Bur Dubai,1
2023-04-20,United Arab Emirates,Zaabeel,1
2023-08-10,United Arab Emirates,Abu Dhabi City,2
2023-04-21,United Arab Emirates,Jumeira,2
2023-05-11,United Arab Emirates,Jumeira,1
2023-11-15,United Arab Emirates,Ras Al Khor,1
2023-09-25,United Arab Emirates,Abu Dhabi City,2
2023-05-24,United Arab Emirates,Ras Al Khor,1
2023-04-09,United Arab Emirates,Madinat Al Maktoum,1
2023-09-08,United Arab Emirates,Deira,1
2023-11-08,United Arab Emirates,Zaabeel,1
2023-11-08,United Arab Emirates,Hadaeq Mohammed Bin Rashid,1
2023-07-05,United Arab Emirates,Hadaeq Mohammed Bin Rashid,1
2023-08-09,United Arab Emirates,Bur Dubai,2
2023-11-18,United Arab Emirates,Zaabeel,1
2023-08-18,United Arab Emirates,Abu Dhabi City,1
2023-09-25,United Arab Emirates,N/A,1
2023-08-07,United Arab Emirates,Jumeira,1
2023-03-09,United Arab Emirates,Bur Dubai,1
2023-10-30,United Arab Emirates,Deira,2
2023-01-15,United Arab Emirates,N/A,2
2023-05-15,United Arab Emirates,Jumeira,1
2023-06-21,United Arab Emirates,Yas Island,1
2023-05-03,United Arab Emirates,N/A,2
2023-02-16,United Arab Emirates,Zaabeel,1
2023-10-24,United Arab Emirates,Jumeira,3
2023-10-21,United Arab Emirates,Deira,1
2023-08-22,United Arab Emirates,N/A,1
2023-06-08,United Arab Emirates,Zaabeel,4
2023-05-09,United Arab Emirates,Ras Al Khor,1
2023-03-28,United Arab Emirates,Jumeira,1
2023-09-20,United Arab Emirates,Deira,1
2023-04-19,United Arab Emirates,Deira,1
2023-11-03,United Arab Emirates,Jumeira,1
2023-10-09,United Arab Emirates,Deira,1
2023-10-09,United Arab Emirates,Zaabeel,1
2023-05-23,United Arab Emirates,Deira,1
2023-06-27,United Arab Emirates,Zaabeel,1
2023-01-03,United Arab Emirates,N/A,1
2023-07-02,United Arab Emirates,Hadaeq Mohammed Bin Rashid,1
2023-03-24,United Arab Emirates,Deira,1
2023-06-17,United Arab Emirates,Jumeira,1
2023-08-31,United Arab Emirates,Jabal Ali,2
2023-09-24,United Arab Emirates,Madinat Al Maktoum,1
2023-11-21,United Arab Emirates,Deira,1
2023-09-30,United Arab Emirates,Deira,1
2023-01-21,United Arab Emirates,Jabal Ali,1
2023-08-09,United Arab Emirates,Hadaeq Mohammed Bin Rashid,1
2023-04-18,United Arab Emirates,Deira,1
2023-11-03,United Arab Emirates,Hadaeq Mohammed Bin Rashid,1
2023-08-05,United Arab Emirates,Deira,1
2023-05-24,United Arab Emirates,N/A,1
2023-04-09,United Arab Emirates,Zaabeel,1
2023-05-03,United Arab Emirates,Ras Al Khor,2
2023-02-03,United Arab Emirates,Bur Dubai,1
2023-02-14,United Arab Emirates,Dubai Land,1
2023-02-07,United Arab Emirates,Deira,1
2023-10-28,United Arab Emirates,Zaabeel,2
2023-10-09,United Arab Emirates,Yas Island,1
2023-11-13,United Arab Emirates,Deira,1
2023-11-12,United Arab Emirates,Hadaeq Mohammed Bin Rashid,1
2023-04-09,United Arab Emirates,Ras Al Khor,1
2023-02-24,United Arab Emirates,Bur Dubai,2
2023-03-22,United Arab Emirates,Deira,1
2023-07-12,United Arab Emirates,Jumeira,1
2023-07-26,United Arab Emirates,Zaabeel,1
2023-08-09,United Arab Emirates,Jumeira,2
2023-04-04,United Arab Emirates,Zaabeel,1
2023-09-29,United Arab Emirates,Hadaeq Mohammed Bin Rashid,2
2023-11-05,United Arab Emirates,Hadaeq Mohammed Bin Rashid,1
2023-10-07,United Arab Emirates,Deira,1
2023-04-16,United Arab Emirates,Zaabeel,1
2023-01-29,United Arab Emirates,Deira,1
2023-06-12,United Arab Emirates,Hadaeq Mohammed Bin Rashid,1
2023-02-15,United Arab Emirates,Abu Dhabi City,1
2023-07-23,United Arab Emirates,Zaabeel,1
2023-07-09,United Arab Emirates,Hadaeq Mohammed Bin Rashid,2
2023-04-11,United Arab Emirates,Zaabeel,1
2023-07-17,United Arab Emirates,Deira,1
2023-09-16,United Arab Emirates,Deira,1
2023-09-16,United Arab Emirates,N/A,1
2023-05-14,United Arab Emirates,Jumeira,1
2023-03-31,United Arab Emirates,Zaabeel,2
2023-01-14,United Arab Emirates,Abu Dhabi City,2
2023-01-11,United Arab Emirates,Bur Dubai,1
2023-05-17,United Arab Emirates,Ras Al Khor,1
2023-02-18,United Arab Emirates,Deira,2
2023-01-06,United Arab Emirates,Jumeira,1
2023-02-11,United Arab Emirates,Bur Dubai,1
2023-10-31,United Arab Emirates,Deira,3
2023-02-13,United Arab Emirates,Jumeira,1
2023-03-04,United Arab Emirates,Abu Dhabi City,1
2023-05-31,United Arab Emirates,Deira,1
2023-09-30,United Arab Emirates,Sharjah City,1
2023-05-25,United Arab Emirates,Jumeira,1
2023-11-16,United Arab Emirates,Bur Dubai,2
2023-09-19,United Arab Emirates,Zaabeel,1
2023-05-01,United Arab Emirates,Deira,2
2023-02-04,United Arab Emirates,Jumeira,1
2023-03-10,United Arab Emirates,Zaabeel,1
2023-10-17,United Arab Emirates,Deira,1
2023-04-24,United Arab Emirates,Deira,2
2023-02-08,United Arab Emirates,Deira,1
2023-10-12,United Arab Emirates,Jabal Ali,1
2023-05-10,United Arab Emirates,Deira,1
2023-02-10,United Arab Emirates,Zaabeel,1
2023-10-23,United Arab Emirates,Hadaeq Mohammed Bin Rashid,2
2023-07-13,United Arab Emirates,Hadaeq Mohammed Bin Rashid,1
2023-09-22,United Arab Emirates,Jabal Ali,1
2023-09-22,United Arab Emirates,Sharjah City,1
2023-10-18,United Arab Emirates,Hadaeq Mohammed Bin Rashid,1
2023-08-17,United Arab Emirates,Madinat Al Maktoum,1
2023-03-05,United Arab Emirates,Deira,1
2023-04-26,United Arab Emirates,N/A,1
2023-05-13,United Arab Emirates,Zaabeel,1
2023-10-08,United Arab Emirates,Jabal Ali,1
2023-11-12,United Arab Emirates,Bur Dubai,1
2023-05-07,United Arab Emirates,N/A,1
2023-02-23,United Arab Emirates,Abu Dhabi City,1
2023-04-30,United Arab Emirates,Bur Dubai,1
2023-04-30,United Arab Emirates,Deira,1
2023-07-16,United Arab Emirates,Jumeira,1
2023-10-31,United Arab Emirates,Jabal Ali,1
2023-03-03,United Arab Emirates,Zaabeel,2
2023-04-11,United Arab Emirates,Hadaeq Mohammed Bin Rashid,1
2023-09-01,United Arab Emirates,Deira,2
2023-05-20,United Arab Emirates,Deira,3
2023-09-12,United Arab Emirates,N/A,1
2023-01-28,United Arab Emirates,Jabal Ali,1
2023-03-11,United Arab Emirates,Jumeira,1
2023-04-27,United Arab Emirates,Deira,1
2023-04-18,United Arab Emirates,Abu Dhabi City,2
2023-09-26,United Arab Emirates,Deira,1
2023-10-06,United Arab Emirates,Abu Dhabi City,1
2023-04-02,United Arab Emirates,Abu Dhabi City,1
2023-01-17,United Arab Emirates,Deira,2
2023-11-09,United Arab Emirates,Jumeira,1
2023-05-03,United Arab Emirates,Deira,1
2023-02-01,United Arab Emirates,Bur Dubai,1
2023-10-25,United Arab Emirates,Deira,3
2023-02-09,United Arab Emirates,Hadaeq Mohammed Bin Rashid,1
2023-07-06,United Arab Emirates,Hadaeq Mohammed Bin Rashid,1
2023-09-15,United Arab Emirates,Abu Dhabi City,1
2023-09-15,United Arab Emirates,Deira,1
2023-09-15,United Arab Emirates,Jabal Ali,1
2023-09-17,United Arab Emirates,Deira,2
2023-10-08,United Arab Emirates,Deira,1
2023-06-26,United Arab Emirates,Jumeira,1
2023-01-24,United Arab Emirates,Jumeira,2
